0	740950.0
1	740950.0
2	740950.0
3	740950.0
4	740950.0
5	481379.0
6	481379.0
7	481379.0
8	481379.0
9	481379.0
10	880798.0
11	880798.0
12	880798.0
13	880798.0
14	880798.0
15	629255.0
16	629255.0
17	629255.0
18	629255.0
19	629255.0
20	502647.0
21	502647.0
22	502647.0
23	502647.0
24	502647.0
25	695207.0
26	695207.0
27	695207.0
28	695207.0
29	695207.0
30	382942.0
31	382942.0
32	382942.0
33	382942.0
34	382942.0
35	210612.0
36	210612.0
37	210612.0
38	210612.0
39	210612.0
40	106140.0
41	106140.0
42	106140.0
43	106140.0
44	106140.0
45	235258.0
46	235258.0
47	235258.0
48	235258.0
49	235258.0
50	480670.0
51	480670.0
52	480670.0
53	480670.0
54	480670.0
55	197541.0
56	197541.0
57	197541.0
58	197541.0
59	197541.0
60	685245.0
61	685245.0
62	685245.0
63	685245.0
64	685245.0
65	376653.0
66	376653.0
67	376653.0
68	376653.0
69	376653.0
70	936343.0
71	936343.0
72	936343.0
73	936343.0
74	936343.0
75	583021.0
76	583021.0
77	583021.0
78	583021.0
79	583021.0
80	142363.0
81	142363.0
82	142363.0
83	142363.0
84	142363.0
85	782586.0
86	782586.0
87	782586.0
88	782586.0
89	782586.0
90	333286.0
91	333286.0
92	333286.0
93	333286.0
94	333286.0
95	219677.0
96	219677.0
97	219677.0
98	219677.0
99	219677.0
100	801781.0
101	801781.0
102	801781.0
103	801781.0
104	801781.0
105	768772.0
106	768772.0
107	768772.0
108	768772.0
109	768772.0
110	685526.0
111	685526.0
112	685526.0
113	685526.0
114	685526.0
115	342384.0
116	342384.0
117	342384.0
118	342384.0
119	342384.0
120	412842.0
121	412842.0
122	412842.0
123	412842.0
124	412842.0
125	228796.0
126	228796.0
127	228796.0
128	228796.0
129	228796.0
130	720874.0
131	720874.0
132	720874.0
133	720874.0
134	720874.0
135	77863.0
136	77863.0
137	77863.0
138	77863.0
139	77863.0
140	42765.0
141	42765.0
142	42765.0
143	42765.0
144	42765.0
145	300885.0
146	300885.0
147	300885.0
148	300885.0
149	300885.0
150	673885.0
151	673885.0
152	673885.0
153	673885.0
154	673885.0
155	868229.0
156	868229.0
157	868229.0
158	868229.0
159	868229.0
160	704165.0
161	704165.0
162	704165.0
163	704165.0
164	704165.0
165	887258.0
166	887258.0
167	887258.0
168	887258.0
169	887258.0
170	567978.0
171	567978.0
172	567978.0
173	567978.0
174	567978.0
175	551369.0
176	551369.0
177	551369.0
178	551369.0
179	551369.0
180	102490.0
181	102490.0
182	102490.0
183	102490.0
184	102490.0
185	424731.0
186	424731.0
187	424731.0
188	424731.0
189	424731.0
190	8912.0
191	8912.0
192	8912.0
193	8912.0
194	8912.0
195	319059.0
196	319059.0
197	319059.0
198	319059.0
199	319059.0
200	336181.0
201	336181.0
202	336181.0
203	336181.0
204	336181.0
205	354422.0
206	354422.0
207	354422.0
208	354422.0
209	354422.0
210	834084.0
211	834084.0
212	834084.0
213	834084.0
214	834084.0
215	921793.0
216	921793.0
217	921793.0
218	921793.0
219	921793.0
220	572565.0
221	572565.0
222	572565.0
223	572565.0
224	572565.0
225	815739.0
226	815739.0
227	815739.0
228	815739.0
229	815739.0
230	622905.0
231	622905.0
232	622905.0
233	622905.0
234	622905.0
235	885711.0
236	885711.0
237	885711.0
238	885711.0
239	885711.0
240	481896.0
241	481896.0
242	481896.0
243	481896.0
244	481896.0
245	296649.0
246	296649.0
247	296649.0
248	296649.0
249	296649.0
