0	494760.0
1	494760.0
2	494760.0
3	494760.0
4	494760.0
5	692783.0
6	692783.0
7	692783.0
8	692783.0
9	692783.0
10	419558.0
11	419558.0
12	419558.0
13	419558.0
14	419558.0
15	837189.0
16	837189.0
17	837189.0
18	837189.0
19	837189.0
20	507224.0
21	507224.0
22	507224.0
23	507224.0
24	507224.0
25	584111.0
26	584111.0
27	584111.0
28	584111.0
29	584111.0
30	216280.0
31	216280.0
32	216280.0
33	216280.0
34	216280.0
35	244206.0
36	244206.0
37	244206.0
38	244206.0
39	244206.0
40	616211.0
41	616211.0
42	616211.0
43	616211.0
44	616211.0
45	540481.0
46	540481.0
47	540481.0
48	540481.0
49	540481.0
50	256930.0
51	256930.0
52	256930.0
53	256930.0
54	256930.0
55	320626.0
56	320626.0
57	320626.0
58	320626.0
59	320626.0
60	152274.0
61	152274.0
62	152274.0
63	152274.0
64	152274.0
65	486680.0
66	486680.0
67	486680.0
68	486680.0
69	486680.0
70	702780.0
71	702780.0
72	702780.0
73	702780.0
74	702780.0
75	56426.0
76	56426.0
77	56426.0
78	56426.0
79	56426.0
80	10900.0
81	10900.0
82	10900.0
83	10900.0
84	10900.0
85	612839.0
86	612839.0
87	612839.0
88	612839.0
89	612839.0
90	341629.0
91	341629.0
92	341629.0
93	341629.0
94	341629.0
95	641503.0
96	641503.0
97	641503.0
98	641503.0
99	641503.0
100	456063.0
101	456063.0
102	456063.0
103	456063.0
104	456063.0
105	313288.0
106	313288.0
107	313288.0
108	313288.0
109	313288.0
110	161933.0
111	161933.0
112	161933.0
113	161933.0
114	161933.0
115	683630.0
116	683630.0
117	683630.0
118	683630.0
119	683630.0
120	169691.0
121	169691.0
122	169691.0
123	169691.0
124	169691.0
125	72935.0
126	72935.0
127	72935.0
128	72935.0
129	72935.0
130	98175.0
131	98175.0
132	98175.0
133	98175.0
134	98175.0
135	851703.0
136	851703.0
137	851703.0
138	851703.0
139	851703.0
140	255410.0
141	255410.0
142	255410.0
143	255410.0
144	255410.0
145	356235.0
146	356235.0
147	356235.0
148	356235.0
149	356235.0
150	266069.0
151	266069.0
152	266069.0
153	266069.0
154	266069.0
155	755038.0
156	755038.0
157	755038.0
158	755038.0
159	755038.0
160	49414.0
161	49414.0
162	49414.0
163	49414.0
164	49414.0
165	673355.0
166	673355.0
167	673355.0
168	673355.0
169	673355.0
170	621009.0
171	621009.0
172	621009.0
173	621009.0
174	621009.0
175	52160.0
176	52160.0
177	52160.0
178	52160.0
179	52160.0
180	599780.0
181	599780.0
182	599780.0
183	599780.0
184	599780.0
185	678608.0
186	678608.0
187	678608.0
188	678608.0
189	678608.0
190	317347.0
191	317347.0
192	317347.0
193	317347.0
194	317347.0
195	737827.0
196	737827.0
197	737827.0
198	737827.0
199	737827.0
200	504902.0
201	504902.0
202	504902.0
203	504902.0
204	504902.0
205	572566.0
206	572566.0
207	572566.0
208	572566.0
209	572566.0
210	852595.0
211	852595.0
212	852595.0
213	852595.0
214	852595.0
215	16467.0
216	16467.0
217	16467.0
218	16467.0
219	16467.0
220	550766.0
221	550766.0
222	550766.0
223	550766.0
224	550766.0
225	442426.0
226	442426.0
227	442426.0
228	442426.0
229	442426.0
230	769640.0
231	769640.0
232	769640.0
233	769640.0
234	769640.0
235	821908.0
236	821908.0
237	821908.0
238	821908.0
239	821908.0
240	259213.0
241	259213.0
242	259213.0
243	259213.0
244	259213.0
245	210536.0
246	210536.0
247	210536.0
248	210536.0
249	210536.0
