0	188681.0
1	188681.0
2	188681.0
3	188681.0
4	188681.0
5	581454.0
6	581454.0
7	581454.0
8	581454.0
9	581454.0
10	510639.0
11	510639.0
12	510639.0
13	510639.0
14	510639.0
15	413566.0
16	413566.0
17	413566.0
18	413566.0
19	413566.0
20	50115.0
21	50115.0
22	50115.0
23	50115.0
24	50115.0
25	289613.0
26	289613.0
27	289613.0
28	289613.0
29	289613.0
30	817091.0
31	817091.0
32	817091.0
33	817091.0
34	817091.0
35	485967.0
36	485967.0
37	485967.0
38	485967.0
39	485967.0
40	576044.0
41	576044.0
42	576044.0
43	576044.0
44	576044.0
45	62041.0
46	62041.0
47	62041.0
48	62041.0
49	62041.0
50	817609.0
51	817609.0
52	817609.0
53	817609.0
54	817609.0
55	469546.0
56	469546.0
57	469546.0
58	469546.0
59	469546.0
60	145737.0
61	145737.0
62	145737.0
63	145737.0
64	145737.0
65	398957.0
66	398957.0
67	398957.0
68	398957.0
69	398957.0
70	494369.0
71	494369.0
72	494369.0
73	494369.0
74	494369.0
75	330379.0
76	330379.0
77	330379.0
78	330379.0
79	330379.0
80	747451.0
81	747451.0
82	747451.0
83	747451.0
84	747451.0
85	189317.0
86	189317.0
87	189317.0
88	189317.0
89	189317.0
90	22894.0
91	22894.0
92	22894.0
93	22894.0
94	22894.0
95	160164.0
96	160164.0
97	160164.0
98	160164.0
99	160164.0
100	915619.0
101	915619.0
102	915619.0
103	915619.0
104	915619.0
105	276234.0
106	276234.0
107	276234.0
108	276234.0
109	276234.0
110	437441.0
111	437441.0
112	437441.0
113	437441.0
114	437441.0
115	609529.0
116	609529.0
117	609529.0
118	609529.0
119	609529.0
120	901055.0
121	901055.0
122	901055.0
123	901055.0
124	901055.0
125	673389.0
126	673389.0
127	673389.0
128	673389.0
129	673389.0
130	164466.0
131	164466.0
132	164466.0
133	164466.0
134	164466.0
135	517779.0
136	517779.0
137	517779.0
138	517779.0
139	517779.0
140	161313.0
141	161313.0
142	161313.0
143	161313.0
144	161313.0
145	100982.0
146	100982.0
147	100982.0
148	100982.0
149	100982.0
150	724710.0
151	724710.0
152	724710.0
153	724710.0
154	724710.0
155	359195.0
156	359195.0
157	359195.0
158	359195.0
159	359195.0
160	415226.0
161	415226.0
162	415226.0
163	415226.0
164	415226.0
165	742746.0
166	742746.0
167	742746.0
168	742746.0
169	742746.0
170	80569.0
171	80569.0
172	80569.0
173	80569.0
174	80569.0
175	755030.0
176	755030.0
177	755030.0
178	755030.0
179	755030.0
180	304596.0
181	304596.0
182	304596.0
183	304596.0
184	304596.0
185	967855.0
186	967855.0
187	967855.0
188	967855.0
189	967855.0
190	709970.0
191	709970.0
192	709970.0
193	709970.0
194	709970.0
195	85123.0
196	85123.0
197	85123.0
198	85123.0
199	85123.0
200	805864.0
201	805864.0
202	805864.0
203	805864.0
204	805864.0
205	765419.0
206	765419.0
207	765419.0
208	765419.0
209	765419.0
210	703613.0
211	703613.0
212	703613.0
213	703613.0
214	703613.0
215	886621.0
216	886621.0
217	886621.0
218	886621.0
219	886621.0
220	785172.0
221	785172.0
222	785172.0
223	785172.0
224	785172.0
225	873627.0
226	873627.0
227	873627.0
228	873627.0
229	873627.0
230	315019.0
231	315019.0
232	315019.0
233	315019.0
234	315019.0
235	217910.0
236	217910.0
237	217910.0
238	217910.0
239	217910.0
240	300286.0
241	300286.0
242	300286.0
243	300286.0
244	300286.0
245	233085.0
246	233085.0
247	233085.0
248	233085.0
249	233085.0
