0	612209.0
1	612209.0
2	612209.0
3	612209.0
4	612209.0
5	138886.0
6	138886.0
7	138886.0
8	138886.0
9	138886.0
10	513424.0
11	513424.0
12	513424.0
13	513424.0
14	513424.0
15	220558.0
16	220558.0
17	220558.0
18	220558.0
19	220558.0
20	776647.0
21	776647.0
22	776647.0
23	776647.0
24	776647.0
25	381011.0
26	381011.0
27	381011.0
28	381011.0
29	381011.0
30	438882.0
31	438882.0
32	438882.0
33	438882.0
34	438882.0
35	756152.0
36	756152.0
37	756152.0
38	756152.0
39	756152.0
40	782613.0
41	782613.0
42	782613.0
43	782613.0
44	782613.0
45	809300.0
46	809300.0
47	809300.0
48	809300.0
49	809300.0
50	888322.0
51	888322.0
52	888322.0
53	888322.0
54	888322.0
55	652126.0
56	652126.0
57	652126.0
58	652126.0
59	652126.0
60	843951.0
61	843951.0
62	843951.0
63	843951.0
64	843951.0
65	809430.0
66	809430.0
67	809430.0
68	809430.0
69	809430.0
70	528917.0
71	528917.0
72	528917.0
73	528917.0
74	528917.0
75	614179.0
76	614179.0
77	614179.0
78	614179.0
79	614179.0
80	450968.0
81	450968.0
82	450968.0
83	450968.0
84	450968.0
85	760778.0
86	760778.0
87	760778.0
88	760778.0
89	760778.0
90	411887.0
91	411887.0
92	411887.0
93	411887.0
94	411887.0
95	524543.0
96	524543.0
97	524543.0
98	524543.0
99	524543.0
100	454175.0
101	454175.0
102	454175.0
103	454175.0
104	454175.0
105	221572.0
106	221572.0
107	221572.0
108	221572.0
109	221572.0
110	777051.0
111	777051.0
112	777051.0
113	777051.0
114	777051.0
115	499766.0
116	499766.0
117	499766.0
118	499766.0
119	499766.0
120	735441.0
121	735441.0
122	735441.0
123	735441.0
124	735441.0
125	556047.0
126	556047.0
127	556047.0
128	556047.0
129	556047.0
130	835389.0
131	835389.0
132	835389.0
133	835389.0
134	835389.0
135	228073.0
136	228073.0
137	228073.0
138	228073.0
139	228073.0
140	779239.0
141	779239.0
142	779239.0
143	779239.0
144	779239.0
145	709343.0
146	709343.0
147	709343.0
148	709343.0
149	709343.0
150	786014.0
151	786014.0
152	786014.0
153	786014.0
154	786014.0
155	316479.0
156	316479.0
157	316479.0
158	316479.0
159	316479.0
160	691373.0
161	691373.0
162	691373.0
163	691373.0
164	691373.0
165	301.0
166	301.0
167	301.0
168	301.0
169	301.0
170	105079.0
171	105079.0
172	105079.0
173	105079.0
174	105079.0
175	497607.0
176	497607.0
177	497607.0
178	497607.0
179	497607.0
180	628196.0
181	628196.0
182	628196.0
183	628196.0
184	628196.0
185	292973.0
186	292973.0
187	292973.0
188	292973.0
189	292973.0
190	817467.0
191	817467.0
192	817467.0
193	817467.0
194	817467.0
195	230139.0
196	230139.0
197	230139.0
198	230139.0
199	230139.0
200	511645.0
201	511645.0
202	511645.0
203	511645.0
204	511645.0
205	540893.0
206	540893.0
207	540893.0
208	540893.0
209	540893.0
210	703233.0
211	703233.0
212	703233.0
213	703233.0
214	703233.0
215	760718.0
216	760718.0
217	760718.0
218	760718.0
219	760718.0
220	142590.0
221	142590.0
222	142590.0
223	142590.0
224	142590.0
225	333816.0
226	333816.0
227	333816.0
228	333816.0
229	333816.0
230	764211.0
231	764211.0
232	764211.0
233	764211.0
234	764211.0
235	647407.0
236	647407.0
237	647407.0
238	647407.0
239	647407.0
240	864860.0
241	864860.0
242	864860.0
243	864860.0
244	864860.0
245	8922.0
246	8922.0
247	8922.0
248	8922.0
249	8922.0
