0	124099.0
1	124099.0
2	124099.0
3	124099.0
4	124099.0
5	930698.0
6	930698.0
7	930698.0
8	930698.0
9	930698.0
10	859353.0
11	859353.0
12	859353.0
13	859353.0
14	859353.0
15	858243.0
16	858243.0
17	858243.0
18	858243.0
19	858243.0
20	788324.0
21	788324.0
22	788324.0
23	788324.0
24	788324.0
25	899316.0
26	899316.0
27	899316.0
28	899316.0
29	899316.0
30	358121.0
31	358121.0
32	358121.0
33	358121.0
34	358121.0
35	266208.0
36	266208.0
37	266208.0
38	266208.0
39	266208.0
40	389095.0
41	389095.0
42	389095.0
43	389095.0
44	389095.0
45	428539.0
46	428539.0
47	428539.0
48	428539.0
49	428539.0
50	976646.0
51	976646.0
52	976646.0
53	976646.0
54	976646.0
55	977472.0
56	977472.0
57	977472.0
58	977472.0
59	977472.0
60	282424.0
61	282424.0
62	282424.0
63	282424.0
64	282424.0
65	44607.0
66	44607.0
67	44607.0
68	44607.0
69	44607.0
70	842515.0
71	842515.0
72	842515.0
73	842515.0
74	842515.0
75	580727.0
76	580727.0
77	580727.0
78	580727.0
79	580727.0
80	375354.0
81	375354.0
82	375354.0
83	375354.0
84	375354.0
85	67453.0
86	67453.0
87	67453.0
88	67453.0
89	67453.0
90	768847.0
91	768847.0
92	768847.0
93	768847.0
94	768847.0
95	399947.0
96	399947.0
97	399947.0
98	399947.0
99	399947.0
100	643221.0
101	643221.0
102	643221.0
103	643221.0
104	643221.0
105	273175.0
106	273175.0
107	273175.0
108	273175.0
109	273175.0
110	686022.0
111	686022.0
112	686022.0
113	686022.0
114	686022.0
115	321146.0
116	321146.0
117	321146.0
118	321146.0
119	321146.0
120	865711.0
121	865711.0
122	865711.0
123	865711.0
124	865711.0
125	167938.0
126	167938.0
127	167938.0
128	167938.0
129	167938.0
130	37651.0
131	37651.0
132	37651.0
133	37651.0
134	37651.0
135	658787.0
136	658787.0
137	658787.0
138	658787.0
139	658787.0
140	420394.0
141	420394.0
142	420394.0
143	420394.0
144	420394.0
145	756574.0
146	756574.0
147	756574.0
148	756574.0
149	756574.0
150	939942.0
151	939942.0
152	939942.0
153	939942.0
154	939942.0
155	703900.0
156	703900.0
157	703900.0
158	703900.0
159	703900.0
160	897513.0
161	897513.0
162	897513.0
163	897513.0
164	897513.0
165	798702.0
166	798702.0
167	798702.0
168	798702.0
169	798702.0
170	774258.0
171	774258.0
172	774258.0
173	774258.0
174	774258.0
175	630898.0
176	630898.0
177	630898.0
178	630898.0
179	630898.0
180	376718.0
181	376718.0
182	376718.0
183	376718.0
184	376718.0
185	312679.0
186	312679.0
187	312679.0
188	312679.0
189	312679.0
190	369364.0
191	369364.0
192	369364.0
193	369364.0
194	369364.0
195	954729.0
196	954729.0
197	954729.0
198	954729.0
199	954729.0
200	785008.0
201	785008.0
202	785008.0
203	785008.0
204	785008.0
205	949954.0
206	949954.0
207	949954.0
208	949954.0
209	949954.0
210	749599.0
211	749599.0
212	749599.0
213	749599.0
214	749599.0
215	66204.0
216	66204.0
217	66204.0
218	66204.0
219	66204.0
220	977024.0
221	977024.0
222	977024.0
223	977024.0
224	977024.0
225	481253.0
226	481253.0
227	481253.0
228	481253.0
229	481253.0
230	271105.0
231	271105.0
232	271105.0
233	271105.0
234	271105.0
235	819787.0
236	819787.0
237	819787.0
238	819787.0
239	819787.0
240	692639.0
241	692639.0
242	692639.0
243	692639.0
244	692639.0
245	349342.0
246	349342.0
247	349342.0
248	349342.0
249	349342.0
