0	73559.0
1	73559.0
2	73559.0
3	73559.0
4	73559.0
5	37273.0
6	37273.0
7	37273.0
8	37273.0
9	37273.0
10	8249.0
11	8249.0
12	8249.0
13	8249.0
14	8249.0
15	79452.0
16	79452.0
17	79452.0
18	79452.0
19	79452.0
20	12250.0
21	12250.0
22	12250.0
23	12250.0
24	12250.0
25	76166.0
26	76166.0
27	76166.0
28	76166.0
29	76166.0
30	3069.0
31	3069.0
32	3069.0
33	3069.0
34	3069.0
35	86880.0
36	86880.0
37	86880.0
38	86880.0
39	86880.0
40	50503.0
41	50503.0
42	50503.0
43	50503.0
44	50503.0
45	83478.0
46	83478.0
47	83478.0
48	83478.0
49	83478.0
50	38188.0
51	38188.0
52	38188.0
53	38188.0
54	38188.0
55	68615.0
56	68615.0
57	68615.0
58	68615.0
59	68615.0
60	33323.0
61	33323.0
62	33323.0
63	33323.0
64	33323.0
65	3115.0
66	3115.0
67	3115.0
68	3115.0
69	3115.0
70	31381.0
71	31381.0
72	31381.0
73	31381.0
74	31381.0
75	11011.0
76	11011.0
77	11011.0
78	11011.0
79	11011.0
80	86357.0
81	86357.0
82	86357.0
83	86357.0
84	86357.0
85	86333.0
86	86333.0
87	86333.0
88	86333.0
89	86333.0
90	89281.0
91	89281.0
92	89281.0
93	89281.0
94	89281.0
95	92759.0
96	92759.0
97	92759.0
98	92759.0
99	92759.0
100	98719.0
101	98719.0
102	98719.0
103	98719.0
104	98719.0
105	49561.0
106	49561.0
107	49561.0
108	49561.0
109	49561.0
110	82992.0
111	82992.0
112	82992.0
113	82992.0
114	82992.0
115	36398.0
116	36398.0
117	36398.0
118	36398.0
119	36398.0
120	68609.0
121	68609.0
122	68609.0
123	68609.0
124	68609.0
125	63964.0
126	63964.0
127	63964.0
128	63964.0
129	63964.0
130	43301.0
131	43301.0
132	43301.0
133	43301.0
134	43301.0
135	71044.0
136	71044.0
137	71044.0
138	71044.0
139	71044.0
140	83705.0
141	83705.0
142	83705.0
143	83705.0
144	83705.0
145	90002.0
146	90002.0
147	90002.0
148	90002.0
149	90002.0
150	6839.0
151	6839.0
152	6839.0
153	6839.0
154	6839.0
155	97494.0
156	97494.0
157	97494.0
158	97494.0
159	97494.0
160	3095.0
161	3095.0
162	3095.0
163	3095.0
164	3095.0
165	2951.0
166	2951.0
167	2951.0
168	2951.0
169	2951.0
170	73614.0
171	73614.0
172	73614.0
173	73614.0
174	73614.0
175	11251.0
176	11251.0
177	11251.0
178	11251.0
179	11251.0
180	24648.0
181	24648.0
182	24648.0
183	24648.0
184	24648.0
185	91619.0
186	91619.0
187	91619.0
188	91619.0
189	91619.0
190	39417.0
191	39417.0
192	39417.0
193	39417.0
194	39417.0
195	22877.0
196	22877.0
197	22877.0
198	22877.0
199	22877.0
200	9888.0
201	9888.0
202	9888.0
203	9888.0
204	9888.0
205	76818.0
206	76818.0
207	76818.0
208	76818.0
209	76818.0
210	86437.0
211	86437.0
212	86437.0
213	86437.0
214	86437.0
215	1214.0
216	1214.0
217	1214.0
218	1214.0
219	1214.0
220	44594.0
221	44594.0
222	44594.0
223	44594.0
224	44594.0
225	94806.0
226	94806.0
227	94806.0
228	94806.0
229	94806.0
230	17343.0
231	17343.0
232	17343.0
233	17343.0
234	17343.0
235	49925.0
236	49925.0
237	49925.0
238	49925.0
239	49925.0
240	43088.0
241	43088.0
242	43088.0
243	43088.0
244	43088.0
245	39869.0
246	39869.0
247	39869.0
248	39869.0
249	39869.0
