0	19837.0
1	19837.0
2	19837.0
3	19837.0
4	19837.0
5	43907.0
6	43907.0
7	43907.0
8	43907.0
9	43907.0
10	9760.0
11	9760.0
12	9760.0
13	9760.0
14	9760.0
15	32505.0
16	32505.0
17	32505.0
18	32505.0
19	32505.0
20	90973.0
21	90973.0
22	90973.0
23	90973.0
24	90973.0
25	13948.0
26	13948.0
27	13948.0
28	13948.0
29	13948.0
30	57891.0
31	57891.0
32	57891.0
33	57891.0
34	57891.0
35	35566.0
36	35566.0
37	35566.0
38	35566.0
39	35566.0
40	12649.0
41	12649.0
42	12649.0
43	12649.0
44	12649.0
45	66674.0
46	66674.0
47	66674.0
48	66674.0
49	66674.0
50	39683.0
51	39683.0
52	39683.0
53	39683.0
54	39683.0
55	43896.0
56	43896.0
57	43896.0
58	43896.0
59	43896.0
60	45892.0
61	45892.0
62	45892.0
63	45892.0
64	45892.0
65	55911.0
66	55911.0
67	55911.0
68	55911.0
69	55911.0
70	30051.0
71	30051.0
72	30051.0
73	30051.0
74	30051.0
75	95187.0
76	95187.0
77	95187.0
78	95187.0
79	95187.0
80	17884.0
81	17884.0
82	17884.0
83	17884.0
84	17884.0
85	49779.0
86	49779.0
87	49779.0
88	49779.0
89	49779.0
90	63965.0
91	63965.0
92	63965.0
93	63965.0
94	63965.0
95	98683.0
96	98683.0
97	98683.0
98	98683.0
99	98683.0
100	82008.0
101	82008.0
102	82008.0
103	82008.0
104	82008.0
105	93730.0
106	93730.0
107	93730.0
108	93730.0
109	93730.0
110	95954.0
111	95954.0
112	95954.0
113	95954.0
114	95954.0
115	39112.0
116	39112.0
117	39112.0
118	39112.0
119	39112.0
120	23259.0
121	23259.0
122	23259.0
123	23259.0
124	23259.0
125	70752.0
126	70752.0
127	70752.0
128	70752.0
129	70752.0
130	15228.0
131	15228.0
132	15228.0
133	15228.0
134	15228.0
135	32831.0
136	32831.0
137	32831.0
138	32831.0
139	32831.0
140	57061.0
141	57061.0
142	57061.0
143	57061.0
144	57061.0
145	23330.0
146	23330.0
147	23330.0
148	23330.0
149	23330.0
150	5580.0
151	5580.0
152	5580.0
153	5580.0
154	5580.0
155	90449.0
156	90449.0
157	90449.0
158	90449.0
159	90449.0
160	85639.0
161	85639.0
162	85639.0
163	85639.0
164	85639.0
165	41416.0
166	41416.0
167	41416.0
168	41416.0
169	41416.0
170	30485.0
171	30485.0
172	30485.0
173	30485.0
174	30485.0
175	66019.0
176	66019.0
177	66019.0
178	66019.0
179	66019.0
180	86424.0
181	86424.0
182	86424.0
183	86424.0
184	86424.0
185	79715.0
186	79715.0
187	79715.0
188	79715.0
189	79715.0
190	10737.0
191	10737.0
192	10737.0
193	10737.0
194	10737.0
195	16028.0
196	16028.0
197	16028.0
198	16028.0
199	16028.0
200	100137.0
201	100137.0
202	100137.0
203	100137.0
204	100137.0
205	81030.0
206	81030.0
207	81030.0
208	81030.0
209	81030.0
210	33652.0
211	33652.0
212	33652.0
213	33652.0
214	33652.0
215	71532.0
216	71532.0
217	71532.0
218	71532.0
219	71532.0
220	14697.0
221	14697.0
222	14697.0
223	14697.0
224	14697.0
225	57056.0
226	57056.0
227	57056.0
228	57056.0
229	57056.0
230	64226.0
231	64226.0
232	64226.0
233	64226.0
234	64226.0
235	83951.0
236	83951.0
237	83951.0
238	83951.0
239	83951.0
240	25209.0
241	25209.0
242	25209.0
243	25209.0
244	25209.0
245	20777.0
246	20777.0
247	20777.0
248	20777.0
249	20777.0
