0	30918.0
1	30918.0
2	30918.0
3	30918.0
4	30918.0
5	16362.0
6	16362.0
7	16362.0
8	16362.0
9	16362.0
10	93711.0
11	93711.0
12	93711.0
13	93711.0
14	93711.0
15	90354.0
16	90354.0
17	90354.0
18	90354.0
19	90354.0
20	62643.0
21	62643.0
22	62643.0
23	62643.0
24	62643.0
25	78972.0
26	78972.0
27	78972.0
28	78972.0
29	78972.0
30	8695.0
31	8695.0
32	8695.0
33	8695.0
34	8695.0
35	57546.0
36	57546.0
37	57546.0
38	57546.0
39	57546.0
40	44067.0
41	44067.0
42	44067.0
43	44067.0
44	44067.0
45	48606.0
46	48606.0
47	48606.0
48	48606.0
49	48606.0
50	44584.0
51	44584.0
52	44584.0
53	44584.0
54	44584.0
55	27001.0
56	27001.0
57	27001.0
58	27001.0
59	27001.0
60	38202.0
61	38202.0
62	38202.0
63	38202.0
64	38202.0
65	72603.0
66	72603.0
67	72603.0
68	72603.0
69	72603.0
70	81353.0
71	81353.0
72	81353.0
73	81353.0
74	81353.0
75	96697.0
76	96697.0
77	96697.0
78	96697.0
79	96697.0
80	37878.0
81	37878.0
82	37878.0
83	37878.0
84	37878.0
85	74053.0
86	74053.0
87	74053.0
88	74053.0
89	74053.0
90	85471.0
91	85471.0
92	85471.0
93	85471.0
94	85471.0
95	37087.0
96	37087.0
97	37087.0
98	37087.0
99	37087.0
100	1654.0
101	1654.0
102	1654.0
103	1654.0
104	1654.0
105	23777.0
106	23777.0
107	23777.0
108	23777.0
109	23777.0
110	20839.0
111	20839.0
112	20839.0
113	20839.0
114	20839.0
115	47155.0
116	47155.0
117	47155.0
118	47155.0
119	47155.0
120	71888.0
121	71888.0
122	71888.0
123	71888.0
124	71888.0
125	81755.0
126	81755.0
127	81755.0
128	81755.0
129	81755.0
130	73116.0
131	73116.0
132	73116.0
133	73116.0
134	73116.0
135	3506.0
136	3506.0
137	3506.0
138	3506.0
139	3506.0
140	28871.0
141	28871.0
142	28871.0
143	28871.0
144	28871.0
145	35840.0
146	35840.0
147	35840.0
148	35840.0
149	35840.0
150	52400.0
151	52400.0
152	52400.0
153	52400.0
154	52400.0
155	24227.0
156	24227.0
157	24227.0
158	24227.0
159	24227.0
160	94588.0
161	94588.0
162	94588.0
163	94588.0
164	94588.0
165	31470.0
166	31470.0
167	31470.0
168	31470.0
169	31470.0
170	88282.0
171	88282.0
172	88282.0
173	88282.0
174	88282.0
175	99442.0
176	99442.0
177	99442.0
178	99442.0
179	99442.0
180	37457.0
181	37457.0
182	37457.0
183	37457.0
184	37457.0
185	101412.0
186	101412.0
187	101412.0
188	101412.0
189	101412.0
190	7360.0
191	7360.0
192	7360.0
193	7360.0
194	7360.0
195	73734.0
196	73734.0
197	73734.0
198	73734.0
199	73734.0
200	74291.0
201	74291.0
202	74291.0
203	74291.0
204	74291.0
205	100052.0
206	100052.0
207	100052.0
208	100052.0
209	100052.0
210	538.0
211	538.0
212	538.0
213	538.0
214	538.0
215	28647.0
216	28647.0
217	28647.0
218	28647.0
219	28647.0
220	12204.0
221	12204.0
222	12204.0
223	12204.0
224	12204.0
225	73242.0
226	73242.0
227	73242.0
228	73242.0
229	73242.0
230	14084.0
231	14084.0
232	14084.0
233	14084.0
234	14084.0
235	94446.0
236	94446.0
237	94446.0
238	94446.0
239	94446.0
240	46446.0
241	46446.0
242	46446.0
243	46446.0
244	46446.0
245	9879.0
246	9879.0
247	9879.0
248	9879.0
249	9879.0
