0	508191.0
1	508191.0
2	508191.0
3	508191.0
4	508191.0
5	671901.0
6	671901.0
7	671901.0
8	671901.0
9	671901.0
10	530352.0
11	530352.0
12	530352.0
13	530352.0
14	530352.0
15	480347.0
16	480347.0
17	480347.0
18	480347.0
19	480347.0
20	457747.0
21	457747.0
22	457747.0
23	457747.0
24	457747.0
25	778883.0
26	778883.0
27	778883.0
28	778883.0
29	778883.0
30	408342.0
31	408342.0
32	408342.0
33	408342.0
34	408342.0
35	602084.0
36	602084.0
37	602084.0
38	602084.0
39	602084.0
40	78700.0
41	78700.0
42	78700.0
43	78700.0
44	78700.0
45	513203.0
46	513203.0
47	513203.0
48	513203.0
49	513203.0
50	220323.0
51	220323.0
52	220323.0
53	220323.0
54	220323.0
55	328719.0
56	328719.0
57	328719.0
58	328719.0
59	328719.0
60	438328.0
61	438328.0
62	438328.0
63	438328.0
64	438328.0
65	188657.0
66	188657.0
67	188657.0
68	188657.0
69	188657.0
70	821339.0
71	821339.0
72	821339.0
73	821339.0
74	821339.0
75	705313.0
76	705313.0
77	705313.0
78	705313.0
79	705313.0
80	625893.0
81	625893.0
82	625893.0
83	625893.0
84	625893.0
85	77120.0
86	77120.0
87	77120.0
88	77120.0
89	77120.0
90	667199.0
91	667199.0
92	667199.0
93	667199.0
94	667199.0
95	142876.0
96	142876.0
97	142876.0
98	142876.0
99	142876.0
100	50351.0
101	50351.0
102	50351.0
103	50351.0
104	50351.0
105	197672.0
106	197672.0
107	197672.0
108	197672.0
109	197672.0
110	495511.0
111	495511.0
112	495511.0
113	495511.0
114	495511.0
115	236818.0
116	236818.0
117	236818.0
118	236818.0
119	236818.0
120	244850.0
121	244850.0
122	244850.0
123	244850.0
124	244850.0
125	804439.0
126	804439.0
127	804439.0
128	804439.0
129	804439.0
130	755512.0
131	755512.0
132	755512.0
133	755512.0
134	755512.0
135	717802.0
136	717802.0
137	717802.0
138	717802.0
139	717802.0
140	717262.0
141	717262.0
142	717262.0
143	717262.0
144	717262.0
145	692853.0
146	692853.0
147	692853.0
148	692853.0
149	692853.0
150	54410.0
151	54410.0
152	54410.0
153	54410.0
154	54410.0
155	825295.0
156	825295.0
157	825295.0
158	825295.0
159	825295.0
160	588979.0
161	588979.0
162	588979.0
163	588979.0
164	588979.0
165	200407.0
166	200407.0
167	200407.0
168	200407.0
169	200407.0
170	107909.0
171	107909.0
172	107909.0
173	107909.0
174	107909.0
175	246675.0
176	246675.0
177	246675.0
178	246675.0
179	246675.0
180	861502.0
181	861502.0
182	861502.0
183	861502.0
184	861502.0
185	443950.0
186	443950.0
187	443950.0
188	443950.0
189	443950.0
190	534192.0
191	534192.0
192	534192.0
193	534192.0
194	534192.0
195	169376.0
196	169376.0
197	169376.0
198	169376.0
199	169376.0
200	774046.0
201	774046.0
202	774046.0
203	774046.0
204	774046.0
205	791704.0
206	791704.0
207	791704.0
208	791704.0
209	791704.0
210	836975.0
211	836975.0
212	836975.0
213	836975.0
214	836975.0
215	773965.0
216	773965.0
217	773965.0
218	773965.0
219	773965.0
220	228166.0
221	228166.0
222	228166.0
223	228166.0
224	228166.0
225	776783.0
226	776783.0
227	776783.0
228	776783.0
229	776783.0
230	91605.0
231	91605.0
232	91605.0
233	91605.0
234	91605.0
235	15244.0
236	15244.0
237	15244.0
238	15244.0
239	15244.0
240	682602.0
241	682602.0
242	682602.0
243	682602.0
244	682602.0
245	584315.0
246	584315.0
247	584315.0
248	584315.0
249	584315.0
