0	143916.0
1	143916.0
2	143916.0
3	143916.0
4	143916.0
5	133427.0
6	133427.0
7	133427.0
8	133427.0
9	133427.0
10	494551.0
11	494551.0
12	494551.0
13	494551.0
14	494551.0
15	415868.0
16	415868.0
17	415868.0
18	415868.0
19	415868.0
20	812119.0
21	812119.0
22	812119.0
23	812119.0
24	812119.0
25	631660.0
26	631660.0
27	631660.0
28	631660.0
29	631660.0
30	44848.0
31	44848.0
32	44848.0
33	44848.0
34	44848.0
35	356156.0
36	356156.0
37	356156.0
38	356156.0
39	356156.0
40	800869.0
41	800869.0
42	800869.0
43	800869.0
44	800869.0
45	122552.0
46	122552.0
47	122552.0
48	122552.0
49	122552.0
50	288377.0
51	288377.0
52	288377.0
53	288377.0
54	288377.0
55	368203.0
56	368203.0
57	368203.0
58	368203.0
59	368203.0
60	348163.0
61	348163.0
62	348163.0
63	348163.0
64	348163.0
65	97743.0
66	97743.0
67	97743.0
68	97743.0
69	97743.0
70	795361.0
71	795361.0
72	795361.0
73	795361.0
74	795361.0
75	45504.0
76	45504.0
77	45504.0
78	45504.0
79	45504.0
80	586757.0
81	586757.0
82	586757.0
83	586757.0
84	586757.0
85	263734.0
86	263734.0
87	263734.0
88	263734.0
89	263734.0
90	429956.0
91	429956.0
92	429956.0
93	429956.0
94	429956.0
95	269445.0
96	269445.0
97	269445.0
98	269445.0
99	269445.0
100	862506.0
101	862506.0
102	862506.0
103	862506.0
104	862506.0
105	643819.0
106	643819.0
107	643819.0
108	643819.0
109	643819.0
110	436840.0
111	436840.0
112	436840.0
113	436840.0
114	436840.0
115	869326.0
116	869326.0
117	869326.0
118	869326.0
119	869326.0
120	229230.0
121	229230.0
122	229230.0
123	229230.0
124	229230.0
125	61895.0
126	61895.0
127	61895.0
128	61895.0
129	61895.0
130	638203.0
131	638203.0
132	638203.0
133	638203.0
134	638203.0
135	776731.0
136	776731.0
137	776731.0
138	776731.0
139	776731.0
140	42163.0
141	42163.0
142	42163.0
143	42163.0
144	42163.0
145	774456.0
146	774456.0
147	774456.0
148	774456.0
149	774456.0
150	850958.0
151	850958.0
152	850958.0
153	850958.0
154	850958.0
155	418455.0
156	418455.0
157	418455.0
158	418455.0
159	418455.0
160	460996.0
161	460996.0
162	460996.0
163	460996.0
164	460996.0
165	258929.0
166	258929.0
167	258929.0
168	258929.0
169	258929.0
170	209194.0
171	209194.0
172	209194.0
173	209194.0
174	209194.0
175	148964.0
176	148964.0
177	148964.0
178	148964.0
179	148964.0
180	7129.0
181	7129.0
182	7129.0
183	7129.0
184	7129.0
185	259627.0
186	259627.0
187	259627.0
188	259627.0
189	259627.0
190	444777.0
191	444777.0
192	444777.0
193	444777.0
194	444777.0
195	379183.0
196	379183.0
197	379183.0
198	379183.0
199	379183.0
200	402529.0
201	402529.0
202	402529.0
203	402529.0
204	402529.0
205	563425.0
206	563425.0
207	563425.0
208	563425.0
209	563425.0
210	391538.0
211	391538.0
212	391538.0
213	391538.0
214	391538.0
215	499409.0
216	499409.0
217	499409.0
218	499409.0
219	499409.0
220	796451.0
221	796451.0
222	796451.0
223	796451.0
224	796451.0
225	394249.0
226	394249.0
227	394249.0
228	394249.0
229	394249.0
230	769804.0
231	769804.0
232	769804.0
233	769804.0
234	769804.0
235	91477.0
236	91477.0
237	91477.0
238	91477.0
239	91477.0
240	9786.0
241	9786.0
242	9786.0
243	9786.0
244	9786.0
245	523320.0
246	523320.0
247	523320.0
248	523320.0
249	523320.0
