0	79695.0
1	79695.0
2	79695.0
3	79695.0
4	79695.0
5	770872.0
6	770872.0
7	770872.0
8	770872.0
9	770872.0
10	214085.0
11	214085.0
12	214085.0
13	214085.0
14	214085.0
15	853903.0
16	853903.0
17	853903.0
18	853903.0
19	853903.0
20	709179.0
21	709179.0
22	709179.0
23	709179.0
24	709179.0
25	31996.0
26	31996.0
27	31996.0
28	31996.0
29	31996.0
30	778081.0
31	778081.0
32	778081.0
33	778081.0
34	778081.0
35	853511.0
36	853511.0
37	853511.0
38	853511.0
39	853511.0
40	385944.0
41	385944.0
42	385944.0
43	385944.0
44	385944.0
45	526502.0
46	526502.0
47	526502.0
48	526502.0
49	526502.0
50	174632.0
51	174632.0
52	174632.0
53	174632.0
54	174632.0
55	649213.0
56	649213.0
57	649213.0
58	649213.0
59	649213.0
60	104364.0
61	104364.0
62	104364.0
63	104364.0
64	104364.0
65	818675.0
66	818675.0
67	818675.0
68	818675.0
69	818675.0
70	765108.0
71	765108.0
72	765108.0
73	765108.0
74	765108.0
75	276739.0
76	276739.0
77	276739.0
78	276739.0
79	276739.0
80	432492.0
81	432492.0
82	432492.0
83	432492.0
84	432492.0
85	393958.0
86	393958.0
87	393958.0
88	393958.0
89	393958.0
90	387401.0
91	387401.0
92	387401.0
93	387401.0
94	387401.0
95	97350.0
96	97350.0
97	97350.0
98	97350.0
99	97350.0
100	41700.0
101	41700.0
102	41700.0
103	41700.0
104	41700.0
105	1266.0
106	1266.0
107	1266.0
108	1266.0
109	1266.0
110	503450.0
111	503450.0
112	503450.0
113	503450.0
114	503450.0
115	484250.0
116	484250.0
117	484250.0
118	484250.0
119	484250.0
120	763456.0
121	763456.0
122	763456.0
123	763456.0
124	763456.0
125	763285.0
126	763285.0
127	763285.0
128	763285.0
129	763285.0
130	37974.0
131	37974.0
132	37974.0
133	37974.0
134	37974.0
135	437021.0
136	437021.0
137	437021.0
138	437021.0
139	437021.0
140	123704.0
141	123704.0
142	123704.0
143	123704.0
144	123704.0
145	789418.0
146	789418.0
147	789418.0
148	789418.0
149	789418.0
150	386101.0
151	386101.0
152	386101.0
153	386101.0
154	386101.0
155	431593.0
156	431593.0
157	431593.0
158	431593.0
159	431593.0
160	233645.0
161	233645.0
162	233645.0
163	233645.0
164	233645.0
165	690691.0
166	690691.0
167	690691.0
168	690691.0
169	690691.0
170	13597.0
171	13597.0
172	13597.0
173	13597.0
174	13597.0
175	496890.0
176	496890.0
177	496890.0
178	496890.0
179	496890.0
180	736026.0
181	736026.0
182	736026.0
183	736026.0
184	736026.0
185	224765.0
186	224765.0
187	224765.0
188	224765.0
189	224765.0
190	671095.0
191	671095.0
192	671095.0
193	671095.0
194	671095.0
195	704177.0
196	704177.0
197	704177.0
198	704177.0
199	704177.0
200	373980.0
201	373980.0
202	373980.0
203	373980.0
204	373980.0
205	126185.0
206	126185.0
207	126185.0
208	126185.0
209	126185.0
210	278209.0
211	278209.0
212	278209.0
213	278209.0
214	278209.0
215	628337.0
216	628337.0
217	628337.0
218	628337.0
219	628337.0
220	417991.0
221	417991.0
222	417991.0
223	417991.0
224	417991.0
225	76616.0
226	76616.0
227	76616.0
228	76616.0
229	76616.0
230	24060.0
231	24060.0
232	24060.0
233	24060.0
234	24060.0
235	365266.0
236	365266.0
237	365266.0
238	365266.0
239	365266.0
240	254961.0
241	254961.0
242	254961.0
243	254961.0
244	254961.0
245	102586.0
246	102586.0
247	102586.0
248	102586.0
249	102586.0
