0	292828.0
1	292828.0
2	292828.0
3	292828.0
4	292828.0
5	811449.0
6	811449.0
7	811449.0
8	811449.0
9	811449.0
10	482732.0
11	482732.0
12	482732.0
13	482732.0
14	482732.0
15	857699.0
16	857699.0
17	857699.0
18	857699.0
19	857699.0
20	823996.0
21	823996.0
22	823996.0
23	823996.0
24	823996.0
25	675212.0
26	675212.0
27	675212.0
28	675212.0
29	675212.0
30	512621.0
31	512621.0
32	512621.0
33	512621.0
34	512621.0
35	659658.0
36	659658.0
37	659658.0
38	659658.0
39	659658.0
40	531975.0
41	531975.0
42	531975.0
43	531975.0
44	531975.0
45	633669.0
46	633669.0
47	633669.0
48	633669.0
49	633669.0
50	718103.0
51	718103.0
52	718103.0
53	718103.0
54	718103.0
55	786122.0
56	786122.0
57	786122.0
58	786122.0
59	786122.0
60	613305.0
61	613305.0
62	613305.0
63	613305.0
64	613305.0
65	463554.0
66	463554.0
67	463554.0
68	463554.0
69	463554.0
70	23876.0
71	23876.0
72	23876.0
73	23876.0
74	23876.0
75	283626.0
76	283626.0
77	283626.0
78	283626.0
79	283626.0
80	144422.0
81	144422.0
82	144422.0
83	144422.0
84	144422.0
85	246332.0
86	246332.0
87	246332.0
88	246332.0
89	246332.0
90	294978.0
91	294978.0
92	294978.0
93	294978.0
94	294978.0
95	784492.0
96	784492.0
97	784492.0
98	784492.0
99	784492.0
100	760612.0
101	760612.0
102	760612.0
103	760612.0
104	760612.0
105	332631.0
106	332631.0
107	332631.0
108	332631.0
109	332631.0
110	224133.0
111	224133.0
112	224133.0
113	224133.0
114	224133.0
115	232309.0
116	232309.0
117	232309.0
118	232309.0
119	232309.0
120	291661.0
121	291661.0
122	291661.0
123	291661.0
124	291661.0
125	472918.0
126	472918.0
127	472918.0
128	472918.0
129	472918.0
130	33062.0
131	33062.0
132	33062.0
133	33062.0
134	33062.0
135	246600.0
136	246600.0
137	246600.0
138	246600.0
139	246600.0
140	399963.0
141	399963.0
142	399963.0
143	399963.0
144	399963.0
145	567060.0
146	567060.0
147	567060.0
148	567060.0
149	567060.0
150	401504.0
151	401504.0
152	401504.0
153	401504.0
154	401504.0
155	6762.0
156	6762.0
157	6762.0
158	6762.0
159	6762.0
160	450729.0
161	450729.0
162	450729.0
163	450729.0
164	450729.0
165	287011.0
166	287011.0
167	287011.0
168	287011.0
169	287011.0
170	780915.0
171	780915.0
172	780915.0
173	780915.0
174	780915.0
175	109169.0
176	109169.0
177	109169.0
178	109169.0
179	109169.0
180	667313.0
181	667313.0
182	667313.0
183	667313.0
184	667313.0
185	368067.0
186	368067.0
187	368067.0
188	368067.0
189	368067.0
190	348187.0
191	348187.0
192	348187.0
193	348187.0
194	348187.0
195	413832.0
196	413832.0
197	413832.0
198	413832.0
199	413832.0
200	463939.0
201	463939.0
202	463939.0
203	463939.0
204	463939.0
205	815623.0
206	815623.0
207	815623.0
208	815623.0
209	815623.0
210	243180.0
211	243180.0
212	243180.0
213	243180.0
214	243180.0
215	108104.0
216	108104.0
217	108104.0
218	108104.0
219	108104.0
220	513238.0
221	513238.0
222	513238.0
223	513238.0
224	513238.0
225	6566.0
226	6566.0
227	6566.0
228	6566.0
229	6566.0
230	563167.0
231	563167.0
232	563167.0
233	563167.0
234	563167.0
235	18153.0
236	18153.0
237	18153.0
238	18153.0
239	18153.0
240	497620.0
241	497620.0
242	497620.0
243	497620.0
244	497620.0
245	493321.0
246	493321.0
247	493321.0
248	493321.0
249	493321.0
