0	650655.0
1	650655.0
2	650655.0
3	650655.0
4	650655.0
5	495521.0
6	495521.0
7	495521.0
8	495521.0
9	495521.0
10	803197.0
11	803197.0
12	803197.0
13	803197.0
14	803197.0
15	234650.0
16	234650.0
17	234650.0
18	234650.0
19	234650.0
20	499428.0
21	499428.0
22	499428.0
23	499428.0
24	499428.0
25	419649.0
26	419649.0
27	419649.0
28	419649.0
29	419649.0
30	37288.0
31	37288.0
32	37288.0
33	37288.0
34	37288.0
35	198349.0
36	198349.0
37	198349.0
38	198349.0
39	198349.0
40	211114.0
41	211114.0
42	211114.0
43	211114.0
44	211114.0
45	705385.0
46	705385.0
47	705385.0
48	705385.0
49	705385.0
50	859879.0
51	859879.0
52	859879.0
53	859879.0
54	859879.0
55	722832.0
56	722832.0
57	722832.0
58	722832.0
59	722832.0
60	58564.0
61	58564.0
62	58564.0
63	58564.0
64	58564.0
65	419185.0
66	419185.0
67	419185.0
68	419185.0
69	419185.0
70	70579.0
71	70579.0
72	70579.0
73	70579.0
74	70579.0
75	619675.0
76	619675.0
77	619675.0
78	619675.0
79	619675.0
80	784422.0
81	784422.0
82	784422.0
83	784422.0
84	784422.0
85	496621.0
86	496621.0
87	496621.0
88	496621.0
89	496621.0
90	512992.0
91	512992.0
92	512992.0
93	512992.0
94	512992.0
95	477292.0
96	477292.0
97	477292.0
98	477292.0
99	477292.0
100	334142.0
101	334142.0
102	334142.0
103	334142.0
104	334142.0
105	636882.0
106	636882.0
107	636882.0
108	636882.0
109	636882.0
110	604741.0
111	604741.0
112	604741.0
113	604741.0
114	604741.0
115	633457.0
116	633457.0
117	633457.0
118	633457.0
119	633457.0
120	165585.0
121	165585.0
122	165585.0
123	165585.0
124	165585.0
125	590301.0
126	590301.0
127	590301.0
128	590301.0
129	590301.0
130	679287.0
131	679287.0
132	679287.0
133	679287.0
134	679287.0
135	847676.0
136	847676.0
137	847676.0
138	847676.0
139	847676.0
140	719271.0
141	719271.0
142	719271.0
143	719271.0
144	719271.0
145	424087.0
146	424087.0
147	424087.0
148	424087.0
149	424087.0
150	79092.0
151	79092.0
152	79092.0
153	79092.0
154	79092.0
155	439957.0
156	439957.0
157	439957.0
158	439957.0
159	439957.0
160	772749.0
161	772749.0
162	772749.0
163	772749.0
164	772749.0
165	195568.0
166	195568.0
167	195568.0
168	195568.0
169	195568.0
170	564305.0
171	564305.0
172	564305.0
173	564305.0
174	564305.0
175	155571.0
176	155571.0
177	155571.0
178	155571.0
179	155571.0
180	561770.0
181	561770.0
182	561770.0
183	561770.0
184	561770.0
185	640591.0
186	640591.0
187	640591.0
188	640591.0
189	640591.0
190	491662.0
191	491662.0
192	491662.0
193	491662.0
194	491662.0
195	346339.0
196	346339.0
197	346339.0
198	346339.0
199	346339.0
200	521786.0
201	521786.0
202	521786.0
203	521786.0
204	521786.0
205	328144.0
206	328144.0
207	328144.0
208	328144.0
209	328144.0
210	461548.0
211	461548.0
212	461548.0
213	461548.0
214	461548.0
215	218605.0
216	218605.0
217	218605.0
218	218605.0
219	218605.0
220	121357.0
221	121357.0
222	121357.0
223	121357.0
224	121357.0
225	196663.0
226	196663.0
227	196663.0
228	196663.0
229	196663.0
230	583113.0
231	583113.0
232	583113.0
233	583113.0
234	583113.0
235	334061.0
236	334061.0
237	334061.0
238	334061.0
239	334061.0
240	261494.0
241	261494.0
242	261494.0
243	261494.0
244	261494.0
245	206180.0
246	206180.0
247	206180.0
248	206180.0
249	206180.0
