0	391109.0
1	391109.0
2	391109.0
3	391109.0
4	391109.0
5	386910.0
6	386910.0
7	386910.0
8	386910.0
9	386910.0
10	655009.0
11	655009.0
12	655009.0
13	655009.0
14	655009.0
15	848846.0
16	848846.0
17	848846.0
18	848846.0
19	848846.0
20	43893.0
21	43893.0
22	43893.0
23	43893.0
24	43893.0
25	392341.0
26	392341.0
27	392341.0
28	392341.0
29	392341.0
30	622428.0
31	622428.0
32	622428.0
33	622428.0
34	622428.0
35	831644.0
36	831644.0
37	831644.0
38	831644.0
39	831644.0
40	123125.0
41	123125.0
42	123125.0
43	123125.0
44	123125.0
45	83630.0
46	83630.0
47	83630.0
48	83630.0
49	83630.0
50	311231.0
51	311231.0
52	311231.0
53	311231.0
54	311231.0
55	342969.0
56	342969.0
57	342969.0
58	342969.0
59	342969.0
60	587388.0
61	587388.0
62	587388.0
63	587388.0
64	587388.0
65	821166.0
66	821166.0
67	821166.0
68	821166.0
69	821166.0
70	431561.0
71	431561.0
72	431561.0
73	431561.0
74	431561.0
75	203088.0
76	203088.0
77	203088.0
78	203088.0
79	203088.0
80	479769.0
81	479769.0
82	479769.0
83	479769.0
84	479769.0
85	606804.0
86	606804.0
87	606804.0
88	606804.0
89	606804.0
90	338918.0
91	338918.0
92	338918.0
93	338918.0
94	338918.0
95	828841.0
96	828841.0
97	828841.0
98	828841.0
99	828841.0
100	676428.0
101	676428.0
102	676428.0
103	676428.0
104	676428.0
105	561819.0
106	561819.0
107	561819.0
108	561819.0
109	561819.0
110	753423.0
111	753423.0
112	753423.0
113	753423.0
114	753423.0
115	838057.0
116	838057.0
117	838057.0
118	838057.0
119	838057.0
120	285865.0
121	285865.0
122	285865.0
123	285865.0
124	285865.0
125	368515.0
126	368515.0
127	368515.0
128	368515.0
129	368515.0
130	606953.0
131	606953.0
132	606953.0
133	606953.0
134	606953.0
135	215464.0
136	215464.0
137	215464.0
138	215464.0
139	215464.0
140	343404.0
141	343404.0
142	343404.0
143	343404.0
144	343404.0
145	415281.0
146	415281.0
147	415281.0
148	415281.0
149	415281.0
150	49225.0
151	49225.0
152	49225.0
153	49225.0
154	49225.0
155	377945.0
156	377945.0
157	377945.0
158	377945.0
159	377945.0
160	337647.0
161	337647.0
162	337647.0
163	337647.0
164	337647.0
165	748967.0
166	748967.0
167	748967.0
168	748967.0
169	748967.0
170	609544.0
171	609544.0
172	609544.0
173	609544.0
174	609544.0
175	70197.0
176	70197.0
177	70197.0
178	70197.0
179	70197.0
180	12510.0
181	12510.0
182	12510.0
183	12510.0
184	12510.0
185	315268.0
186	315268.0
187	315268.0
188	315268.0
189	315268.0
190	184098.0
191	184098.0
192	184098.0
193	184098.0
194	184098.0
195	668204.0
196	668204.0
197	668204.0
198	668204.0
199	668204.0
200	517617.0
201	517617.0
202	517617.0
203	517617.0
204	517617.0
205	347537.0
206	347537.0
207	347537.0
208	347537.0
209	347537.0
210	559749.0
211	559749.0
212	559749.0
213	559749.0
214	559749.0
215	629492.0
216	629492.0
217	629492.0
218	629492.0
219	629492.0
220	716119.0
221	716119.0
222	716119.0
223	716119.0
224	716119.0
225	733919.0
226	733919.0
227	733919.0
228	733919.0
229	733919.0
230	223433.0
231	223433.0
232	223433.0
233	223433.0
234	223433.0
235	153714.0
236	153714.0
237	153714.0
238	153714.0
239	153714.0
240	415218.0
241	415218.0
242	415218.0
243	415218.0
244	415218.0
245	537818.0
246	537818.0
247	537818.0
248	537818.0
249	537818.0
