0	11244.0
1	11244.0
2	11244.0
3	11244.0
4	11244.0
5	10804.0
6	10804.0
7	10804.0
8	10804.0
9	10804.0
10	24976.0
11	24976.0
12	24976.0
13	24976.0
14	24976.0
15	19635.0
16	19635.0
17	19635.0
18	19635.0
19	19635.0
20	46943.0
21	46943.0
22	46943.0
23	46943.0
24	46943.0
25	4511.0
26	4511.0
27	4511.0
28	4511.0
29	4511.0
30	13859.0
31	13859.0
32	13859.0
33	13859.0
34	13859.0
35	11671.0
36	11671.0
37	11671.0
38	11671.0
39	11671.0
40	37638.0
41	37638.0
42	37638.0
43	37638.0
44	37638.0
45	27888.0
46	27888.0
47	27888.0
48	27888.0
49	27888.0
50	11195.0
51	11195.0
52	11195.0
53	11195.0
54	11195.0
55	21686.0
56	21686.0
57	21686.0
58	21686.0
59	21686.0
60	45806.0
61	45806.0
62	45806.0
63	45806.0
64	45806.0
65	29124.0
66	29124.0
67	29124.0
68	29124.0
69	29124.0
70	27097.0
71	27097.0
72	27097.0
73	27097.0
74	27097.0
75	12324.0
76	12324.0
77	12324.0
78	12324.0
79	12324.0
80	30767.0
81	30767.0
82	30767.0
83	30767.0
84	30767.0
85	17523.0
86	17523.0
87	17523.0
88	17523.0
89	17523.0
90	6958.0
91	6958.0
92	6958.0
93	6958.0
94	6958.0
95	30150.0
96	30150.0
97	30150.0
98	30150.0
99	30150.0
100	49534.0
101	49534.0
102	49534.0
103	49534.0
104	49534.0
105	34944.0
106	34944.0
107	34944.0
108	34944.0
109	34944.0
110	21416.0
111	21416.0
112	21416.0
113	21416.0
114	21416.0
115	49335.0
116	49335.0
117	49335.0
118	49335.0
119	49335.0
120	52763.0
121	52763.0
122	52763.0
123	52763.0
124	52763.0
125	10635.0
126	10635.0
127	10635.0
128	10635.0
129	10635.0
130	19020.0
131	19020.0
132	19020.0
133	19020.0
134	19020.0
135	9040.0
136	9040.0
137	9040.0
138	9040.0
139	9040.0
140	20714.0
141	20714.0
142	20714.0
143	20714.0
144	20714.0
145	29736.0
146	29736.0
147	29736.0
148	29736.0
149	29736.0
150	50791.0
151	50791.0
152	50791.0
153	50791.0
154	50791.0
155	43575.0
156	43575.0
157	43575.0
158	43575.0
159	43575.0
160	33655.0
161	33655.0
162	33655.0
163	33655.0
164	33655.0
165	37696.0
166	37696.0
167	37696.0
168	37696.0
169	37696.0
170	40221.0
171	40221.0
172	40221.0
173	40221.0
174	40221.0
175	42480.0
176	42480.0
177	42480.0
178	42480.0
179	42480.0
180	12984.0
181	12984.0
182	12984.0
183	12984.0
184	12984.0
185	5633.0
186	5633.0
187	5633.0
188	5633.0
189	5633.0
190	7979.0
191	7979.0
192	7979.0
193	7979.0
194	7979.0
195	8039.0
196	8039.0
197	8039.0
198	8039.0
199	8039.0
200	20052.0
201	20052.0
202	20052.0
203	20052.0
204	20052.0
205	48538.0
206	48538.0
207	48538.0
208	48538.0
209	48538.0
210	43002.0
211	43002.0
212	43002.0
213	43002.0
214	43002.0
215	20947.0
216	20947.0
217	20947.0
218	20947.0
219	20947.0
220	32414.0
221	32414.0
222	32414.0
223	32414.0
224	32414.0
225	48100.0
226	48100.0
227	48100.0
228	48100.0
229	48100.0
230	8165.0
231	8165.0
232	8165.0
233	8165.0
234	8165.0
235	38704.0
236	38704.0
237	38704.0
238	38704.0
239	38704.0
240	15882.0
241	15882.0
242	15882.0
243	15882.0
244	15882.0
245	24254.0
246	24254.0
247	24254.0
248	24254.0
249	24254.0
