0	53211.0
1	53211.0
2	53211.0
3	53211.0
4	53211.0
5	36342.0
6	36342.0
7	36342.0
8	36342.0
9	36342.0
10	4170.0
11	4170.0
12	4170.0
13	4170.0
14	4170.0
15	52102.0
16	52102.0
17	52102.0
18	52102.0
19	52102.0
20	6300.0
21	6300.0
22	6300.0
23	6300.0
24	6300.0
25	46702.0
26	46702.0
27	46702.0
28	46702.0
29	46702.0
30	35575.0
31	35575.0
32	35575.0
33	35575.0
34	35575.0
35	48440.0
36	48440.0
37	48440.0
38	48440.0
39	48440.0
40	36760.0
41	36760.0
42	36760.0
43	36760.0
44	36760.0
45	27772.0
46	27772.0
47	27772.0
48	27772.0
49	27772.0
50	41770.0
51	41770.0
52	41770.0
53	41770.0
54	41770.0
55	46330.0
56	46330.0
57	46330.0
58	46330.0
59	46330.0
60	19105.0
61	19105.0
62	19105.0
63	19105.0
64	19105.0
65	33146.0
66	33146.0
67	33146.0
68	33146.0
69	33146.0
70	25081.0
71	25081.0
72	25081.0
73	25081.0
74	25081.0
75	43944.0
76	43944.0
77	43944.0
78	43944.0
79	43944.0
80	48437.0
81	48437.0
82	48437.0
83	48437.0
84	48437.0
85	21572.0
86	21572.0
87	21572.0
88	21572.0
89	21572.0
90	31174.0
91	31174.0
92	31174.0
93	31174.0
94	31174.0
95	41578.0
96	41578.0
97	41578.0
98	41578.0
99	41578.0
100	38790.0
101	38790.0
102	38790.0
103	38790.0
104	38790.0
105	27838.0
106	27838.0
107	27838.0
108	27838.0
109	27838.0
110	15082.0
111	15082.0
112	15082.0
113	15082.0
114	15082.0
115	10781.0
116	10781.0
117	10781.0
118	10781.0
119	10781.0
120	46686.0
121	46686.0
122	46686.0
123	46686.0
124	46686.0
125	39037.0
126	39037.0
127	39037.0
128	39037.0
129	39037.0
130	3919.0
131	3919.0
132	3919.0
133	3919.0
134	3919.0
135	3735.0
136	3735.0
137	3735.0
138	3735.0
139	3735.0
140	10398.0
141	10398.0
142	10398.0
143	10398.0
144	10398.0
145	36802.0
146	36802.0
147	36802.0
148	36802.0
149	36802.0
150	40582.0
151	40582.0
152	40582.0
153	40582.0
154	40582.0
155	38788.0
156	38788.0
157	38788.0
158	38788.0
159	38788.0
160	48187.0
161	48187.0
162	48187.0
163	48187.0
164	48187.0
165	4408.0
166	4408.0
167	4408.0
168	4408.0
169	4408.0
170	22043.0
171	22043.0
172	22043.0
173	22043.0
174	22043.0
175	14651.0
176	14651.0
177	14651.0
178	14651.0
179	14651.0
180	7244.0
181	7244.0
182	7244.0
183	7244.0
184	7244.0
185	31580.0
186	31580.0
187	31580.0
188	31580.0
189	31580.0
190	14599.0
191	14599.0
192	14599.0
193	14599.0
194	14599.0
195	7074.0
196	7074.0
197	7074.0
198	7074.0
199	7074.0
200	13075.0
201	13075.0
202	13075.0
203	13075.0
204	13075.0
205	29258.0
206	29258.0
207	29258.0
208	29258.0
209	29258.0
210	570.0
211	570.0
212	570.0
213	570.0
214	570.0
215	38824.0
216	38824.0
217	38824.0
218	38824.0
219	38824.0
220	31102.0
221	31102.0
222	31102.0
223	31102.0
224	31102.0
225	29674.0
226	29674.0
227	29674.0
228	29674.0
229	29674.0
230	37173.0
231	37173.0
232	37173.0
233	37173.0
234	37173.0
235	47744.0
236	47744.0
237	47744.0
238	47744.0
239	47744.0
240	38836.0
241	38836.0
242	38836.0
243	38836.0
244	38836.0
245	26959.0
246	26959.0
247	26959.0
248	26959.0
249	26959.0
