0	29126.0
1	29126.0
2	29126.0
3	29126.0
4	29126.0
5	47536.0
6	47536.0
7	47536.0
8	47536.0
9	47536.0
10	13788.0
11	13788.0
12	13788.0
13	13788.0
14	13788.0
15	34614.0
16	34614.0
17	34614.0
18	34614.0
19	34614.0
20	49174.0
21	49174.0
22	49174.0
23	49174.0
24	49174.0
25	4765.0
26	4765.0
27	4765.0
28	4765.0
29	4765.0
30	16693.0
31	16693.0
32	16693.0
33	16693.0
34	16693.0
35	42525.0
36	42525.0
37	42525.0
38	42525.0
39	42525.0
40	10083.0
41	10083.0
42	10083.0
43	10083.0
44	10083.0
45	24740.0
46	24740.0
47	24740.0
48	24740.0
49	24740.0
50	13217.0
51	13217.0
52	13217.0
53	13217.0
54	13217.0
55	37732.0
56	37732.0
57	37732.0
58	37732.0
59	37732.0
60	51053.0
61	51053.0
62	51053.0
63	51053.0
64	51053.0
65	48928.0
66	48928.0
67	48928.0
68	48928.0
69	48928.0
70	25593.0
71	25593.0
72	25593.0
73	25593.0
74	25593.0
75	1222.0
76	1222.0
77	1222.0
78	1222.0
79	1222.0
80	50790.0
81	50790.0
82	50790.0
83	50790.0
84	50790.0
85	52007.0
86	52007.0
87	52007.0
88	52007.0
89	52007.0
90	38727.0
91	38727.0
92	38727.0
93	38727.0
94	38727.0
95	23008.0
96	23008.0
97	23008.0
98	23008.0
99	23008.0
100	23951.0
101	23951.0
102	23951.0
103	23951.0
104	23951.0
105	6437.0
106	6437.0
107	6437.0
108	6437.0
109	6437.0
110	701.0
111	701.0
112	701.0
113	701.0
114	701.0
115	34529.0
116	34529.0
117	34529.0
118	34529.0
119	34529.0
120	31475.0
121	31475.0
122	31475.0
123	31475.0
124	31475.0
125	49755.0
126	49755.0
127	49755.0
128	49755.0
129	49755.0
130	18649.0
131	18649.0
132	18649.0
133	18649.0
134	18649.0
135	21348.0
136	21348.0
137	21348.0
138	21348.0
139	21348.0
140	43615.0
141	43615.0
142	43615.0
143	43615.0
144	43615.0
145	45836.0
146	45836.0
147	45836.0
148	45836.0
149	45836.0
150	8915.0
151	8915.0
152	8915.0
153	8915.0
154	8915.0
155	34504.0
156	34504.0
157	34504.0
158	34504.0
159	34504.0
160	3271.0
161	3271.0
162	3271.0
163	3271.0
164	3271.0
165	20493.0
166	20493.0
167	20493.0
168	20493.0
169	20493.0
170	23701.0
171	23701.0
172	23701.0
173	23701.0
174	23701.0
175	36996.0
176	36996.0
177	36996.0
178	36996.0
179	36996.0
180	6526.0
181	6526.0
182	6526.0
183	6526.0
184	6526.0
185	8991.0
186	8991.0
187	8991.0
188	8991.0
189	8991.0
190	34805.0
191	34805.0
192	34805.0
193	34805.0
194	34805.0
195	48538.0
196	48538.0
197	48538.0
198	48538.0
199	48538.0
200	17313.0
201	17313.0
202	17313.0
203	17313.0
204	17313.0
205	33056.0
206	33056.0
207	33056.0
208	33056.0
209	33056.0
210	34171.0
211	34171.0
212	34171.0
213	34171.0
214	34171.0
215	50781.0
216	50781.0
217	50781.0
218	50781.0
219	50781.0
220	14712.0
221	14712.0
222	14712.0
223	14712.0
224	14712.0
225	5352.0
226	5352.0
227	5352.0
228	5352.0
229	5352.0
230	25255.0
231	25255.0
232	25255.0
233	25255.0
234	25255.0
235	34387.0
236	34387.0
237	34387.0
238	34387.0
239	34387.0
240	20791.0
241	20791.0
242	20791.0
243	20791.0
244	20791.0
245	40374.0
246	40374.0
247	40374.0
248	40374.0
249	40374.0
