0	34268.0
1	34268.0
2	34268.0
3	34268.0
4	34268.0
5	3955.0
6	3955.0
7	3955.0
8	3955.0
9	3955.0
10	9612.0
11	9612.0
12	9612.0
13	9612.0
14	9612.0
15	38324.0
16	38324.0
17	38324.0
18	38324.0
19	38324.0
20	33208.0
21	33208.0
22	33208.0
23	33208.0
24	33208.0
25	17729.0
26	17729.0
27	17729.0
28	17729.0
29	17729.0
30	29275.0
31	29275.0
32	29275.0
33	29275.0
34	29275.0
35	36754.0
36	36754.0
37	36754.0
38	36754.0
39	36754.0
40	34992.0
41	34992.0
42	34992.0
43	34992.0
44	34992.0
45	6081.0
46	6081.0
47	6081.0
48	6081.0
49	6081.0
50	31236.0
51	31236.0
52	31236.0
53	31236.0
54	31236.0
55	17456.0
56	17456.0
57	17456.0
58	17456.0
59	17456.0
60	25519.0
61	25519.0
62	25519.0
63	25519.0
64	25519.0
65	3135.0
66	3135.0
67	3135.0
68	3135.0
69	3135.0
70	7945.0
71	7945.0
72	7945.0
73	7945.0
74	7945.0
75	25880.0
76	25880.0
77	25880.0
78	25880.0
79	25880.0
80	23483.0
81	23483.0
82	23483.0
83	23483.0
84	23483.0
85	10526.0
86	10526.0
87	10526.0
88	10526.0
89	10526.0
90	11316.0
91	11316.0
92	11316.0
93	11316.0
94	11316.0
95	39607.0
96	39607.0
97	39607.0
98	39607.0
99	39607.0
100	26960.0
101	26960.0
102	26960.0
103	26960.0
104	26960.0
105	44725.0
106	44725.0
107	44725.0
108	44725.0
109	44725.0
110	8216.0
111	8216.0
112	8216.0
113	8216.0
114	8216.0
115	2621.0
116	2621.0
117	2621.0
118	2621.0
119	2621.0
120	1682.0
121	1682.0
122	1682.0
123	1682.0
124	1682.0
125	44382.0
126	44382.0
127	44382.0
128	44382.0
129	44382.0
130	1462.0
131	1462.0
132	1462.0
133	1462.0
134	1462.0
135	38589.0
136	38589.0
137	38589.0
138	38589.0
139	38589.0
140	6479.0
141	6479.0
142	6479.0
143	6479.0
144	6479.0
145	27552.0
146	27552.0
147	27552.0
148	27552.0
149	27552.0
150	28318.0
151	28318.0
152	28318.0
153	28318.0
154	28318.0
155	29485.0
156	29485.0
157	29485.0
158	29485.0
159	29485.0
160	49434.0
161	49434.0
162	49434.0
163	49434.0
164	49434.0
165	31528.0
166	31528.0
167	31528.0
168	31528.0
169	31528.0
170	37518.0
171	37518.0
172	37518.0
173	37518.0
174	37518.0
175	1241.0
176	1241.0
177	1241.0
178	1241.0
179	1241.0
180	49597.0
181	49597.0
182	49597.0
183	49597.0
184	49597.0
185	29004.0
186	29004.0
187	29004.0
188	29004.0
189	29004.0
190	8207.0
191	8207.0
192	8207.0
193	8207.0
194	8207.0
195	25035.0
196	25035.0
197	25035.0
198	25035.0
199	25035.0
200	12574.0
201	12574.0
202	12574.0
203	12574.0
204	12574.0
205	9312.0
206	9312.0
207	9312.0
208	9312.0
209	9312.0
210	21458.0
211	21458.0
212	21458.0
213	21458.0
214	21458.0
215	6609.0
216	6609.0
217	6609.0
218	6609.0
219	6609.0
220	25629.0
221	25629.0
222	25629.0
223	25629.0
224	25629.0
225	22477.0
226	22477.0
227	22477.0
228	22477.0
229	22477.0
230	3184.0
231	3184.0
232	3184.0
233	3184.0
234	3184.0
235	11106.0
236	11106.0
237	11106.0
238	11106.0
239	11106.0
240	47721.0
241	47721.0
242	47721.0
243	47721.0
244	47721.0
245	37658.0
246	37658.0
247	37658.0
248	37658.0
249	37658.0
