0	21077.0
1	21077.0
2	21077.0
3	21077.0
4	21077.0
5	40543.0
6	40543.0
7	40543.0
8	40543.0
9	40543.0
10	1705.0
11	1705.0
12	1705.0
13	1705.0
14	1705.0
15	4501.0
16	4501.0
17	4501.0
18	4501.0
19	4501.0
20	32555.0
21	32555.0
22	32555.0
23	32555.0
24	32555.0
25	33026.0
26	33026.0
27	33026.0
28	33026.0
29	33026.0
30	2309.0
31	2309.0
32	2309.0
33	2309.0
34	2309.0
35	26942.0
36	26942.0
37	26942.0
38	26942.0
39	26942.0
40	9760.0
41	9760.0
42	9760.0
43	9760.0
44	9760.0
45	12553.0
46	12553.0
47	12553.0
48	12553.0
49	12553.0
50	47473.0
51	47473.0
52	47473.0
53	47473.0
54	47473.0
55	9568.0
56	9568.0
57	9568.0
58	9568.0
59	9568.0
60	20787.0
61	20787.0
62	20787.0
63	20787.0
64	20787.0
65	14136.0
66	14136.0
67	14136.0
68	14136.0
69	14136.0
70	6960.0
71	6960.0
72	6960.0
73	6960.0
74	6960.0
75	33151.0
76	33151.0
77	33151.0
78	33151.0
79	33151.0
80	35639.0
81	35639.0
82	35639.0
83	35639.0
84	35639.0
85	39057.0
86	39057.0
87	39057.0
88	39057.0
89	39057.0
90	43414.0
91	43414.0
92	43414.0
93	43414.0
94	43414.0
95	18738.0
96	18738.0
97	18738.0
98	18738.0
99	18738.0
100	16448.0
101	16448.0
102	16448.0
103	16448.0
104	16448.0
105	44010.0
106	44010.0
107	44010.0
108	44010.0
109	44010.0
110	45225.0
111	45225.0
112	45225.0
113	45225.0
114	45225.0
115	49867.0
116	49867.0
117	49867.0
118	49867.0
119	49867.0
120	14047.0
121	14047.0
122	14047.0
123	14047.0
124	14047.0
125	3014.0
126	3014.0
127	3014.0
128	3014.0
129	3014.0
130	47213.0
131	47213.0
132	47213.0
133	47213.0
134	47213.0
135	44304.0
136	44304.0
137	44304.0
138	44304.0
139	44304.0
140	44429.0
141	44429.0
142	44429.0
143	44429.0
144	44429.0
145	42596.0
146	42596.0
147	42596.0
148	42596.0
149	42596.0
150	31958.0
151	31958.0
152	31958.0
153	31958.0
154	31958.0
155	12045.0
156	12045.0
157	12045.0
158	12045.0
159	12045.0
160	3120.0
161	3120.0
162	3120.0
163	3120.0
164	3120.0
165	1059.0
166	1059.0
167	1059.0
168	1059.0
169	1059.0
170	30861.0
171	30861.0
172	30861.0
173	30861.0
174	30861.0
175	7013.0
176	7013.0
177	7013.0
178	7013.0
179	7013.0
180	26139.0
181	26139.0
182	26139.0
183	26139.0
184	26139.0
185	16708.0
186	16708.0
187	16708.0
188	16708.0
189	16708.0
190	38781.0
191	38781.0
192	38781.0
193	38781.0
194	38781.0
195	31523.0
196	31523.0
197	31523.0
198	31523.0
199	31523.0
200	34679.0
201	34679.0
202	34679.0
203	34679.0
204	34679.0
205	42563.0
206	42563.0
207	42563.0
208	42563.0
209	42563.0
210	15297.0
211	15297.0
212	15297.0
213	15297.0
214	15297.0
215	26870.0
216	26870.0
217	26870.0
218	26870.0
219	26870.0
220	16366.0
221	16366.0
222	16366.0
223	16366.0
224	16366.0
225	28335.0
226	28335.0
227	28335.0
228	28335.0
229	28335.0
230	27230.0
231	27230.0
232	27230.0
233	27230.0
234	27230.0
235	44127.0
236	44127.0
237	44127.0
238	44127.0
239	44127.0
240	45570.0
241	45570.0
242	45570.0
243	45570.0
244	45570.0
245	8073.0
246	8073.0
247	8073.0
248	8073.0
249	8073.0
