0	27891.0
1	27891.0
2	27891.0
3	27891.0
4	27891.0
5	19437.0
6	19437.0
7	19437.0
8	19437.0
9	19437.0
10	44999.0
11	44999.0
12	44999.0
13	44999.0
14	44999.0
15	42136.0
16	42136.0
17	42136.0
18	42136.0
19	42136.0
20	21389.0
21	21389.0
22	21389.0
23	21389.0
24	21389.0
25	14054.0
26	14054.0
27	14054.0
28	14054.0
29	14054.0
30	26507.0
31	26507.0
32	26507.0
33	26507.0
34	26507.0
35	9875.0
36	9875.0
37	9875.0
38	9875.0
39	9875.0
40	31729.0
41	31729.0
42	31729.0
43	31729.0
44	31729.0
45	15578.0
46	15578.0
47	15578.0
48	15578.0
49	15578.0
50	50962.0
51	50962.0
52	50962.0
53	50962.0
54	50962.0
55	30524.0
56	30524.0
57	30524.0
58	30524.0
59	30524.0
60	6671.0
61	6671.0
62	6671.0
63	6671.0
64	6671.0
65	43153.0
66	43153.0
67	43153.0
68	43153.0
69	43153.0
70	3335.0
71	3335.0
72	3335.0
73	3335.0
74	3335.0
75	32212.0
76	32212.0
77	32212.0
78	32212.0
79	32212.0
80	35215.0
81	35215.0
82	35215.0
83	35215.0
84	35215.0
85	29835.0
86	29835.0
87	29835.0
88	29835.0
89	29835.0
90	45549.0
91	45549.0
92	45549.0
93	45549.0
94	45549.0
95	3198.0
96	3198.0
97	3198.0
98	3198.0
99	3198.0
100	28757.0
101	28757.0
102	28757.0
103	28757.0
104	28757.0
105	41512.0
106	41512.0
107	41512.0
108	41512.0
109	41512.0
110	10128.0
111	10128.0
112	10128.0
113	10128.0
114	10128.0
115	22242.0
116	22242.0
117	22242.0
118	22242.0
119	22242.0
120	34558.0
121	34558.0
122	34558.0
123	34558.0
124	34558.0
125	48293.0
126	48293.0
127	48293.0
128	48293.0
129	48293.0
130	30756.0
131	30756.0
132	30756.0
133	30756.0
134	30756.0
135	32336.0
136	32336.0
137	32336.0
138	32336.0
139	32336.0
140	20967.0
141	20967.0
142	20967.0
143	20967.0
144	20967.0
145	12361.0
146	12361.0
147	12361.0
148	12361.0
149	12361.0
150	12542.0
151	12542.0
152	12542.0
153	12542.0
154	12542.0
155	7045.0
156	7045.0
157	7045.0
158	7045.0
159	7045.0
160	11001.0
161	11001.0
162	11001.0
163	11001.0
164	11001.0
165	20032.0
166	20032.0
167	20032.0
168	20032.0
169	20032.0
170	5177.0
171	5177.0
172	5177.0
173	5177.0
174	5177.0
175	22001.0
176	22001.0
177	22001.0
178	22001.0
179	22001.0
180	38380.0
181	38380.0
182	38380.0
183	38380.0
184	38380.0
185	46468.0
186	46468.0
187	46468.0
188	46468.0
189	46468.0
190	49603.0
191	49603.0
192	49603.0
193	49603.0
194	49603.0
195	53597.0
196	53597.0
197	53597.0
198	53597.0
199	53597.0
200	20670.0
201	20670.0
202	20670.0
203	20670.0
204	20670.0
205	1484.0
206	1484.0
207	1484.0
208	1484.0
209	1484.0
210	37869.0
211	37869.0
212	37869.0
213	37869.0
214	37869.0
215	32863.0
216	32863.0
217	32863.0
218	32863.0
219	32863.0
220	49365.0
221	49365.0
222	49365.0
223	49365.0
224	49365.0
225	3197.0
226	3197.0
227	3197.0
228	3197.0
229	3197.0
230	24349.0
231	24349.0
232	24349.0
233	24349.0
234	24349.0
235	51377.0
236	51377.0
237	51377.0
238	51377.0
239	51377.0
240	53239.0
241	53239.0
242	53239.0
243	53239.0
244	53239.0
245	50539.0
246	50539.0
247	50539.0
248	50539.0
249	50539.0
