0	4007.0
1	4007.0
2	4007.0
3	4007.0
4	4007.0
5	29617.0
6	29617.0
7	29617.0
8	29617.0
9	29617.0
10	24068.0
11	24068.0
12	24068.0
13	24068.0
14	24068.0
15	29998.0
16	29998.0
17	29998.0
18	29998.0
19	29998.0
20	9143.0
21	9143.0
22	9143.0
23	9143.0
24	9143.0
25	16556.0
26	16556.0
27	16556.0
28	16556.0
29	16556.0
30	14802.0
31	14802.0
32	14802.0
33	14802.0
34	14802.0
35	11288.0
36	11288.0
37	11288.0
38	11288.0
39	11288.0
40	33252.0
41	33252.0
42	33252.0
43	33252.0
44	33252.0
45	33588.0
46	33588.0
47	33588.0
48	33588.0
49	33588.0
50	11209.0
51	11209.0
52	11209.0
53	11209.0
54	11209.0
55	49230.0
56	49230.0
57	49230.0
58	49230.0
59	49230.0
60	49856.0
61	49856.0
62	49856.0
63	49856.0
64	49856.0
65	15632.0
66	15632.0
67	15632.0
68	15632.0
69	15632.0
70	41851.0
71	41851.0
72	41851.0
73	41851.0
74	41851.0
75	52441.0
76	52441.0
77	52441.0
78	52441.0
79	52441.0
80	36662.0
81	36662.0
82	36662.0
83	36662.0
84	36662.0
85	22532.0
86	22532.0
87	22532.0
88	22532.0
89	22532.0
90	49612.0
91	49612.0
92	49612.0
93	49612.0
94	49612.0
95	38559.0
96	38559.0
97	38559.0
98	38559.0
99	38559.0
100	25295.0
101	25295.0
102	25295.0
103	25295.0
104	25295.0
105	17736.0
106	17736.0
107	17736.0
108	17736.0
109	17736.0
110	17881.0
111	17881.0
112	17881.0
113	17881.0
114	17881.0
115	37687.0
116	37687.0
117	37687.0
118	37687.0
119	37687.0
120	4660.0
121	4660.0
122	4660.0
123	4660.0
124	4660.0
125	42554.0
126	42554.0
127	42554.0
128	42554.0
129	42554.0
130	51704.0
131	51704.0
132	51704.0
133	51704.0
134	51704.0
135	2287.0
136	2287.0
137	2287.0
138	2287.0
139	2287.0
140	20555.0
141	20555.0
142	20555.0
143	20555.0
144	20555.0
145	32525.0
146	32525.0
147	32525.0
148	32525.0
149	32525.0
150	20735.0
151	20735.0
152	20735.0
153	20735.0
154	20735.0
155	19247.0
156	19247.0
157	19247.0
158	19247.0
159	19247.0
160	5211.0
161	5211.0
162	5211.0
163	5211.0
164	5211.0
165	21627.0
166	21627.0
167	21627.0
168	21627.0
169	21627.0
170	23176.0
171	23176.0
172	23176.0
173	23176.0
174	23176.0
175	8343.0
176	8343.0
177	8343.0
178	8343.0
179	8343.0
180	10045.0
181	10045.0
182	10045.0
183	10045.0
184	10045.0
185	3363.0
186	3363.0
187	3363.0
188	3363.0
189	3363.0
190	32633.0
191	32633.0
192	32633.0
193	32633.0
194	32633.0
195	39855.0
196	39855.0
197	39855.0
198	39855.0
199	39855.0
200	48850.0
201	48850.0
202	48850.0
203	48850.0
204	48850.0
205	7598.0
206	7598.0
207	7598.0
208	7598.0
209	7598.0
210	30955.0
211	30955.0
212	30955.0
213	30955.0
214	30955.0
215	40660.0
216	40660.0
217	40660.0
218	40660.0
219	40660.0
220	5268.0
221	5268.0
222	5268.0
223	5268.0
224	5268.0
225	32035.0
226	32035.0
227	32035.0
228	32035.0
229	32035.0
230	31685.0
231	31685.0
232	31685.0
233	31685.0
234	31685.0
235	52852.0
236	52852.0
237	52852.0
238	52852.0
239	52852.0
240	12812.0
241	12812.0
242	12812.0
243	12812.0
244	12812.0
245	2480.0
246	2480.0
247	2480.0
248	2480.0
249	2480.0
