0	9098.0
1	9098.0
2	9098.0
3	9098.0
4	9098.0
5	15524.0
6	15524.0
7	15524.0
8	15524.0
9	15524.0
10	15671.0
11	15671.0
12	15671.0
13	15671.0
14	15671.0
15	43175.0
16	43175.0
17	43175.0
18	43175.0
19	43175.0
20	38105.0
21	38105.0
22	38105.0
23	38105.0
24	38105.0
25	37862.0
26	37862.0
27	37862.0
28	37862.0
29	37862.0
30	48118.0
31	48118.0
32	48118.0
33	48118.0
34	48118.0
35	21212.0
36	21212.0
37	21212.0
38	21212.0
39	21212.0
40	45701.0
41	45701.0
42	45701.0
43	45701.0
44	45701.0
45	13454.0
46	13454.0
47	13454.0
48	13454.0
49	13454.0
50	44429.0
51	44429.0
52	44429.0
53	44429.0
54	44429.0
55	15862.0
56	15862.0
57	15862.0
58	15862.0
59	15862.0
60	4914.0
61	4914.0
62	4914.0
63	4914.0
64	4914.0
65	10724.0
66	10724.0
67	10724.0
68	10724.0
69	10724.0
70	7431.0
71	7431.0
72	7431.0
73	7431.0
74	7431.0
75	23333.0
76	23333.0
77	23333.0
78	23333.0
79	23333.0
80	17003.0
81	17003.0
82	17003.0
83	17003.0
84	17003.0
85	46261.0
86	46261.0
87	46261.0
88	46261.0
89	46261.0
90	15490.0
91	15490.0
92	15490.0
93	15490.0
94	15490.0
95	12627.0
96	12627.0
97	12627.0
98	12627.0
99	12627.0
100	25738.0
101	25738.0
102	25738.0
103	25738.0
104	25738.0
105	17297.0
106	17297.0
107	17297.0
108	17297.0
109	17297.0
110	19555.0
111	19555.0
112	19555.0
113	19555.0
114	19555.0
115	43465.0
116	43465.0
117	43465.0
118	43465.0
119	43465.0
120	34035.0
121	34035.0
122	34035.0
123	34035.0
124	34035.0
125	20894.0
126	20894.0
127	20894.0
128	20894.0
129	20894.0
130	11125.0
131	11125.0
132	11125.0
133	11125.0
134	11125.0
135	16339.0
136	16339.0
137	16339.0
138	16339.0
139	16339.0
140	3397.0
141	3397.0
142	3397.0
143	3397.0
144	3397.0
145	26279.0
146	26279.0
147	26279.0
148	26279.0
149	26279.0
150	43893.0
151	43893.0
152	43893.0
153	43893.0
154	43893.0
155	22612.0
156	22612.0
157	22612.0
158	22612.0
159	22612.0
160	39479.0
161	39479.0
162	39479.0
163	39479.0
164	39479.0
165	12489.0
166	12489.0
167	12489.0
168	12489.0
169	12489.0
170	34071.0
171	34071.0
172	34071.0
173	34071.0
174	34071.0
175	37790.0
176	37790.0
177	37790.0
178	37790.0
179	37790.0
180	6169.0
181	6169.0
182	6169.0
183	6169.0
184	6169.0
185	50811.0
186	50811.0
187	50811.0
188	50811.0
189	50811.0
190	8566.0
191	8566.0
192	8566.0
193	8566.0
194	8566.0
195	12993.0
196	12993.0
197	12993.0
198	12993.0
199	12993.0
200	41935.0
201	41935.0
202	41935.0
203	41935.0
204	41935.0
205	7387.0
206	7387.0
207	7387.0
208	7387.0
209	7387.0
210	20960.0
211	20960.0
212	20960.0
213	20960.0
214	20960.0
215	44641.0
216	44641.0
217	44641.0
218	44641.0
219	44641.0
220	9313.0
221	9313.0
222	9313.0
223	9313.0
224	9313.0
225	25535.0
226	25535.0
227	25535.0
228	25535.0
229	25535.0
230	983.0
231	983.0
232	983.0
233	983.0
234	983.0
235	40913.0
236	40913.0
237	40913.0
238	40913.0
239	40913.0
240	7110.0
241	7110.0
242	7110.0
243	7110.0
244	7110.0
245	35176.0
246	35176.0
247	35176.0
248	35176.0
249	35176.0
