0	48874.0
1	48874.0
2	48874.0
3	48874.0
4	48874.0
5	201047.0
6	201047.0
7	201047.0
8	201047.0
9	201047.0
10	204119.0
11	204119.0
12	204119.0
13	204119.0
14	204119.0
15	220272.0
16	220272.0
17	220272.0
18	220272.0
19	220272.0
20	244529.0
21	244529.0
22	244529.0
23	244529.0
24	244529.0
25	145852.0
26	145852.0
27	145852.0
28	145852.0
29	145852.0
30	252136.0
31	252136.0
32	252136.0
33	252136.0
34	252136.0
35	236284.0
36	236284.0
37	236284.0
38	236284.0
39	236284.0
40	277307.0
41	277307.0
42	277307.0
43	277307.0
44	277307.0
45	285924.0
46	285924.0
47	285924.0
48	285924.0
49	285924.0
50	418788.0
51	418788.0
52	418788.0
53	418788.0
54	418788.0
55	198840.0
56	198840.0
57	198840.0
58	198840.0
59	198840.0
60	19429.0
61	19429.0
62	19429.0
63	19429.0
64	19429.0
65	291714.0
66	291714.0
67	291714.0
68	291714.0
69	291714.0
70	373848.0
71	373848.0
72	373848.0
73	373848.0
74	373848.0
75	378961.0
76	378961.0
77	378961.0
78	378961.0
79	378961.0
80	114645.0
81	114645.0
82	114645.0
83	114645.0
84	114645.0
85	196401.0
86	196401.0
87	196401.0
88	196401.0
89	196401.0
90	326421.0
91	326421.0
92	326421.0
93	326421.0
94	326421.0
95	185887.0
96	185887.0
97	185887.0
98	185887.0
99	185887.0
100	373861.0
101	373861.0
102	373861.0
103	373861.0
104	373861.0
105	418315.0
106	418315.0
107	418315.0
108	418315.0
109	418315.0
110	339318.0
111	339318.0
112	339318.0
113	339318.0
114	339318.0
115	287755.0
116	287755.0
117	287755.0
118	287755.0
119	287755.0
120	394090.0
121	394090.0
122	394090.0
123	394090.0
124	394090.0
125	269160.0
126	269160.0
127	269160.0
128	269160.0
129	269160.0
130	259544.0
131	259544.0
132	259544.0
133	259544.0
134	259544.0
135	132175.0
136	132175.0
137	132175.0
138	132175.0
139	132175.0
140	409824.0
141	409824.0
142	409824.0
143	409824.0
144	409824.0
145	201633.0
146	201633.0
147	201633.0
148	201633.0
149	201633.0
150	287047.0
151	287047.0
152	287047.0
153	287047.0
154	287047.0
155	206256.0
156	206256.0
157	206256.0
158	206256.0
159	206256.0
160	322644.0
161	322644.0
162	322644.0
163	322644.0
164	322644.0
165	203513.0
166	203513.0
167	203513.0
168	203513.0
169	203513.0
170	176695.0
171	176695.0
172	176695.0
173	176695.0
174	176695.0
175	9865.0
176	9865.0
177	9865.0
178	9865.0
179	9865.0
180	114320.0
181	114320.0
182	114320.0
183	114320.0
184	114320.0
185	195974.0
186	195974.0
187	195974.0
188	195974.0
189	195974.0
190	72082.0
191	72082.0
192	72082.0
193	72082.0
194	72082.0
195	277083.0
196	277083.0
197	277083.0
198	277083.0
199	277083.0
200	419618.0
201	419618.0
202	419618.0
203	419618.0
204	419618.0
205	205742.0
206	205742.0
207	205742.0
208	205742.0
209	205742.0
210	300661.0
211	300661.0
212	300661.0
213	300661.0
214	300661.0
215	25938.0
216	25938.0
217	25938.0
218	25938.0
219	25938.0
220	368557.0
221	368557.0
222	368557.0
223	368557.0
224	368557.0
225	326011.0
226	326011.0
227	326011.0
228	326011.0
229	326011.0
230	144905.0
231	144905.0
232	144905.0
233	144905.0
234	144905.0
235	228671.0
236	228671.0
237	228671.0
238	228671.0
239	228671.0
240	219146.0
241	219146.0
242	219146.0
243	219146.0
244	219146.0
245	319510.0
246	319510.0
247	319510.0
248	319510.0
249	319510.0
