0	230862.0
1	230862.0
2	230862.0
3	230862.0
4	230862.0
5	181961.0
6	181961.0
7	181961.0
8	181961.0
9	181961.0
10	97880.0
11	97880.0
12	97880.0
13	97880.0
14	97880.0
15	322134.0
16	322134.0
17	322134.0
18	322134.0
19	322134.0
20	142970.0
21	142970.0
22	142970.0
23	142970.0
24	142970.0
25	83641.0
26	83641.0
27	83641.0
28	83641.0
29	83641.0
30	83088.0
31	83088.0
32	83088.0
33	83088.0
34	83088.0
35	64322.0
36	64322.0
37	64322.0
38	64322.0
39	64322.0
40	140044.0
41	140044.0
42	140044.0
43	140044.0
44	140044.0
45	205491.0
46	205491.0
47	205491.0
48	205491.0
49	205491.0
50	106605.0
51	106605.0
52	106605.0
53	106605.0
54	106605.0
55	242495.0
56	242495.0
57	242495.0
58	242495.0
59	242495.0
60	259903.0
61	259903.0
62	259903.0
63	259903.0
64	259903.0
65	355537.0
66	355537.0
67	355537.0
68	355537.0
69	355537.0
70	77999.0
71	77999.0
72	77999.0
73	77999.0
74	77999.0
75	218788.0
76	218788.0
77	218788.0
78	218788.0
79	218788.0
80	395979.0
81	395979.0
82	395979.0
83	395979.0
84	395979.0
85	370525.0
86	370525.0
87	370525.0
88	370525.0
89	370525.0
90	73852.0
91	73852.0
92	73852.0
93	73852.0
94	73852.0
95	329650.0
96	329650.0
97	329650.0
98	329650.0
99	329650.0
100	172749.0
101	172749.0
102	172749.0
103	172749.0
104	172749.0
105	418667.0
106	418667.0
107	418667.0
108	418667.0
109	418667.0
110	43152.0
111	43152.0
112	43152.0
113	43152.0
114	43152.0
115	118307.0
116	118307.0
117	118307.0
118	118307.0
119	118307.0
120	256991.0
121	256991.0
122	256991.0
123	256991.0
124	256991.0
125	150733.0
126	150733.0
127	150733.0
128	150733.0
129	150733.0
130	410394.0
131	410394.0
132	410394.0
133	410394.0
134	410394.0
135	249655.0
136	249655.0
137	249655.0
138	249655.0
139	249655.0
140	388863.0
141	388863.0
142	388863.0
143	388863.0
144	388863.0
145	421525.0
146	421525.0
147	421525.0
148	421525.0
149	421525.0
150	32682.0
151	32682.0
152	32682.0
153	32682.0
154	32682.0
155	391795.0
156	391795.0
157	391795.0
158	391795.0
159	391795.0
160	291790.0
161	291790.0
162	291790.0
163	291790.0
164	291790.0
165	26622.0
166	26622.0
167	26622.0
168	26622.0
169	26622.0
170	118262.0
171	118262.0
172	118262.0
173	118262.0
174	118262.0
175	222385.0
176	222385.0
177	222385.0
178	222385.0
179	222385.0
180	384184.0
181	384184.0
182	384184.0
183	384184.0
184	384184.0
185	97847.0
186	97847.0
187	97847.0
188	97847.0
189	97847.0
190	123942.0
191	123942.0
192	123942.0
193	123942.0
194	123942.0
195	283418.0
196	283418.0
197	283418.0
198	283418.0
199	283418.0
200	232620.0
201	232620.0
202	232620.0
203	232620.0
204	232620.0
205	82994.0
206	82994.0
207	82994.0
208	82994.0
209	82994.0
210	46399.0
211	46399.0
212	46399.0
213	46399.0
214	46399.0
215	343178.0
216	343178.0
217	343178.0
218	343178.0
219	343178.0
220	193760.0
221	193760.0
222	193760.0
223	193760.0
224	193760.0
225	295008.0
226	295008.0
227	295008.0
228	295008.0
229	295008.0
230	193761.0
231	193761.0
232	193761.0
233	193761.0
234	193761.0
235	423642.0
236	423642.0
237	423642.0
238	423642.0
239	423642.0
240	61482.0
241	61482.0
242	61482.0
243	61482.0
244	61482.0
245	216062.0
246	216062.0
247	216062.0
248	216062.0
249	216062.0
