0	397550.0
1	397550.0
2	397550.0
3	397550.0
4	397550.0
5	129621.0
6	129621.0
7	129621.0
8	129621.0
9	129621.0
10	346699.0
11	346699.0
12	346699.0
13	346699.0
14	346699.0
15	28134.0
16	28134.0
17	28134.0
18	28134.0
19	28134.0
20	159458.0
21	159458.0
22	159458.0
23	159458.0
24	159458.0
25	406278.0
26	406278.0
27	406278.0
28	406278.0
29	406278.0
30	393791.0
31	393791.0
32	393791.0
33	393791.0
34	393791.0
35	428209.0
36	428209.0
37	428209.0
38	428209.0
39	428209.0
40	171917.0
41	171917.0
42	171917.0
43	171917.0
44	171917.0
45	36210.0
46	36210.0
47	36210.0
48	36210.0
49	36210.0
50	316503.0
51	316503.0
52	316503.0
53	316503.0
54	316503.0
55	2638.0
56	2638.0
57	2638.0
58	2638.0
59	2638.0
60	111170.0
61	111170.0
62	111170.0
63	111170.0
64	111170.0
65	422248.0
66	422248.0
67	422248.0
68	422248.0
69	422248.0
70	178042.0
71	178042.0
72	178042.0
73	178042.0
74	178042.0
75	135424.0
76	135424.0
77	135424.0
78	135424.0
79	135424.0
80	6260.0
81	6260.0
82	6260.0
83	6260.0
84	6260.0
85	234828.0
86	234828.0
87	234828.0
88	234828.0
89	234828.0
90	123247.0
91	123247.0
92	123247.0
93	123247.0
94	123247.0
95	4482.0
96	4482.0
97	4482.0
98	4482.0
99	4482.0
100	420632.0
101	420632.0
102	420632.0
103	420632.0
104	420632.0
105	370864.0
106	370864.0
107	370864.0
108	370864.0
109	370864.0
110	294190.0
111	294190.0
112	294190.0
113	294190.0
114	294190.0
115	40813.0
116	40813.0
117	40813.0
118	40813.0
119	40813.0
120	237283.0
121	237283.0
122	237283.0
123	237283.0
124	237283.0
125	98109.0
126	98109.0
127	98109.0
128	98109.0
129	98109.0
130	417788.0
131	417788.0
132	417788.0
133	417788.0
134	417788.0
135	163705.0
136	163705.0
137	163705.0
138	163705.0
139	163705.0
140	30652.0
141	30652.0
142	30652.0
143	30652.0
144	30652.0
145	271518.0
146	271518.0
147	271518.0
148	271518.0
149	271518.0
150	141786.0
151	141786.0
152	141786.0
153	141786.0
154	141786.0
155	111369.0
156	111369.0
157	111369.0
158	111369.0
159	111369.0
160	227586.0
161	227586.0
162	227586.0
163	227586.0
164	227586.0
165	238077.0
166	238077.0
167	238077.0
168	238077.0
169	238077.0
170	129318.0
171	129318.0
172	129318.0
173	129318.0
174	129318.0
175	48536.0
176	48536.0
177	48536.0
178	48536.0
179	48536.0
180	349414.0
181	349414.0
182	349414.0
183	349414.0
184	349414.0
185	75548.0
186	75548.0
187	75548.0
188	75548.0
189	75548.0
190	215328.0
191	215328.0
192	215328.0
193	215328.0
194	215328.0
195	113736.0
196	113736.0
197	113736.0
198	113736.0
199	113736.0
200	160671.0
201	160671.0
202	160671.0
203	160671.0
204	160671.0
205	155902.0
206	155902.0
207	155902.0
208	155902.0
209	155902.0
210	294079.0
211	294079.0
212	294079.0
213	294079.0
214	294079.0
215	263797.0
216	263797.0
217	263797.0
218	263797.0
219	263797.0
220	241888.0
221	241888.0
222	241888.0
223	241888.0
224	241888.0
225	352337.0
226	352337.0
227	352337.0
228	352337.0
229	352337.0
230	147920.0
231	147920.0
232	147920.0
233	147920.0
234	147920.0
235	187706.0
236	187706.0
237	187706.0
238	187706.0
239	187706.0
240	5180.0
241	5180.0
242	5180.0
243	5180.0
244	5180.0
245	342737.0
246	342737.0
247	342737.0
248	342737.0
249	342737.0
