0	403882.0
1	403882.0
2	403882.0
3	403882.0
4	403882.0
5	478429.0
6	478429.0
7	478429.0
8	478429.0
9	478429.0
10	95376.0
11	95376.0
12	95376.0
13	95376.0
14	95376.0
15	72652.0
16	72652.0
17	72652.0
18	72652.0
19	72652.0
20	208454.0
21	208454.0
22	208454.0
23	208454.0
24	208454.0
25	513685.0
26	513685.0
27	513685.0
28	513685.0
29	513685.0
30	519801.0
31	519801.0
32	519801.0
33	519801.0
34	519801.0
35	100851.0
36	100851.0
37	100851.0
38	100851.0
39	100851.0
40	194101.0
41	194101.0
42	194101.0
43	194101.0
44	194101.0
45	490871.0
46	490871.0
47	490871.0
48	490871.0
49	490871.0
50	487508.0
51	487508.0
52	487508.0
53	487508.0
54	487508.0
55	225275.0
56	225275.0
57	225275.0
58	225275.0
59	225275.0
60	290143.0
61	290143.0
62	290143.0
63	290143.0
64	290143.0
65	388630.0
66	388630.0
67	388630.0
68	388630.0
69	388630.0
70	272231.0
71	272231.0
72	272231.0
73	272231.0
74	272231.0
75	189725.0
76	189725.0
77	189725.0
78	189725.0
79	189725.0
80	554901.0
81	554901.0
82	554901.0
83	554901.0
84	554901.0
85	418679.0
86	418679.0
87	418679.0
88	418679.0
89	418679.0
90	452051.0
91	452051.0
92	452051.0
93	452051.0
94	452051.0
95	351463.0
96	351463.0
97	351463.0
98	351463.0
99	351463.0
100	341261.0
101	341261.0
102	341261.0
103	341261.0
104	341261.0
105	65259.0
106	65259.0
107	65259.0
108	65259.0
109	65259.0
110	136660.0
111	136660.0
112	136660.0
113	136660.0
114	136660.0
115	160984.0
116	160984.0
117	160984.0
118	160984.0
119	160984.0
120	303840.0
121	303840.0
122	303840.0
123	303840.0
124	303840.0
125	453694.0
126	453694.0
127	453694.0
128	453694.0
129	453694.0
130	486843.0
131	486843.0
132	486843.0
133	486843.0
134	486843.0
135	394153.0
136	394153.0
137	394153.0
138	394153.0
139	394153.0
140	343276.0
141	343276.0
142	343276.0
143	343276.0
144	343276.0
145	392217.0
146	392217.0
147	392217.0
148	392217.0
149	392217.0
150	283084.0
151	283084.0
152	283084.0
153	283084.0
154	283084.0
155	279002.0
156	279002.0
157	279002.0
158	279002.0
159	279002.0
160	493133.0
161	493133.0
162	493133.0
163	493133.0
164	493133.0
165	413198.0
166	413198.0
167	413198.0
168	413198.0
169	413198.0
170	95707.0
171	95707.0
172	95707.0
173	95707.0
174	95707.0
175	532507.0
176	532507.0
177	532507.0
178	532507.0
179	532507.0
180	152042.0
181	152042.0
182	152042.0
183	152042.0
184	152042.0
185	108418.0
186	108418.0
187	108418.0
188	108418.0
189	108418.0
190	214329.0
191	214329.0
192	214329.0
193	214329.0
194	214329.0
195	416170.0
196	416170.0
197	416170.0
198	416170.0
199	416170.0
200	157918.0
201	157918.0
202	157918.0
203	157918.0
204	157918.0
205	471443.0
206	471443.0
207	471443.0
208	471443.0
209	471443.0
210	409747.0
211	409747.0
212	409747.0
213	409747.0
214	409747.0
215	164180.0
216	164180.0
217	164180.0
218	164180.0
219	164180.0
220	130568.0
221	130568.0
222	130568.0
223	130568.0
224	130568.0
225	83240.0
226	83240.0
227	83240.0
228	83240.0
229	83240.0
230	206070.0
231	206070.0
232	206070.0
233	206070.0
234	206070.0
235	101842.0
236	101842.0
237	101842.0
238	101842.0
239	101842.0
240	512923.0
241	512923.0
242	512923.0
243	512923.0
244	512923.0
245	502620.0
246	502620.0
247	502620.0
248	502620.0
249	502620.0
