0	195819.0
1	195819.0
2	195819.0
3	195819.0
4	195819.0
5	19107.0
6	19107.0
7	19107.0
8	19107.0
9	19107.0
10	404246.0
11	404246.0
12	404246.0
13	404246.0
14	404246.0
15	290720.0
16	290720.0
17	290720.0
18	290720.0
19	290720.0
20	295292.0
21	295292.0
22	295292.0
23	295292.0
24	295292.0
25	132868.0
26	132868.0
27	132868.0
28	132868.0
29	132868.0
30	94310.0
31	94310.0
32	94310.0
33	94310.0
34	94310.0
35	475759.0
36	475759.0
37	475759.0
38	475759.0
39	475759.0
40	352448.0
41	352448.0
42	352448.0
43	352448.0
44	352448.0
45	282419.0
46	282419.0
47	282419.0
48	282419.0
49	282419.0
50	39432.0
51	39432.0
52	39432.0
53	39432.0
54	39432.0
55	528530.0
56	528530.0
57	528530.0
58	528530.0
59	528530.0
60	429261.0
61	429261.0
62	429261.0
63	429261.0
64	429261.0
65	525537.0
66	525537.0
67	525537.0
68	525537.0
69	525537.0
70	612156.0
71	612156.0
72	612156.0
73	612156.0
74	612156.0
75	305489.0
76	305489.0
77	305489.0
78	305489.0
79	305489.0
80	180384.0
81	180384.0
82	180384.0
83	180384.0
84	180384.0
85	60596.0
86	60596.0
87	60596.0
88	60596.0
89	60596.0
90	138600.0
91	138600.0
92	138600.0
93	138600.0
94	138600.0
95	334677.0
96	334677.0
97	334677.0
98	334677.0
99	334677.0
100	441353.0
101	441353.0
102	441353.0
103	441353.0
104	441353.0
105	126627.0
106	126627.0
107	126627.0
108	126627.0
109	126627.0
110	508669.0
111	508669.0
112	508669.0
113	508669.0
114	508669.0
115	201280.0
116	201280.0
117	201280.0
118	201280.0
119	201280.0
120	454852.0
121	454852.0
122	454852.0
123	454852.0
124	454852.0
125	47986.0
126	47986.0
127	47986.0
128	47986.0
129	47986.0
130	530319.0
131	530319.0
132	530319.0
133	530319.0
134	530319.0
135	65834.0
136	65834.0
137	65834.0
138	65834.0
139	65834.0
140	498534.0
141	498534.0
142	498534.0
143	498534.0
144	498534.0
145	173563.0
146	173563.0
147	173563.0
148	173563.0
149	173563.0
150	217162.0
151	217162.0
152	217162.0
153	217162.0
154	217162.0
155	467336.0
156	467336.0
157	467336.0
158	467336.0
159	467336.0
160	138148.0
161	138148.0
162	138148.0
163	138148.0
164	138148.0
165	104481.0
166	104481.0
167	104481.0
168	104481.0
169	104481.0
170	326408.0
171	326408.0
172	326408.0
173	326408.0
174	326408.0
175	493242.0
176	493242.0
177	493242.0
178	493242.0
179	493242.0
180	31821.0
181	31821.0
182	31821.0
183	31821.0
184	31821.0
185	342343.0
186	342343.0
187	342343.0
188	342343.0
189	342343.0
190	143221.0
191	143221.0
192	143221.0
193	143221.0
194	143221.0
195	356524.0
196	356524.0
197	356524.0
198	356524.0
199	356524.0
200	212758.0
201	212758.0
202	212758.0
203	212758.0
204	212758.0
205	159107.0
206	159107.0
207	159107.0
208	159107.0
209	159107.0
210	634016.0
211	634016.0
212	634016.0
213	634016.0
214	634016.0
215	283003.0
216	283003.0
217	283003.0
218	283003.0
219	283003.0
220	193675.0
221	193675.0
222	193675.0
223	193675.0
224	193675.0
225	228793.0
226	228793.0
227	228793.0
228	228793.0
229	228793.0
230	521764.0
231	521764.0
232	521764.0
233	521764.0
234	521764.0
235	378087.0
236	378087.0
237	378087.0
238	378087.0
239	378087.0
240	275250.0
241	275250.0
242	275250.0
243	275250.0
244	275250.0
245	164187.0
246	164187.0
247	164187.0
248	164187.0
249	164187.0
