0	177811.0
1	177811.0
2	177811.0
3	177811.0
4	177811.0
5	592097.0
6	592097.0
7	592097.0
8	592097.0
9	592097.0
10	577723.0
11	577723.0
12	577723.0
13	577723.0
14	577723.0
15	466114.0
16	466114.0
17	466114.0
18	466114.0
19	466114.0
20	410042.0
21	410042.0
22	410042.0
23	410042.0
24	410042.0
25	511452.0
26	511452.0
27	511452.0
28	511452.0
29	511452.0
30	600301.0
31	600301.0
32	600301.0
33	600301.0
34	600301.0
35	126890.0
36	126890.0
37	126890.0
38	126890.0
39	126890.0
40	277252.0
41	277252.0
42	277252.0
43	277252.0
44	277252.0
45	48931.0
46	48931.0
47	48931.0
48	48931.0
49	48931.0
50	164752.0
51	164752.0
52	164752.0
53	164752.0
54	164752.0
55	57796.0
56	57796.0
57	57796.0
58	57796.0
59	57796.0
60	45767.0
61	45767.0
62	45767.0
63	45767.0
64	45767.0
65	150553.0
66	150553.0
67	150553.0
68	150553.0
69	150553.0
70	473358.0
71	473358.0
72	473358.0
73	473358.0
74	473358.0
75	328731.0
76	328731.0
77	328731.0
78	328731.0
79	328731.0
80	241726.0
81	241726.0
82	241726.0
83	241726.0
84	241726.0
85	247299.0
86	247299.0
87	247299.0
88	247299.0
89	247299.0
90	84063.0
91	84063.0
92	84063.0
93	84063.0
94	84063.0
95	377283.0
96	377283.0
97	377283.0
98	377283.0
99	377283.0
100	30498.0
101	30498.0
102	30498.0
103	30498.0
104	30498.0
105	566013.0
106	566013.0
107	566013.0
108	566013.0
109	566013.0
110	627370.0
111	627370.0
112	627370.0
113	627370.0
114	627370.0
115	589812.0
116	589812.0
117	589812.0
118	589812.0
119	589812.0
120	120800.0
121	120800.0
122	120800.0
123	120800.0
124	120800.0
125	207911.0
126	207911.0
127	207911.0
128	207911.0
129	207911.0
130	317098.0
131	317098.0
132	317098.0
133	317098.0
134	317098.0
135	224380.0
136	224380.0
137	224380.0
138	224380.0
139	224380.0
140	619437.0
141	619437.0
142	619437.0
143	619437.0
144	619437.0
145	39514.0
146	39514.0
147	39514.0
148	39514.0
149	39514.0
150	240762.0
151	240762.0
152	240762.0
153	240762.0
154	240762.0
155	389157.0
156	389157.0
157	389157.0
158	389157.0
159	389157.0
160	291375.0
161	291375.0
162	291375.0
163	291375.0
164	291375.0
165	476359.0
166	476359.0
167	476359.0
168	476359.0
169	476359.0
170	523897.0
171	523897.0
172	523897.0
173	523897.0
174	523897.0
175	507740.0
176	507740.0
177	507740.0
178	507740.0
179	507740.0
180	636406.0
181	636406.0
182	636406.0
183	636406.0
184	636406.0
185	582532.0
186	582532.0
187	582532.0
188	582532.0
189	582532.0
190	8966.0
191	8966.0
192	8966.0
193	8966.0
194	8966.0
195	467298.0
196	467298.0
197	467298.0
198	467298.0
199	467298.0
200	345452.0
201	345452.0
202	345452.0
203	345452.0
204	345452.0
205	560853.0
206	560853.0
207	560853.0
208	560853.0
209	560853.0
210	123103.0
211	123103.0
212	123103.0
213	123103.0
214	123103.0
215	617838.0
216	617838.0
217	617838.0
218	617838.0
219	617838.0
220	217951.0
221	217951.0
222	217951.0
223	217951.0
224	217951.0
225	326089.0
226	326089.0
227	326089.0
228	326089.0
229	326089.0
230	113255.0
231	113255.0
232	113255.0
233	113255.0
234	113255.0
235	54671.0
236	54671.0
237	54671.0
238	54671.0
239	54671.0
240	305782.0
241	305782.0
242	305782.0
243	305782.0
244	305782.0
245	549123.0
246	549123.0
247	549123.0
248	549123.0
249	549123.0
