0	126885.0
1	126885.0
2	126885.0
3	126885.0
4	126885.0
5	483104.0
6	483104.0
7	483104.0
8	483104.0
9	483104.0
10	491782.0
11	491782.0
12	491782.0
13	491782.0
14	491782.0
15	199595.0
16	199595.0
17	199595.0
18	199595.0
19	199595.0
20	177278.0
21	177278.0
22	177278.0
23	177278.0
24	177278.0
25	236345.0
26	236345.0
27	236345.0
28	236345.0
29	236345.0
30	351715.0
31	351715.0
32	351715.0
33	351715.0
34	351715.0
35	455148.0
36	455148.0
37	455148.0
38	455148.0
39	455148.0
40	523866.0
41	523866.0
42	523866.0
43	523866.0
44	523866.0
45	67880.0
46	67880.0
47	67880.0
48	67880.0
49	67880.0
50	505211.0
51	505211.0
52	505211.0
53	505211.0
54	505211.0
55	288974.0
56	288974.0
57	288974.0
58	288974.0
59	288974.0
60	439848.0
61	439848.0
62	439848.0
63	439848.0
64	439848.0
65	604948.0
66	604948.0
67	604948.0
68	604948.0
69	604948.0
70	117512.0
71	117512.0
72	117512.0
73	117512.0
74	117512.0
75	579368.0
76	579368.0
77	579368.0
78	579368.0
79	579368.0
80	605237.0
81	605237.0
82	605237.0
83	605237.0
84	605237.0
85	317931.0
86	317931.0
87	317931.0
88	317931.0
89	317931.0
90	338468.0
91	338468.0
92	338468.0
93	338468.0
94	338468.0
95	86450.0
96	86450.0
97	86450.0
98	86450.0
99	86450.0
100	403338.0
101	403338.0
102	403338.0
103	403338.0
104	403338.0
105	463192.0
106	463192.0
107	463192.0
108	463192.0
109	463192.0
110	56248.0
111	56248.0
112	56248.0
113	56248.0
114	56248.0
115	34158.0
116	34158.0
117	34158.0
118	34158.0
119	34158.0
120	120159.0
121	120159.0
122	120159.0
123	120159.0
124	120159.0
125	93821.0
126	93821.0
127	93821.0
128	93821.0
129	93821.0
130	581875.0
131	581875.0
132	581875.0
133	581875.0
134	581875.0
135	621450.0
136	621450.0
137	621450.0
138	621450.0
139	621450.0
140	207209.0
141	207209.0
142	207209.0
143	207209.0
144	207209.0
145	69933.0
146	69933.0
147	69933.0
148	69933.0
149	69933.0
150	539643.0
151	539643.0
152	539643.0
153	539643.0
154	539643.0
155	532220.0
156	532220.0
157	532220.0
158	532220.0
159	532220.0
160	495661.0
161	495661.0
162	495661.0
163	495661.0
164	495661.0
165	257560.0
166	257560.0
167	257560.0
168	257560.0
169	257560.0
170	375949.0
171	375949.0
172	375949.0
173	375949.0
174	375949.0
175	410549.0
176	410549.0
177	410549.0
178	410549.0
179	410549.0
180	322159.0
181	322159.0
182	322159.0
183	322159.0
184	322159.0
185	25605.0
186	25605.0
187	25605.0
188	25605.0
189	25605.0
190	396071.0
191	396071.0
192	396071.0
193	396071.0
194	396071.0
195	322292.0
196	322292.0
197	322292.0
198	322292.0
199	322292.0
200	411306.0
201	411306.0
202	411306.0
203	411306.0
204	411306.0
205	220656.0
206	220656.0
207	220656.0
208	220656.0
209	220656.0
210	114211.0
211	114211.0
212	114211.0
213	114211.0
214	114211.0
215	593747.0
216	593747.0
217	593747.0
218	593747.0
219	593747.0
220	203511.0
221	203511.0
222	203511.0
223	203511.0
224	203511.0
225	553284.0
226	553284.0
227	553284.0
228	553284.0
229	553284.0
230	494153.0
231	494153.0
232	494153.0
233	494153.0
234	494153.0
235	65803.0
236	65803.0
237	65803.0
238	65803.0
239	65803.0
240	627698.0
241	627698.0
242	627698.0
243	627698.0
244	627698.0
245	442102.0
246	442102.0
247	442102.0
248	442102.0
249	442102.0
