0	237664.0
1	237664.0
2	237664.0
3	237664.0
4	237664.0
5	334136.0
6	334136.0
7	334136.0
8	334136.0
9	334136.0
10	386942.0
11	386942.0
12	386942.0
13	386942.0
14	386942.0
15	203438.0
16	203438.0
17	203438.0
18	203438.0
19	203438.0
20	327665.0
21	327665.0
22	327665.0
23	327665.0
24	327665.0
25	355114.0
26	355114.0
27	355114.0
28	355114.0
29	355114.0
30	404195.0
31	404195.0
32	404195.0
33	404195.0
34	404195.0
35	220820.0
36	220820.0
37	220820.0
38	220820.0
39	220820.0
40	257122.0
41	257122.0
42	257122.0
43	257122.0
44	257122.0
45	320694.0
46	320694.0
47	320694.0
48	320694.0
49	320694.0
50	401272.0
51	401272.0
52	401272.0
53	401272.0
54	401272.0
55	155817.0
56	155817.0
57	155817.0
58	155817.0
59	155817.0
60	358313.0
61	358313.0
62	358313.0
63	358313.0
64	358313.0
65	140067.0
66	140067.0
67	140067.0
68	140067.0
69	140067.0
70	312041.0
71	312041.0
72	312041.0
73	312041.0
74	312041.0
75	355362.0
76	355362.0
77	355362.0
78	355362.0
79	355362.0
80	221827.0
81	221827.0
82	221827.0
83	221827.0
84	221827.0
85	403710.0
86	403710.0
87	403710.0
88	403710.0
89	403710.0
90	110201.0
91	110201.0
92	110201.0
93	110201.0
94	110201.0
95	410698.0
96	410698.0
97	410698.0
98	410698.0
99	410698.0
100	319337.0
101	319337.0
102	319337.0
103	319337.0
104	319337.0
105	293209.0
106	293209.0
107	293209.0
108	293209.0
109	293209.0
110	63043.0
111	63043.0
112	63043.0
113	63043.0
114	63043.0
115	10394.0
116	10394.0
117	10394.0
118	10394.0
119	10394.0
120	127441.0
121	127441.0
122	127441.0
123	127441.0
124	127441.0
125	158651.0
126	158651.0
127	158651.0
128	158651.0
129	158651.0
130	294594.0
131	294594.0
132	294594.0
133	294594.0
134	294594.0
135	92894.0
136	92894.0
137	92894.0
138	92894.0
139	92894.0
140	3623.0
141	3623.0
142	3623.0
143	3623.0
144	3623.0
145	36647.0
146	36647.0
147	36647.0
148	36647.0
149	36647.0
150	61427.0
151	61427.0
152	61427.0
153	61427.0
154	61427.0
155	198380.0
156	198380.0
157	198380.0
158	198380.0
159	198380.0
160	49012.0
161	49012.0
162	49012.0
163	49012.0
164	49012.0
165	358988.0
166	358988.0
167	358988.0
168	358988.0
169	358988.0
170	50129.0
171	50129.0
172	50129.0
173	50129.0
174	50129.0
175	198297.0
176	198297.0
177	198297.0
178	198297.0
179	198297.0
180	187125.0
181	187125.0
182	187125.0
183	187125.0
184	187125.0
185	311451.0
186	311451.0
187	311451.0
188	311451.0
189	311451.0
190	302508.0
191	302508.0
192	302508.0
193	302508.0
194	302508.0
195	334876.0
196	334876.0
197	334876.0
198	334876.0
199	334876.0
200	125513.0
201	125513.0
202	125513.0
203	125513.0
204	125513.0
205	55392.0
206	55392.0
207	55392.0
208	55392.0
209	55392.0
210	330198.0
211	330198.0
212	330198.0
213	330198.0
214	330198.0
215	385234.0
216	385234.0
217	385234.0
218	385234.0
219	385234.0
220	25839.0
221	25839.0
222	25839.0
223	25839.0
224	25839.0
225	254860.0
226	254860.0
227	254860.0
228	254860.0
229	254860.0
230	347747.0
231	347747.0
232	347747.0
233	347747.0
234	347747.0
235	79465.0
236	79465.0
237	79465.0
238	79465.0
239	79465.0
240	48766.0
241	48766.0
242	48766.0
243	48766.0
244	48766.0
245	45801.0
246	45801.0
247	45801.0
248	45801.0
249	45801.0
