0	322079.0
1	322079.0
2	322079.0
3	322079.0
4	322079.0
5	177044.0
6	177044.0
7	177044.0
8	177044.0
9	177044.0
10	463.0
11	463.0
12	463.0
13	463.0
14	463.0
15	99695.0
16	99695.0
17	99695.0
18	99695.0
19	99695.0
20	171037.0
21	171037.0
22	171037.0
23	171037.0
24	171037.0
25	129287.0
26	129287.0
27	129287.0
28	129287.0
29	129287.0
30	202398.0
31	202398.0
32	202398.0
33	202398.0
34	202398.0
35	182362.0
36	182362.0
37	182362.0
38	182362.0
39	182362.0
40	257939.0
41	257939.0
42	257939.0
43	257939.0
44	257939.0
45	189788.0
46	189788.0
47	189788.0
48	189788.0
49	189788.0
50	3324.0
51	3324.0
52	3324.0
53	3324.0
54	3324.0
55	398734.0
56	398734.0
57	398734.0
58	398734.0
59	398734.0
60	354976.0
61	354976.0
62	354976.0
63	354976.0
64	354976.0
65	305998.0
66	305998.0
67	305998.0
68	305998.0
69	305998.0
70	206678.0
71	206678.0
72	206678.0
73	206678.0
74	206678.0
75	374727.0
76	374727.0
77	374727.0
78	374727.0
79	374727.0
80	380440.0
81	380440.0
82	380440.0
83	380440.0
84	380440.0
85	290847.0
86	290847.0
87	290847.0
88	290847.0
89	290847.0
90	107389.0
91	107389.0
92	107389.0
93	107389.0
94	107389.0
95	210496.0
96	210496.0
97	210496.0
98	210496.0
99	210496.0
100	245403.0
101	245403.0
102	245403.0
103	245403.0
104	245403.0
105	138812.0
106	138812.0
107	138812.0
108	138812.0
109	138812.0
110	17950.0
111	17950.0
112	17950.0
113	17950.0
114	17950.0
115	26613.0
116	26613.0
117	26613.0
118	26613.0
119	26613.0
120	81925.0
121	81925.0
122	81925.0
123	81925.0
124	81925.0
125	305558.0
126	305558.0
127	305558.0
128	305558.0
129	305558.0
130	201635.0
131	201635.0
132	201635.0
133	201635.0
134	201635.0
135	195188.0
136	195188.0
137	195188.0
138	195188.0
139	195188.0
140	83404.0
141	83404.0
142	83404.0
143	83404.0
144	83404.0
145	220384.0
146	220384.0
147	220384.0
148	220384.0
149	220384.0
150	108619.0
151	108619.0
152	108619.0
153	108619.0
154	108619.0
155	80673.0
156	80673.0
157	80673.0
158	80673.0
159	80673.0
160	350983.0
161	350983.0
162	350983.0
163	350983.0
164	350983.0
165	170868.0
166	170868.0
167	170868.0
168	170868.0
169	170868.0
170	338466.0
171	338466.0
172	338466.0
173	338466.0
174	338466.0
175	329553.0
176	329553.0
177	329553.0
178	329553.0
179	329553.0
180	401709.0
181	401709.0
182	401709.0
183	401709.0
184	401709.0
185	286880.0
186	286880.0
187	286880.0
188	286880.0
189	286880.0
190	249638.0
191	249638.0
192	249638.0
193	249638.0
194	249638.0
195	215776.0
196	215776.0
197	215776.0
198	215776.0
199	215776.0
200	254724.0
201	254724.0
202	254724.0
203	254724.0
204	254724.0
205	140286.0
206	140286.0
207	140286.0
208	140286.0
209	140286.0
210	122047.0
211	122047.0
212	122047.0
213	122047.0
214	122047.0
215	302030.0
216	302030.0
217	302030.0
218	302030.0
219	302030.0
220	164707.0
221	164707.0
222	164707.0
223	164707.0
224	164707.0
225	233508.0
226	233508.0
227	233508.0
228	233508.0
229	233508.0
230	404309.0
231	404309.0
232	404309.0
233	404309.0
234	404309.0
235	353645.0
236	353645.0
237	353645.0
238	353645.0
239	353645.0
240	155663.0
241	155663.0
242	155663.0
243	155663.0
244	155663.0
245	184774.0
246	184774.0
247	184774.0
248	184774.0
249	184774.0
