0	497874.0
1	497874.0
2	497874.0
3	497874.0
4	497874.0
5	475454.0
6	475454.0
7	475454.0
8	475454.0
9	475454.0
10	402354.0
11	402354.0
12	402354.0
13	402354.0
14	402354.0
15	587169.0
16	587169.0
17	587169.0
18	587169.0
19	587169.0
20	503964.0
21	503964.0
22	503964.0
23	503964.0
24	503964.0
25	586461.0
26	586461.0
27	586461.0
28	586461.0
29	586461.0
30	572758.0
31	572758.0
32	572758.0
33	572758.0
34	572758.0
35	125155.0
36	125155.0
37	125155.0
38	125155.0
39	125155.0
40	135499.0
41	135499.0
42	135499.0
43	135499.0
44	135499.0
45	335326.0
46	335326.0
47	335326.0
48	335326.0
49	335326.0
50	203107.0
51	203107.0
52	203107.0
53	203107.0
54	203107.0
55	548470.0
56	548470.0
57	548470.0
58	548470.0
59	548470.0
60	70949.0
61	70949.0
62	70949.0
63	70949.0
64	70949.0
65	36272.0
66	36272.0
67	36272.0
68	36272.0
69	36272.0
70	224146.0
71	224146.0
72	224146.0
73	224146.0
74	224146.0
75	352413.0
76	352413.0
77	352413.0
78	352413.0
79	352413.0
80	24343.0
81	24343.0
82	24343.0
83	24343.0
84	24343.0
85	20941.0
86	20941.0
87	20941.0
88	20941.0
89	20941.0
90	270591.0
91	270591.0
92	270591.0
93	270591.0
94	270591.0
95	364617.0
96	364617.0
97	364617.0
98	364617.0
99	364617.0
100	422791.0
101	422791.0
102	422791.0
103	422791.0
104	422791.0
105	345111.0
106	345111.0
107	345111.0
108	345111.0
109	345111.0
110	410517.0
111	410517.0
112	410517.0
113	410517.0
114	410517.0
115	213783.0
116	213783.0
117	213783.0
118	213783.0
119	213783.0
120	307777.0
121	307777.0
122	307777.0
123	307777.0
124	307777.0
125	285029.0
126	285029.0
127	285029.0
128	285029.0
129	285029.0
130	332656.0
131	332656.0
132	332656.0
133	332656.0
134	332656.0
135	213057.0
136	213057.0
137	213057.0
138	213057.0
139	213057.0
140	131067.0
141	131067.0
142	131067.0
143	131067.0
144	131067.0
145	150739.0
146	150739.0
147	150739.0
148	150739.0
149	150739.0
150	275546.0
151	275546.0
152	275546.0
153	275546.0
154	275546.0
155	447811.0
156	447811.0
157	447811.0
158	447811.0
159	447811.0
160	366765.0
161	366765.0
162	366765.0
163	366765.0
164	366765.0
165	518542.0
166	518542.0
167	518542.0
168	518542.0
169	518542.0
170	93357.0
171	93357.0
172	93357.0
173	93357.0
174	93357.0
175	366448.0
176	366448.0
177	366448.0
178	366448.0
179	366448.0
180	60148.0
181	60148.0
182	60148.0
183	60148.0
184	60148.0
185	382189.0
186	382189.0
187	382189.0
188	382189.0
189	382189.0
190	301780.0
191	301780.0
192	301780.0
193	301780.0
194	301780.0
195	446260.0
196	446260.0
197	446260.0
198	446260.0
199	446260.0
200	436329.0
201	436329.0
202	436329.0
203	436329.0
204	436329.0
205	464898.0
206	464898.0
207	464898.0
208	464898.0
209	464898.0
210	560739.0
211	560739.0
212	560739.0
213	560739.0
214	560739.0
215	563259.0
216	563259.0
217	563259.0
218	563259.0
219	563259.0
220	488875.0
221	488875.0
222	488875.0
223	488875.0
224	488875.0
225	569237.0
226	569237.0
227	569237.0
228	569237.0
229	569237.0
230	120949.0
231	120949.0
232	120949.0
233	120949.0
234	120949.0
235	376428.0
236	376428.0
237	376428.0
238	376428.0
239	376428.0
240	101435.0
241	101435.0
242	101435.0
243	101435.0
244	101435.0
245	446520.0
246	446520.0
247	446520.0
248	446520.0
249	446520.0
