0	361527.0
1	361527.0
2	361527.0
3	361527.0
4	361527.0
5	99280.0
6	99280.0
7	99280.0
8	99280.0
9	99280.0
10	380685.0
11	380685.0
12	380685.0
13	380685.0
14	380685.0
15	554927.0
16	554927.0
17	554927.0
18	554927.0
19	554927.0
20	68625.0
21	68625.0
22	68625.0
23	68625.0
24	68625.0
25	181465.0
26	181465.0
27	181465.0
28	181465.0
29	181465.0
30	8679.0
31	8679.0
32	8679.0
33	8679.0
34	8679.0
35	380555.0
36	380555.0
37	380555.0
38	380555.0
39	380555.0
40	457957.0
41	457957.0
42	457957.0
43	457957.0
44	457957.0
45	306207.0
46	306207.0
47	306207.0
48	306207.0
49	306207.0
50	406302.0
51	406302.0
52	406302.0
53	406302.0
54	406302.0
55	167500.0
56	167500.0
57	167500.0
58	167500.0
59	167500.0
60	583321.0
61	583321.0
62	583321.0
63	583321.0
64	583321.0
65	528555.0
66	528555.0
67	528555.0
68	528555.0
69	528555.0
70	519255.0
71	519255.0
72	519255.0
73	519255.0
74	519255.0
75	76386.0
76	76386.0
77	76386.0
78	76386.0
79	76386.0
80	220445.0
81	220445.0
82	220445.0
83	220445.0
84	220445.0
85	450578.0
86	450578.0
87	450578.0
88	450578.0
89	450578.0
90	111009.0
91	111009.0
92	111009.0
93	111009.0
94	111009.0
95	74701.0
96	74701.0
97	74701.0
98	74701.0
99	74701.0
100	82096.0
101	82096.0
102	82096.0
103	82096.0
104	82096.0
105	485400.0
106	485400.0
107	485400.0
108	485400.0
109	485400.0
110	281419.0
111	281419.0
112	281419.0
113	281419.0
114	281419.0
115	519775.0
116	519775.0
117	519775.0
118	519775.0
119	519775.0
120	49690.0
121	49690.0
122	49690.0
123	49690.0
124	49690.0
125	363579.0
126	363579.0
127	363579.0
128	363579.0
129	363579.0
130	501543.0
131	501543.0
132	501543.0
133	501543.0
134	501543.0
135	162449.0
136	162449.0
137	162449.0
138	162449.0
139	162449.0
140	386716.0
141	386716.0
142	386716.0
143	386716.0
144	386716.0
145	353548.0
146	353548.0
147	353548.0
148	353548.0
149	353548.0
150	46323.0
151	46323.0
152	46323.0
153	46323.0
154	46323.0
155	271996.0
156	271996.0
157	271996.0
158	271996.0
159	271996.0
160	536835.0
161	536835.0
162	536835.0
163	536835.0
164	536835.0
165	259573.0
166	259573.0
167	259573.0
168	259573.0
169	259573.0
170	294859.0
171	294859.0
172	294859.0
173	294859.0
174	294859.0
175	228612.0
176	228612.0
177	228612.0
178	228612.0
179	228612.0
180	308077.0
181	308077.0
182	308077.0
183	308077.0
184	308077.0
185	65024.0
186	65024.0
187	65024.0
188	65024.0
189	65024.0
190	360927.0
191	360927.0
192	360927.0
193	360927.0
194	360927.0
195	558346.0
196	558346.0
197	558346.0
198	558346.0
199	558346.0
200	459705.0
201	459705.0
202	459705.0
203	459705.0
204	459705.0
205	143317.0
206	143317.0
207	143317.0
208	143317.0
209	143317.0
210	264444.0
211	264444.0
212	264444.0
213	264444.0
214	264444.0
215	451420.0
216	451420.0
217	451420.0
218	451420.0
219	451420.0
220	335001.0
221	335001.0
222	335001.0
223	335001.0
224	335001.0
225	12976.0
226	12976.0
227	12976.0
228	12976.0
229	12976.0
230	13113.0
231	13113.0
232	13113.0
233	13113.0
234	13113.0
235	94340.0
236	94340.0
237	94340.0
238	94340.0
239	94340.0
240	51330.0
241	51330.0
242	51330.0
243	51330.0
244	51330.0
245	409379.0
246	409379.0
247	409379.0
248	409379.0
249	409379.0
