0	437539.0
1	437539.0
2	437539.0
3	437539.0
4	437539.0
5	71363.0
6	71363.0
7	71363.0
8	71363.0
9	71363.0
10	65673.0
11	65673.0
12	65673.0
13	65673.0
14	65673.0
15	238900.0
16	238900.0
17	238900.0
18	238900.0
19	238900.0
20	143931.0
21	143931.0
22	143931.0
23	143931.0
24	143931.0
25	588835.0
26	588835.0
27	588835.0
28	588835.0
29	588835.0
30	422296.0
31	422296.0
32	422296.0
33	422296.0
34	422296.0
35	147961.0
36	147961.0
37	147961.0
38	147961.0
39	147961.0
40	586850.0
41	586850.0
42	586850.0
43	586850.0
44	586850.0
45	170086.0
46	170086.0
47	170086.0
48	170086.0
49	170086.0
50	448040.0
51	448040.0
52	448040.0
53	448040.0
54	448040.0
55	429073.0
56	429073.0
57	429073.0
58	429073.0
59	429073.0
60	535632.0
61	535632.0
62	535632.0
63	535632.0
64	535632.0
65	81537.0
66	81537.0
67	81537.0
68	81537.0
69	81537.0
70	185205.0
71	185205.0
72	185205.0
73	185205.0
74	185205.0
75	339722.0
76	339722.0
77	339722.0
78	339722.0
79	339722.0
80	313859.0
81	313859.0
82	313859.0
83	313859.0
84	313859.0
85	110273.0
86	110273.0
87	110273.0
88	110273.0
89	110273.0
90	317482.0
91	317482.0
92	317482.0
93	317482.0
94	317482.0
95	471939.0
96	471939.0
97	471939.0
98	471939.0
99	471939.0
100	322244.0
101	322244.0
102	322244.0
103	322244.0
104	322244.0
105	485960.0
106	485960.0
107	485960.0
108	485960.0
109	485960.0
110	285227.0
111	285227.0
112	285227.0
113	285227.0
114	285227.0
115	312613.0
116	312613.0
117	312613.0
118	312613.0
119	312613.0
120	96035.0
121	96035.0
122	96035.0
123	96035.0
124	96035.0
125	55063.0
126	55063.0
127	55063.0
128	55063.0
129	55063.0
130	383639.0
131	383639.0
132	383639.0
133	383639.0
134	383639.0
135	344509.0
136	344509.0
137	344509.0
138	344509.0
139	344509.0
140	265585.0
141	265585.0
142	265585.0
143	265585.0
144	265585.0
145	335791.0
146	335791.0
147	335791.0
148	335791.0
149	335791.0
150	585544.0
151	585544.0
152	585544.0
153	585544.0
154	585544.0
155	103811.0
156	103811.0
157	103811.0
158	103811.0
159	103811.0
160	71807.0
161	71807.0
162	71807.0
163	71807.0
164	71807.0
165	470495.0
166	470495.0
167	470495.0
168	470495.0
169	470495.0
170	189100.0
171	189100.0
172	189100.0
173	189100.0
174	189100.0
175	416147.0
176	416147.0
177	416147.0
178	416147.0
179	416147.0
180	31724.0
181	31724.0
182	31724.0
183	31724.0
184	31724.0
185	70144.0
186	70144.0
187	70144.0
188	70144.0
189	70144.0
190	492295.0
191	492295.0
192	492295.0
193	492295.0
194	492295.0
195	142709.0
196	142709.0
197	142709.0
198	142709.0
199	142709.0
200	417444.0
201	417444.0
202	417444.0
203	417444.0
204	417444.0
205	457099.0
206	457099.0
207	457099.0
208	457099.0
209	457099.0
210	215174.0
211	215174.0
212	215174.0
213	215174.0
214	215174.0
215	342216.0
216	342216.0
217	342216.0
218	342216.0
219	342216.0
220	4335.0
221	4335.0
222	4335.0
223	4335.0
224	4335.0
225	132068.0
226	132068.0
227	132068.0
228	132068.0
229	132068.0
230	125.0
231	125.0
232	125.0
233	125.0
234	125.0
235	369990.0
236	369990.0
237	369990.0
238	369990.0
239	369990.0
240	323989.0
241	323989.0
242	323989.0
243	323989.0
244	323989.0
245	214761.0
246	214761.0
247	214761.0
248	214761.0
249	214761.0
