0	515281.0
1	515281.0
2	515281.0
3	515281.0
4	515281.0
5	243939.0
6	243939.0
7	243939.0
8	243939.0
9	243939.0
10	19693.0
11	19693.0
12	19693.0
13	19693.0
14	19693.0
15	128156.0
16	128156.0
17	128156.0
18	128156.0
19	128156.0
20	151558.0
21	151558.0
22	151558.0
23	151558.0
24	151558.0
25	154186.0
26	154186.0
27	154186.0
28	154186.0
29	154186.0
30	453146.0
31	453146.0
32	453146.0
33	453146.0
34	453146.0
35	445599.0
36	445599.0
37	445599.0
38	445599.0
39	445599.0
40	9275.0
41	9275.0
42	9275.0
43	9275.0
44	9275.0
45	434537.0
46	434537.0
47	434537.0
48	434537.0
49	434537.0
50	558790.0
51	558790.0
52	558790.0
53	558790.0
54	558790.0
55	279830.0
56	279830.0
57	279830.0
58	279830.0
59	279830.0
60	83578.0
61	83578.0
62	83578.0
63	83578.0
64	83578.0
65	24823.0
66	24823.0
67	24823.0
68	24823.0
69	24823.0
70	466326.0
71	466326.0
72	466326.0
73	466326.0
74	466326.0
75	173181.0
76	173181.0
77	173181.0
78	173181.0
79	173181.0
80	236089.0
81	236089.0
82	236089.0
83	236089.0
84	236089.0
85	324239.0
86	324239.0
87	324239.0
88	324239.0
89	324239.0
90	52574.0
91	52574.0
92	52574.0
93	52574.0
94	52574.0
95	298786.0
96	298786.0
97	298786.0
98	298786.0
99	298786.0
100	202616.0
101	202616.0
102	202616.0
103	202616.0
104	202616.0
105	504004.0
106	504004.0
107	504004.0
108	504004.0
109	504004.0
110	123695.0
111	123695.0
112	123695.0
113	123695.0
114	123695.0
115	171006.0
116	171006.0
117	171006.0
118	171006.0
119	171006.0
120	272769.0
121	272769.0
122	272769.0
123	272769.0
124	272769.0
125	495376.0
126	495376.0
127	495376.0
128	495376.0
129	495376.0
130	144584.0
131	144584.0
132	144584.0
133	144584.0
134	144584.0
135	294530.0
136	294530.0
137	294530.0
138	294530.0
139	294530.0
140	553675.0
141	553675.0
142	553675.0
143	553675.0
144	553675.0
145	222914.0
146	222914.0
147	222914.0
148	222914.0
149	222914.0
150	51909.0
151	51909.0
152	51909.0
153	51909.0
154	51909.0
155	115005.0
156	115005.0
157	115005.0
158	115005.0
159	115005.0
160	299368.0
161	299368.0
162	299368.0
163	299368.0
164	299368.0
165	11366.0
166	11366.0
167	11366.0
168	11366.0
169	11366.0
170	423305.0
171	423305.0
172	423305.0
173	423305.0
174	423305.0
175	241700.0
176	241700.0
177	241700.0
178	241700.0
179	241700.0
180	568976.0
181	568976.0
182	568976.0
183	568976.0
184	568976.0
185	27872.0
186	27872.0
187	27872.0
188	27872.0
189	27872.0
190	32863.0
191	32863.0
192	32863.0
193	32863.0
194	32863.0
195	407623.0
196	407623.0
197	407623.0
198	407623.0
199	407623.0
200	200010.0
201	200010.0
202	200010.0
203	200010.0
204	200010.0
205	116170.0
206	116170.0
207	116170.0
208	116170.0
209	116170.0
210	401667.0
211	401667.0
212	401667.0
213	401667.0
214	401667.0
215	260751.0
216	260751.0
217	260751.0
218	260751.0
219	260751.0
220	246004.0
221	246004.0
222	246004.0
223	246004.0
224	246004.0
225	555840.0
226	555840.0
227	555840.0
228	555840.0
229	555840.0
230	493444.0
231	493444.0
232	493444.0
233	493444.0
234	493444.0
235	313547.0
236	313547.0
237	313547.0
238	313547.0
239	313547.0
240	309437.0
241	309437.0
242	309437.0
243	309437.0
244	309437.0
245	57529.0
246	57529.0
247	57529.0
248	57529.0
249	57529.0
