0	759624.0
1	759624.0
2	759624.0
3	759624.0
4	759624.0
5	521731.0
6	521731.0
7	521731.0
8	521731.0
9	521731.0
10	67584.0
11	67584.0
12	67584.0
13	67584.0
14	67584.0
15	350369.0
16	350369.0
17	350369.0
18	350369.0
19	350369.0
20	543957.0
21	543957.0
22	543957.0
23	543957.0
24	543957.0
25	821579.0
26	821579.0
27	821579.0
28	821579.0
29	821579.0
30	606374.0
31	606374.0
32	606374.0
33	606374.0
34	606374.0
35	497141.0
36	497141.0
37	497141.0
38	497141.0
39	497141.0
40	140298.0
41	140298.0
42	140298.0
43	140298.0
44	140298.0
45	403701.0
46	403701.0
47	403701.0
48	403701.0
49	403701.0
50	787289.0
51	787289.0
52	787289.0
53	787289.0
54	787289.0
55	339077.0
56	339077.0
57	339077.0
58	339077.0
59	339077.0
60	144954.0
61	144954.0
62	144954.0
63	144954.0
64	144954.0
65	581380.0
66	581380.0
67	581380.0
68	581380.0
69	581380.0
70	97868.0
71	97868.0
72	97868.0
73	97868.0
74	97868.0
75	490634.0
76	490634.0
77	490634.0
78	490634.0
79	490634.0
80	602132.0
81	602132.0
82	602132.0
83	602132.0
84	602132.0
85	343832.0
86	343832.0
87	343832.0
88	343832.0
89	343832.0
90	505395.0
91	505395.0
92	505395.0
93	505395.0
94	505395.0
95	201076.0
96	201076.0
97	201076.0
98	201076.0
99	201076.0
100	367156.0
101	367156.0
102	367156.0
103	367156.0
104	367156.0
105	396990.0
106	396990.0
107	396990.0
108	396990.0
109	396990.0
110	50125.0
111	50125.0
112	50125.0
113	50125.0
114	50125.0
115	666174.0
116	666174.0
117	666174.0
118	666174.0
119	666174.0
120	227905.0
121	227905.0
122	227905.0
123	227905.0
124	227905.0
125	811022.0
126	811022.0
127	811022.0
128	811022.0
129	811022.0
130	571572.0
131	571572.0
132	571572.0
133	571572.0
134	571572.0
135	483292.0
136	483292.0
137	483292.0
138	483292.0
139	483292.0
140	187132.0
141	187132.0
142	187132.0
143	187132.0
144	187132.0
145	735724.0
146	735724.0
147	735724.0
148	735724.0
149	735724.0
150	687679.0
151	687679.0
152	687679.0
153	687679.0
154	687679.0
155	178011.0
156	178011.0
157	178011.0
158	178011.0
159	178011.0
160	85963.0
161	85963.0
162	85963.0
163	85963.0
164	85963.0
165	455024.0
166	455024.0
167	455024.0
168	455024.0
169	455024.0
170	229934.0
171	229934.0
172	229934.0
173	229934.0
174	229934.0
175	670599.0
176	670599.0
177	670599.0
178	670599.0
179	670599.0
180	617172.0
181	617172.0
182	617172.0
183	617172.0
184	617172.0
185	91296.0
186	91296.0
187	91296.0
188	91296.0
189	91296.0
190	16822.0
191	16822.0
192	16822.0
193	16822.0
194	16822.0
195	185570.0
196	185570.0
197	185570.0
198	185570.0
199	185570.0
200	270645.0
201	270645.0
202	270645.0
203	270645.0
204	270645.0
205	866145.0
206	866145.0
207	866145.0
208	866145.0
209	866145.0
210	470544.0
211	470544.0
212	470544.0
213	470544.0
214	470544.0
215	309289.0
216	309289.0
217	309289.0
218	309289.0
219	309289.0
220	672178.0
221	672178.0
222	672178.0
223	672178.0
224	672178.0
225	471032.0
226	471032.0
227	471032.0
228	471032.0
229	471032.0
230	286026.0
231	286026.0
232	286026.0
233	286026.0
234	286026.0
235	25257.0
236	25257.0
237	25257.0
238	25257.0
239	25257.0
240	270532.0
241	270532.0
242	270532.0
243	270532.0
244	270532.0
245	578231.0
246	578231.0
247	578231.0
248	578231.0
249	578231.0
