0	865614.0
1	865614.0
2	865614.0
3	865614.0
4	865614.0
5	82437.0
6	82437.0
7	82437.0
8	82437.0
9	82437.0
10	282924.0
11	282924.0
12	282924.0
13	282924.0
14	282924.0
15	575593.0
16	575593.0
17	575593.0
18	575593.0
19	575593.0
20	603001.0
21	603001.0
22	603001.0
23	603001.0
24	603001.0
25	574622.0
26	574622.0
27	574622.0
28	574622.0
29	574622.0
30	798576.0
31	798576.0
32	798576.0
33	798576.0
34	798576.0
35	255424.0
36	255424.0
37	255424.0
38	255424.0
39	255424.0
40	822440.0
41	822440.0
42	822440.0
43	822440.0
44	822440.0
45	809023.0
46	809023.0
47	809023.0
48	809023.0
49	809023.0
50	239583.0
51	239583.0
52	239583.0
53	239583.0
54	239583.0
55	834335.0
56	834335.0
57	834335.0
58	834335.0
59	834335.0
60	114149.0
61	114149.0
62	114149.0
63	114149.0
64	114149.0
65	420700.0
66	420700.0
67	420700.0
68	420700.0
69	420700.0
70	208479.0
71	208479.0
72	208479.0
73	208479.0
74	208479.0
75	746732.0
76	746732.0
77	746732.0
78	746732.0
79	746732.0
80	55029.0
81	55029.0
82	55029.0
83	55029.0
84	55029.0
85	445247.0
86	445247.0
87	445247.0
88	445247.0
89	445247.0
90	587614.0
91	587614.0
92	587614.0
93	587614.0
94	587614.0
95	142620.0
96	142620.0
97	142620.0
98	142620.0
99	142620.0
100	733754.0
101	733754.0
102	733754.0
103	733754.0
104	733754.0
105	14398.0
106	14398.0
107	14398.0
108	14398.0
109	14398.0
110	79255.0
111	79255.0
112	79255.0
113	79255.0
114	79255.0
115	491822.0
116	491822.0
117	491822.0
118	491822.0
119	491822.0
120	134178.0
121	134178.0
122	134178.0
123	134178.0
124	134178.0
125	777619.0
126	777619.0
127	777619.0
128	777619.0
129	777619.0
130	27220.0
131	27220.0
132	27220.0
133	27220.0
134	27220.0
135	247652.0
136	247652.0
137	247652.0
138	247652.0
139	247652.0
140	506768.0
141	506768.0
142	506768.0
143	506768.0
144	506768.0
145	886482.0
146	886482.0
147	886482.0
148	886482.0
149	886482.0
150	314226.0
151	314226.0
152	314226.0
153	314226.0
154	314226.0
155	842714.0
156	842714.0
157	842714.0
158	842714.0
159	842714.0
160	795731.0
161	795731.0
162	795731.0
163	795731.0
164	795731.0
165	147015.0
166	147015.0
167	147015.0
168	147015.0
169	147015.0
170	74182.0
171	74182.0
172	74182.0
173	74182.0
174	74182.0
175	682829.0
176	682829.0
177	682829.0
178	682829.0
179	682829.0
180	787072.0
181	787072.0
182	787072.0
183	787072.0
184	787072.0
185	474754.0
186	474754.0
187	474754.0
188	474754.0
189	474754.0
190	678699.0
191	678699.0
192	678699.0
193	678699.0
194	678699.0
195	685735.0
196	685735.0
197	685735.0
198	685735.0
199	685735.0
200	141017.0
201	141017.0
202	141017.0
203	141017.0
204	141017.0
205	89316.0
206	89316.0
207	89316.0
208	89316.0
209	89316.0
210	562661.0
211	562661.0
212	562661.0
213	562661.0
214	562661.0
215	664007.0
216	664007.0
217	664007.0
218	664007.0
219	664007.0
220	685272.0
221	685272.0
222	685272.0
223	685272.0
224	685272.0
225	288886.0
226	288886.0
227	288886.0
228	288886.0
229	288886.0
230	487493.0
231	487493.0
232	487493.0
233	487493.0
234	487493.0
235	674818.0
236	674818.0
237	674818.0
238	674818.0
239	674818.0
240	696478.0
241	696478.0
242	696478.0
243	696478.0
244	696478.0
245	100443.0
246	100443.0
247	100443.0
248	100443.0
249	100443.0
