0	487182.0
1	487182.0
2	487182.0
3	487182.0
4	487182.0
5	762359.0
6	762359.0
7	762359.0
8	762359.0
9	762359.0
10	529456.0
11	529456.0
12	529456.0
13	529456.0
14	529456.0
15	835592.0
16	835592.0
17	835592.0
18	835592.0
19	835592.0
20	627379.0
21	627379.0
22	627379.0
23	627379.0
24	627379.0
25	665145.0
26	665145.0
27	665145.0
28	665145.0
29	665145.0
30	380819.0
31	380819.0
32	380819.0
33	380819.0
34	380819.0
35	62404.0
36	62404.0
37	62404.0
38	62404.0
39	62404.0
40	712930.0
41	712930.0
42	712930.0
43	712930.0
44	712930.0
45	86537.0
46	86537.0
47	86537.0
48	86537.0
49	86537.0
50	355956.0
51	355956.0
52	355956.0
53	355956.0
54	355956.0
55	123785.0
56	123785.0
57	123785.0
58	123785.0
59	123785.0
60	97934.0
61	97934.0
62	97934.0
63	97934.0
64	97934.0
65	420380.0
66	420380.0
67	420380.0
68	420380.0
69	420380.0
70	362936.0
71	362936.0
72	362936.0
73	362936.0
74	362936.0
75	733311.0
76	733311.0
77	733311.0
78	733311.0
79	733311.0
80	427001.0
81	427001.0
82	427001.0
83	427001.0
84	427001.0
85	27808.0
86	27808.0
87	27808.0
88	27808.0
89	27808.0
90	234594.0
91	234594.0
92	234594.0
93	234594.0
94	234594.0
95	429335.0
96	429335.0
97	429335.0
98	429335.0
99	429335.0
100	409825.0
101	409825.0
102	409825.0
103	409825.0
104	409825.0
105	371889.0
106	371889.0
107	371889.0
108	371889.0
109	371889.0
110	483825.0
111	483825.0
112	483825.0
113	483825.0
114	483825.0
115	642361.0
116	642361.0
117	642361.0
118	642361.0
119	642361.0
120	449859.0
121	449859.0
122	449859.0
123	449859.0
124	449859.0
125	673510.0
126	673510.0
127	673510.0
128	673510.0
129	673510.0
130	535572.0
131	535572.0
132	535572.0
133	535572.0
134	535572.0
135	858052.0
136	858052.0
137	858052.0
138	858052.0
139	858052.0
140	515366.0
141	515366.0
142	515366.0
143	515366.0
144	515366.0
145	243584.0
146	243584.0
147	243584.0
148	243584.0
149	243584.0
150	551344.0
151	551344.0
152	551344.0
153	551344.0
154	551344.0
155	32556.0
156	32556.0
157	32556.0
158	32556.0
159	32556.0
160	613731.0
161	613731.0
162	613731.0
163	613731.0
164	613731.0
165	175088.0
166	175088.0
167	175088.0
168	175088.0
169	175088.0
170	164377.0
171	164377.0
172	164377.0
173	164377.0
174	164377.0
175	871590.0
176	871590.0
177	871590.0
178	871590.0
179	871590.0
180	253583.0
181	253583.0
182	253583.0
183	253583.0
184	253583.0
185	210063.0
186	210063.0
187	210063.0
188	210063.0
189	210063.0
190	524448.0
191	524448.0
192	524448.0
193	524448.0
194	524448.0
195	261264.0
196	261264.0
197	261264.0
198	261264.0
199	261264.0
200	171039.0
201	171039.0
202	171039.0
203	171039.0
204	171039.0
205	346139.0
206	346139.0
207	346139.0
208	346139.0
209	346139.0
210	202215.0
211	202215.0
212	202215.0
213	202215.0
214	202215.0
215	238542.0
216	238542.0
217	238542.0
218	238542.0
219	238542.0
220	553880.0
221	553880.0
222	553880.0
223	553880.0
224	553880.0
225	504565.0
226	504565.0
227	504565.0
228	504565.0
229	504565.0
230	168666.0
231	168666.0
232	168666.0
233	168666.0
234	168666.0
235	849535.0
236	849535.0
237	849535.0
238	849535.0
239	849535.0
240	515895.0
241	515895.0
242	515895.0
243	515895.0
244	515895.0
245	115712.0
246	115712.0
247	115712.0
248	115712.0
249	115712.0
