0	617806.0
1	617806.0
2	617806.0
3	617806.0
4	617806.0
5	24438.0
6	24438.0
7	24438.0
8	24438.0
9	24438.0
10	754041.0
11	754041.0
12	754041.0
13	754041.0
14	754041.0
15	719798.0
16	719798.0
17	719798.0
18	719798.0
19	719798.0
20	235909.0
21	235909.0
22	235909.0
23	235909.0
24	235909.0
25	401052.0
26	401052.0
27	401052.0
28	401052.0
29	401052.0
30	82952.0
31	82952.0
32	82952.0
33	82952.0
34	82952.0
35	450228.0
36	450228.0
37	450228.0
38	450228.0
39	450228.0
40	431884.0
41	431884.0
42	431884.0
43	431884.0
44	431884.0
45	333477.0
46	333477.0
47	333477.0
48	333477.0
49	333477.0
50	693158.0
51	693158.0
52	693158.0
53	693158.0
54	693158.0
55	831094.0
56	831094.0
57	831094.0
58	831094.0
59	831094.0
60	216550.0
61	216550.0
62	216550.0
63	216550.0
64	216550.0
65	76701.0
66	76701.0
67	76701.0
68	76701.0
69	76701.0
70	444385.0
71	444385.0
72	444385.0
73	444385.0
74	444385.0
75	190023.0
76	190023.0
77	190023.0
78	190023.0
79	190023.0
80	788684.0
81	788684.0
82	788684.0
83	788684.0
84	788684.0
85	850259.0
86	850259.0
87	850259.0
88	850259.0
89	850259.0
90	616079.0
91	616079.0
92	616079.0
93	616079.0
94	616079.0
95	413077.0
96	413077.0
97	413077.0
98	413077.0
99	413077.0
100	537598.0
101	537598.0
102	537598.0
103	537598.0
104	537598.0
105	513550.0
106	513550.0
107	513550.0
108	513550.0
109	513550.0
110	297694.0
111	297694.0
112	297694.0
113	297694.0
114	297694.0
115	777079.0
116	777079.0
117	777079.0
118	777079.0
119	777079.0
120	811995.0
121	811995.0
122	811995.0
123	811995.0
124	811995.0
125	377857.0
126	377857.0
127	377857.0
128	377857.0
129	377857.0
130	768604.0
131	768604.0
132	768604.0
133	768604.0
134	768604.0
135	216261.0
136	216261.0
137	216261.0
138	216261.0
139	216261.0
140	24861.0
141	24861.0
142	24861.0
143	24861.0
144	24861.0
145	412113.0
146	412113.0
147	412113.0
148	412113.0
149	412113.0
150	142516.0
151	142516.0
152	142516.0
153	142516.0
154	142516.0
155	409079.0
156	409079.0
157	409079.0
158	409079.0
159	409079.0
160	752190.0
161	752190.0
162	752190.0
163	752190.0
164	752190.0
165	138353.0
166	138353.0
167	138353.0
168	138353.0
169	138353.0
170	355931.0
171	355931.0
172	355931.0
173	355931.0
174	355931.0
175	616835.0
176	616835.0
177	616835.0
178	616835.0
179	616835.0
180	109189.0
181	109189.0
182	109189.0
183	109189.0
184	109189.0
185	578437.0
186	578437.0
187	578437.0
188	578437.0
189	578437.0
190	154325.0
191	154325.0
192	154325.0
193	154325.0
194	154325.0
195	650056.0
196	650056.0
197	650056.0
198	650056.0
199	650056.0
200	594919.0
201	594919.0
202	594919.0
203	594919.0
204	594919.0
205	157243.0
206	157243.0
207	157243.0
208	157243.0
209	157243.0
210	578758.0
211	578758.0
212	578758.0
213	578758.0
214	578758.0
215	837792.0
216	837792.0
217	837792.0
218	837792.0
219	837792.0
220	252330.0
221	252330.0
222	252330.0
223	252330.0
224	252330.0
225	730779.0
226	730779.0
227	730779.0
228	730779.0
229	730779.0
230	723756.0
231	723756.0
232	723756.0
233	723756.0
234	723756.0
235	686803.0
236	686803.0
237	686803.0
238	686803.0
239	686803.0
240	778482.0
241	778482.0
242	778482.0
243	778482.0
244	778482.0
245	185520.0
246	185520.0
247	185520.0
248	185520.0
249	185520.0
