0	694034.0
1	694034.0
2	694034.0
3	694034.0
4	694034.0
5	679009.0
6	679009.0
7	679009.0
8	679009.0
9	679009.0
10	559419.0
11	559419.0
12	559419.0
13	559419.0
14	559419.0
15	163801.0
16	163801.0
17	163801.0
18	163801.0
19	163801.0
20	356362.0
21	356362.0
22	356362.0
23	356362.0
24	356362.0
25	559585.0
26	559585.0
27	559585.0
28	559585.0
29	559585.0
30	100611.0
31	100611.0
32	100611.0
33	100611.0
34	100611.0
35	402674.0
36	402674.0
37	402674.0
38	402674.0
39	402674.0
40	323218.0
41	323218.0
42	323218.0
43	323218.0
44	323218.0
45	532752.0
46	532752.0
47	532752.0
48	532752.0
49	532752.0
50	370877.0
51	370877.0
52	370877.0
53	370877.0
54	370877.0
55	361368.0
56	361368.0
57	361368.0
58	361368.0
59	361368.0
60	505158.0
61	505158.0
62	505158.0
63	505158.0
64	505158.0
65	869553.0
66	869553.0
67	869553.0
68	869553.0
69	869553.0
70	774795.0
71	774795.0
72	774795.0
73	774795.0
74	774795.0
75	497928.0
76	497928.0
77	497928.0
78	497928.0
79	497928.0
80	550619.0
81	550619.0
82	550619.0
83	550619.0
84	550619.0
85	479301.0
86	479301.0
87	479301.0
88	479301.0
89	479301.0
90	678244.0
91	678244.0
92	678244.0
93	678244.0
94	678244.0
95	712228.0
96	712228.0
97	712228.0
98	712228.0
99	712228.0
100	886835.0
101	886835.0
102	886835.0
103	886835.0
104	886835.0
105	465500.0
106	465500.0
107	465500.0
108	465500.0
109	465500.0
110	88765.0
111	88765.0
112	88765.0
113	88765.0
114	88765.0
115	208043.0
116	208043.0
117	208043.0
118	208043.0
119	208043.0
120	501511.0
121	501511.0
122	501511.0
123	501511.0
124	501511.0
125	449915.0
126	449915.0
127	449915.0
128	449915.0
129	449915.0
130	340369.0
131	340369.0
132	340369.0
133	340369.0
134	340369.0
135	695130.0
136	695130.0
137	695130.0
138	695130.0
139	695130.0
140	392157.0
141	392157.0
142	392157.0
143	392157.0
144	392157.0
145	463916.0
146	463916.0
147	463916.0
148	463916.0
149	463916.0
150	19310.0
151	19310.0
152	19310.0
153	19310.0
154	19310.0
155	120984.0
156	120984.0
157	120984.0
158	120984.0
159	120984.0
160	199071.0
161	199071.0
162	199071.0
163	199071.0
164	199071.0
165	218720.0
166	218720.0
167	218720.0
168	218720.0
169	218720.0
170	357650.0
171	357650.0
172	357650.0
173	357650.0
174	357650.0
175	671368.0
176	671368.0
177	671368.0
178	671368.0
179	671368.0
180	441737.0
181	441737.0
182	441737.0
183	441737.0
184	441737.0
185	384787.0
186	384787.0
187	384787.0
188	384787.0
189	384787.0
190	858853.0
191	858853.0
192	858853.0
193	858853.0
194	858853.0
195	610774.0
196	610774.0
197	610774.0
198	610774.0
199	610774.0
200	816127.0
201	816127.0
202	816127.0
203	816127.0
204	816127.0
205	112544.0
206	112544.0
207	112544.0
208	112544.0
209	112544.0
210	141973.0
211	141973.0
212	141973.0
213	141973.0
214	141973.0
215	399002.0
216	399002.0
217	399002.0
218	399002.0
219	399002.0
220	714658.0
221	714658.0
222	714658.0
223	714658.0
224	714658.0
225	621792.0
226	621792.0
227	621792.0
228	621792.0
229	621792.0
230	315006.0
231	315006.0
232	315006.0
233	315006.0
234	315006.0
235	609864.0
236	609864.0
237	609864.0
238	609864.0
239	609864.0
240	336667.0
241	336667.0
242	336667.0
243	336667.0
244	336667.0
245	348515.0
246	348515.0
247	348515.0
248	348515.0
249	348515.0
