0	8932.0
1	8932.0
2	8932.0
3	8932.0
4	8932.0
5	63298.0
6	63298.0
7	63298.0
8	63298.0
9	63298.0
10	208.0
11	208.0
12	208.0
13	208.0
14	208.0
15	41287.0
16	41287.0
17	41287.0
18	41287.0
19	41287.0
20	36175.0
21	36175.0
22	36175.0
23	36175.0
24	36175.0
25	45723.0
26	45723.0
27	45723.0
28	45723.0
29	45723.0
30	5913.0
31	5913.0
32	5913.0
33	5913.0
34	5913.0
35	91271.0
36	91271.0
37	91271.0
38	91271.0
39	91271.0
40	103154.0
41	103154.0
42	103154.0
43	103154.0
44	103154.0
45	1097.0
46	1097.0
47	1097.0
48	1097.0
49	1097.0
50	60586.0
51	60586.0
52	60586.0
53	60586.0
54	60586.0
55	97326.0
56	97326.0
57	97326.0
58	97326.0
59	97326.0
60	99092.0
61	99092.0
62	99092.0
63	99092.0
64	99092.0
65	53499.0
66	53499.0
67	53499.0
68	53499.0
69	53499.0
70	42340.0
71	42340.0
72	42340.0
73	42340.0
74	42340.0
75	82110.0
76	82110.0
77	82110.0
78	82110.0
79	82110.0
80	66695.0
81	66695.0
82	66695.0
83	66695.0
84	66695.0
85	79792.0
86	79792.0
87	79792.0
88	79792.0
89	79792.0
90	25845.0
91	25845.0
92	25845.0
93	25845.0
94	25845.0
95	1822.0
96	1822.0
97	1822.0
98	1822.0
99	1822.0
100	118281.0
101	118281.0
102	118281.0
103	118281.0
104	118281.0
105	106777.0
106	106777.0
107	106777.0
108	106777.0
109	106777.0
110	67463.0
111	67463.0
112	67463.0
113	67463.0
114	67463.0
115	2715.0
116	2715.0
117	2715.0
118	2715.0
119	2715.0
120	39689.0
121	39689.0
122	39689.0
123	39689.0
124	39689.0
125	29008.0
126	29008.0
127	29008.0
128	29008.0
129	29008.0
130	70082.0
131	70082.0
132	70082.0
133	70082.0
134	70082.0
135	60099.0
136	60099.0
137	60099.0
138	60099.0
139	60099.0
140	47086.0
141	47086.0
142	47086.0
143	47086.0
144	47086.0
145	1705.0
146	1705.0
147	1705.0
148	1705.0
149	1705.0
150	261.0
151	261.0
152	261.0
153	261.0
154	261.0
155	77593.0
156	77593.0
157	77593.0
158	77593.0
159	77593.0
160	101537.0
161	101537.0
162	101537.0
163	101537.0
164	101537.0
165	80794.0
166	80794.0
167	80794.0
168	80794.0
169	80794.0
170	56244.0
171	56244.0
172	56244.0
173	56244.0
174	56244.0
175	62123.0
176	62123.0
177	62123.0
178	62123.0
179	62123.0
180	105972.0
181	105972.0
182	105972.0
183	105972.0
184	105972.0
185	60015.0
186	60015.0
187	60015.0
188	60015.0
189	60015.0
190	94116.0
191	94116.0
192	94116.0
193	94116.0
194	94116.0
195	105861.0
196	105861.0
197	105861.0
198	105861.0
199	105861.0
200	4601.0
201	4601.0
202	4601.0
203	4601.0
204	4601.0
205	69957.0
206	69957.0
207	69957.0
208	69957.0
209	69957.0
210	71092.0
211	71092.0
212	71092.0
213	71092.0
214	71092.0
215	78345.0
216	78345.0
217	78345.0
218	78345.0
219	78345.0
220	19453.0
221	19453.0
222	19453.0
223	19453.0
224	19453.0
225	91287.0
226	91287.0
227	91287.0
228	91287.0
229	91287.0
230	78451.0
231	78451.0
232	78451.0
233	78451.0
234	78451.0
235	24590.0
236	24590.0
237	24590.0
238	24590.0
239	24590.0
240	20963.0
241	20963.0
242	20963.0
243	20963.0
244	20963.0
245	41996.0
246	41996.0
247	41996.0
248	41996.0
249	41996.0
