0	76312.0
1	76312.0
2	76312.0
3	76312.0
4	76312.0
5	50591.0
6	50591.0
7	50591.0
8	50591.0
9	50591.0
10	102641.0
11	102641.0
12	102641.0
13	102641.0
14	102641.0
15	2809.0
16	2809.0
17	2809.0
18	2809.0
19	2809.0
20	26476.0
21	26476.0
22	26476.0
23	26476.0
24	26476.0
25	18687.0
26	18687.0
27	18687.0
28	18687.0
29	18687.0
30	21666.0
31	21666.0
32	21666.0
33	21666.0
34	21666.0
35	37381.0
36	37381.0
37	37381.0
38	37381.0
39	37381.0
40	67244.0
41	67244.0
42	67244.0
43	67244.0
44	67244.0
45	114884.0
46	114884.0
47	114884.0
48	114884.0
49	114884.0
50	50946.0
51	50946.0
52	50946.0
53	50946.0
54	50946.0
55	60260.0
56	60260.0
57	60260.0
58	60260.0
59	60260.0
60	41769.0
61	41769.0
62	41769.0
63	41769.0
64	41769.0
65	11699.0
66	11699.0
67	11699.0
68	11699.0
69	11699.0
70	67338.0
71	67338.0
72	67338.0
73	67338.0
74	67338.0
75	17459.0
76	17459.0
77	17459.0
78	17459.0
79	17459.0
80	10528.0
81	10528.0
82	10528.0
83	10528.0
84	10528.0
85	37552.0
86	37552.0
87	37552.0
88	37552.0
89	37552.0
90	72511.0
91	72511.0
92	72511.0
93	72511.0
94	72511.0
95	39983.0
96	39983.0
97	39983.0
98	39983.0
99	39983.0
100	35078.0
101	35078.0
102	35078.0
103	35078.0
104	35078.0
105	37218.0
106	37218.0
107	37218.0
108	37218.0
109	37218.0
110	114670.0
111	114670.0
112	114670.0
113	114670.0
114	114670.0
115	114223.0
116	114223.0
117	114223.0
118	114223.0
119	114223.0
120	79926.0
121	79926.0
122	79926.0
123	79926.0
124	79926.0
125	7244.0
126	7244.0
127	7244.0
128	7244.0
129	7244.0
130	63979.0
131	63979.0
132	63979.0
133	63979.0
134	63979.0
135	81723.0
136	81723.0
137	81723.0
138	81723.0
139	81723.0
140	56934.0
141	56934.0
142	56934.0
143	56934.0
144	56934.0
145	96126.0
146	96126.0
147	96126.0
148	96126.0
149	96126.0
150	65567.0
151	65567.0
152	65567.0
153	65567.0
154	65567.0
155	44774.0
156	44774.0
157	44774.0
158	44774.0
159	44774.0
160	47743.0
161	47743.0
162	47743.0
163	47743.0
164	47743.0
165	114269.0
166	114269.0
167	114269.0
168	114269.0
169	114269.0
170	97897.0
171	97897.0
172	97897.0
173	97897.0
174	97897.0
175	27675.0
176	27675.0
177	27675.0
178	27675.0
179	27675.0
180	4054.0
181	4054.0
182	4054.0
183	4054.0
184	4054.0
185	51596.0
186	51596.0
187	51596.0
188	51596.0
189	51596.0
190	15255.0
191	15255.0
192	15255.0
193	15255.0
194	15255.0
195	15566.0
196	15566.0
197	15566.0
198	15566.0
199	15566.0
200	60118.0
201	60118.0
202	60118.0
203	60118.0
204	60118.0
205	106804.0
206	106804.0
207	106804.0
208	106804.0
209	106804.0
210	106885.0
211	106885.0
212	106885.0
213	106885.0
214	106885.0
215	80641.0
216	80641.0
217	80641.0
218	80641.0
219	80641.0
220	74157.0
221	74157.0
222	74157.0
223	74157.0
224	74157.0
225	83593.0
226	83593.0
227	83593.0
228	83593.0
229	83593.0
230	67683.0
231	67683.0
232	67683.0
233	67683.0
234	67683.0
235	64038.0
236	64038.0
237	64038.0
238	64038.0
239	64038.0
240	72937.0
241	72937.0
242	72937.0
243	72937.0
244	72937.0
245	51695.0
246	51695.0
247	51695.0
248	51695.0
249	51695.0
