0	26979.0
1	26979.0
2	26979.0
3	26979.0
4	26979.0
5	113325.0
6	113325.0
7	113325.0
8	113325.0
9	113325.0
10	8435.0
11	8435.0
12	8435.0
13	8435.0
14	8435.0
15	38827.0
16	38827.0
17	38827.0
18	38827.0
19	38827.0
20	55609.0
21	55609.0
22	55609.0
23	55609.0
24	55609.0
25	72471.0
26	72471.0
27	72471.0
28	72471.0
29	72471.0
30	94445.0
31	94445.0
32	94445.0
33	94445.0
34	94445.0
35	95051.0
36	95051.0
37	95051.0
38	95051.0
39	95051.0
40	68728.0
41	68728.0
42	68728.0
43	68728.0
44	68728.0
45	73314.0
46	73314.0
47	73314.0
48	73314.0
49	73314.0
50	31960.0
51	31960.0
52	31960.0
53	31960.0
54	31960.0
55	61570.0
56	61570.0
57	61570.0
58	61570.0
59	61570.0
60	98125.0
61	98125.0
62	98125.0
63	98125.0
64	98125.0
65	31561.0
66	31561.0
67	31561.0
68	31561.0
69	31561.0
70	17856.0
71	17856.0
72	17856.0
73	17856.0
74	17856.0
75	8555.0
76	8555.0
77	8555.0
78	8555.0
79	8555.0
80	42351.0
81	42351.0
82	42351.0
83	42351.0
84	42351.0
85	67308.0
86	67308.0
87	67308.0
88	67308.0
89	67308.0
90	37962.0
91	37962.0
92	37962.0
93	37962.0
94	37962.0
95	57542.0
96	57542.0
97	57542.0
98	57542.0
99	57542.0
100	76470.0
101	76470.0
102	76470.0
103	76470.0
104	76470.0
105	26108.0
106	26108.0
107	26108.0
108	26108.0
109	26108.0
110	25966.0
111	25966.0
112	25966.0
113	25966.0
114	25966.0
115	59614.0
116	59614.0
117	59614.0
118	59614.0
119	59614.0
120	55601.0
121	55601.0
122	55601.0
123	55601.0
124	55601.0
125	112965.0
126	112965.0
127	112965.0
128	112965.0
129	112965.0
130	103985.0
131	103985.0
132	103985.0
133	103985.0
134	103985.0
135	30679.0
136	30679.0
137	30679.0
138	30679.0
139	30679.0
140	8846.0
141	8846.0
142	8846.0
143	8846.0
144	8846.0
145	16071.0
146	16071.0
147	16071.0
148	16071.0
149	16071.0
150	38825.0
151	38825.0
152	38825.0
153	38825.0
154	38825.0
155	41888.0
156	41888.0
157	41888.0
158	41888.0
159	41888.0
160	94418.0
161	94418.0
162	94418.0
163	94418.0
164	94418.0
165	104061.0
166	104061.0
167	104061.0
168	104061.0
169	104061.0
170	21659.0
171	21659.0
172	21659.0
173	21659.0
174	21659.0
175	71375.0
176	71375.0
177	71375.0
178	71375.0
179	71375.0
180	5176.0
181	5176.0
182	5176.0
183	5176.0
184	5176.0
185	112162.0
186	112162.0
187	112162.0
188	112162.0
189	112162.0
190	95906.0
191	95906.0
192	95906.0
193	95906.0
194	95906.0
195	65939.0
196	65939.0
197	65939.0
198	65939.0
199	65939.0
200	34942.0
201	34942.0
202	34942.0
203	34942.0
204	34942.0
205	7590.0
206	7590.0
207	7590.0
208	7590.0
209	7590.0
210	17834.0
211	17834.0
212	17834.0
213	17834.0
214	17834.0
215	99917.0
216	99917.0
217	99917.0
218	99917.0
219	99917.0
220	82347.0
221	82347.0
222	82347.0
223	82347.0
224	82347.0
225	3661.0
226	3661.0
227	3661.0
228	3661.0
229	3661.0
230	112424.0
231	112424.0
232	112424.0
233	112424.0
234	112424.0
235	76054.0
236	76054.0
237	76054.0
238	76054.0
239	76054.0
240	11575.0
241	11575.0
242	11575.0
243	11575.0
244	11575.0
245	32881.0
246	32881.0
247	32881.0
248	32881.0
249	32881.0
