0	64072.0
1	64072.0
2	64072.0
3	64072.0
4	64072.0
5	73539.0
6	73539.0
7	73539.0
8	73539.0
9	73539.0
10	81649.0
11	81649.0
12	81649.0
13	81649.0
14	81649.0
15	31403.0
16	31403.0
17	31403.0
18	31403.0
19	31403.0
20	8167.0
21	8167.0
22	8167.0
23	8167.0
24	8167.0
25	30886.0
26	30886.0
27	30886.0
28	30886.0
29	30886.0
30	50615.0
31	50615.0
32	50615.0
33	50615.0
34	50615.0
35	4432.0
36	4432.0
37	4432.0
38	4432.0
39	4432.0
40	12540.0
41	12540.0
42	12540.0
43	12540.0
44	12540.0
45	62899.0
46	62899.0
47	62899.0
48	62899.0
49	62899.0
50	100858.0
51	100858.0
52	100858.0
53	100858.0
54	100858.0
55	20274.0
56	20274.0
57	20274.0
58	20274.0
59	20274.0
60	25823.0
61	25823.0
62	25823.0
63	25823.0
64	25823.0
65	6481.0
66	6481.0
67	6481.0
68	6481.0
69	6481.0
70	101753.0
71	101753.0
72	101753.0
73	101753.0
74	101753.0
75	115854.0
76	115854.0
77	115854.0
78	115854.0
79	115854.0
80	33968.0
81	33968.0
82	33968.0
83	33968.0
84	33968.0
85	85728.0
86	85728.0
87	85728.0
88	85728.0
89	85728.0
90	97237.0
91	97237.0
92	97237.0
93	97237.0
94	97237.0
95	119299.0
96	119299.0
97	119299.0
98	119299.0
99	119299.0
100	102922.0
101	102922.0
102	102922.0
103	102922.0
104	102922.0
105	46601.0
106	46601.0
107	46601.0
108	46601.0
109	46601.0
110	14443.0
111	14443.0
112	14443.0
113	14443.0
114	14443.0
115	60757.0
116	60757.0
117	60757.0
118	60757.0
119	60757.0
120	96034.0
121	96034.0
122	96034.0
123	96034.0
124	96034.0
125	89836.0
126	89836.0
127	89836.0
128	89836.0
129	89836.0
130	46594.0
131	46594.0
132	46594.0
133	46594.0
134	46594.0
135	52460.0
136	52460.0
137	52460.0
138	52460.0
139	52460.0
140	25118.0
141	25118.0
142	25118.0
143	25118.0
144	25118.0
145	75418.0
146	75418.0
147	75418.0
148	75418.0
149	75418.0
150	24440.0
151	24440.0
152	24440.0
153	24440.0
154	24440.0
155	505.0
156	505.0
157	505.0
158	505.0
159	505.0
160	28565.0
161	28565.0
162	28565.0
163	28565.0
164	28565.0
165	76530.0
166	76530.0
167	76530.0
168	76530.0
169	76530.0
170	118311.0
171	118311.0
172	118311.0
173	118311.0
174	118311.0
175	101817.0
176	101817.0
177	101817.0
178	101817.0
179	101817.0
180	29415.0
181	29415.0
182	29415.0
183	29415.0
184	29415.0
185	84435.0
186	84435.0
187	84435.0
188	84435.0
189	84435.0
190	113938.0
191	113938.0
192	113938.0
193	113938.0
194	113938.0
195	103302.0
196	103302.0
197	103302.0
198	103302.0
199	103302.0
200	44398.0
201	44398.0
202	44398.0
203	44398.0
204	44398.0
205	10185.0
206	10185.0
207	10185.0
208	10185.0
209	10185.0
210	35259.0
211	35259.0
212	35259.0
213	35259.0
214	35259.0
215	801.0
216	801.0
217	801.0
218	801.0
219	801.0
220	74925.0
221	74925.0
222	74925.0
223	74925.0
224	74925.0
225	102694.0
226	102694.0
227	102694.0
228	102694.0
229	102694.0
230	111951.0
231	111951.0
232	111951.0
233	111951.0
234	111951.0
235	86708.0
236	86708.0
237	86708.0
238	86708.0
239	86708.0
240	105578.0
241	105578.0
242	105578.0
243	105578.0
244	105578.0
245	105418.0
246	105418.0
247	105418.0
248	105418.0
249	105418.0
