0	86434.0
1	86434.0
2	86434.0
3	86434.0
4	86434.0
5	91925.0
6	91925.0
7	91925.0
8	91925.0
9	91925.0
10	64855.0
11	64855.0
12	64855.0
13	64855.0
14	64855.0
15	74650.0
16	74650.0
17	74650.0
18	74650.0
19	74650.0
20	79464.0
21	79464.0
22	79464.0
23	79464.0
24	79464.0
25	78120.0
26	78120.0
27	78120.0
28	78120.0
29	78120.0
30	81802.0
31	81802.0
32	81802.0
33	81802.0
34	81802.0
35	69097.0
36	69097.0
37	69097.0
38	69097.0
39	69097.0
40	67155.0
41	67155.0
42	67155.0
43	67155.0
44	67155.0
45	105983.0
46	105983.0
47	105983.0
48	105983.0
49	105983.0
50	80637.0
51	80637.0
52	80637.0
53	80637.0
54	80637.0
55	73187.0
56	73187.0
57	73187.0
58	73187.0
59	73187.0
60	85832.0
61	85832.0
62	85832.0
63	85832.0
64	85832.0
65	49798.0
66	49798.0
67	49798.0
68	49798.0
69	49798.0
70	6505.0
71	6505.0
72	6505.0
73	6505.0
74	6505.0
75	42222.0
76	42222.0
77	42222.0
78	42222.0
79	42222.0
80	98767.0
81	98767.0
82	98767.0
83	98767.0
84	98767.0
85	33966.0
86	33966.0
87	33966.0
88	33966.0
89	33966.0
90	88674.0
91	88674.0
92	88674.0
93	88674.0
94	88674.0
95	44876.0
96	44876.0
97	44876.0
98	44876.0
99	44876.0
100	14178.0
101	14178.0
102	14178.0
103	14178.0
104	14178.0
105	18533.0
106	18533.0
107	18533.0
108	18533.0
109	18533.0
110	72186.0
111	72186.0
112	72186.0
113	72186.0
114	72186.0
115	33835.0
116	33835.0
117	33835.0
118	33835.0
119	33835.0
120	112345.0
121	112345.0
122	112345.0
123	112345.0
124	112345.0
125	111899.0
126	111899.0
127	111899.0
128	111899.0
129	111899.0
130	39283.0
131	39283.0
132	39283.0
133	39283.0
134	39283.0
135	41990.0
136	41990.0
137	41990.0
138	41990.0
139	41990.0
140	16001.0
141	16001.0
142	16001.0
143	16001.0
144	16001.0
145	72587.0
146	72587.0
147	72587.0
148	72587.0
149	72587.0
150	19720.0
151	19720.0
152	19720.0
153	19720.0
154	19720.0
155	40869.0
156	40869.0
157	40869.0
158	40869.0
159	40869.0
160	63366.0
161	63366.0
162	63366.0
163	63366.0
164	63366.0
165	90446.0
166	90446.0
167	90446.0
168	90446.0
169	90446.0
170	115420.0
171	115420.0
172	115420.0
173	115420.0
174	115420.0
175	38872.0
176	38872.0
177	38872.0
178	38872.0
179	38872.0
180	57118.0
181	57118.0
182	57118.0
183	57118.0
184	57118.0
185	70643.0
186	70643.0
187	70643.0
188	70643.0
189	70643.0
190	39165.0
191	39165.0
192	39165.0
193	39165.0
194	39165.0
195	64589.0
196	64589.0
197	64589.0
198	64589.0
199	64589.0
200	113190.0
201	113190.0
202	113190.0
203	113190.0
204	113190.0
205	102315.0
206	102315.0
207	102315.0
208	102315.0
209	102315.0
210	75767.0
211	75767.0
212	75767.0
213	75767.0
214	75767.0
215	49525.0
216	49525.0
217	49525.0
218	49525.0
219	49525.0
220	108473.0
221	108473.0
222	108473.0
223	108473.0
224	108473.0
225	59599.0
226	59599.0
227	59599.0
228	59599.0
229	59599.0
230	61667.0
231	61667.0
232	61667.0
233	61667.0
234	61667.0
235	32373.0
236	32373.0
237	32373.0
238	32373.0
239	32373.0
240	64660.0
241	64660.0
242	64660.0
243	64660.0
244	64660.0
245	63862.0
246	63862.0
247	63862.0
248	63862.0
249	63862.0
