0	1110.0
1	1110.0
2	1110.0
3	1110.0
4	1110.0
5	55463.0
6	55463.0
7	55463.0
8	55463.0
9	55463.0
10	23282.0
11	23282.0
12	23282.0
13	23282.0
14	23282.0
15	105389.0
16	105389.0
17	105389.0
18	105389.0
19	105389.0
20	23444.0
21	23444.0
22	23444.0
23	23444.0
24	23444.0
25	101211.0
26	101211.0
27	101211.0
28	101211.0
29	101211.0
30	50806.0
31	50806.0
32	50806.0
33	50806.0
34	50806.0
35	97781.0
36	97781.0
37	97781.0
38	97781.0
39	97781.0
40	10724.0
41	10724.0
42	10724.0
43	10724.0
44	10724.0
45	92184.0
46	92184.0
47	92184.0
48	92184.0
49	92184.0
50	38488.0
51	38488.0
52	38488.0
53	38488.0
54	38488.0
55	53551.0
56	53551.0
57	53551.0
58	53551.0
59	53551.0
60	72697.0
61	72697.0
62	72697.0
63	72697.0
64	72697.0
65	40545.0
66	40545.0
67	40545.0
68	40545.0
69	40545.0
70	59248.0
71	59248.0
72	59248.0
73	59248.0
74	59248.0
75	49744.0
76	49744.0
77	49744.0
78	49744.0
79	49744.0
80	28432.0
81	28432.0
82	28432.0
83	28432.0
84	28432.0
85	1029.0
86	1029.0
87	1029.0
88	1029.0
89	1029.0
90	64379.0
91	64379.0
92	64379.0
93	64379.0
94	64379.0
95	87908.0
96	87908.0
97	87908.0
98	87908.0
99	87908.0
100	24960.0
101	24960.0
102	24960.0
103	24960.0
104	24960.0
105	50884.0
106	50884.0
107	50884.0
108	50884.0
109	50884.0
110	85256.0
111	85256.0
112	85256.0
113	85256.0
114	85256.0
115	49047.0
116	49047.0
117	49047.0
118	49047.0
119	49047.0
120	50849.0
121	50849.0
122	50849.0
123	50849.0
124	50849.0
125	95324.0
126	95324.0
127	95324.0
128	95324.0
129	95324.0
130	82499.0
131	82499.0
132	82499.0
133	82499.0
134	82499.0
135	52969.0
136	52969.0
137	52969.0
138	52969.0
139	52969.0
140	104670.0
141	104670.0
142	104670.0
143	104670.0
144	104670.0
145	111121.0
146	111121.0
147	111121.0
148	111121.0
149	111121.0
150	7707.0
151	7707.0
152	7707.0
153	7707.0
154	7707.0
155	77121.0
156	77121.0
157	77121.0
158	77121.0
159	77121.0
160	114688.0
161	114688.0
162	114688.0
163	114688.0
164	114688.0
165	28581.0
166	28581.0
167	28581.0
168	28581.0
169	28581.0
170	63077.0
171	63077.0
172	63077.0
173	63077.0
174	63077.0
175	110601.0
176	110601.0
177	110601.0
178	110601.0
179	110601.0
180	111687.0
181	111687.0
182	111687.0
183	111687.0
184	111687.0
185	52615.0
186	52615.0
187	52615.0
188	52615.0
189	52615.0
190	51446.0
191	51446.0
192	51446.0
193	51446.0
194	51446.0
195	14930.0
196	14930.0
197	14930.0
198	14930.0
199	14930.0
200	95623.0
201	95623.0
202	95623.0
203	95623.0
204	95623.0
205	101132.0
206	101132.0
207	101132.0
208	101132.0
209	101132.0
210	96368.0
211	96368.0
212	96368.0
213	96368.0
214	96368.0
215	81526.0
216	81526.0
217	81526.0
218	81526.0
219	81526.0
220	40590.0
221	40590.0
222	40590.0
223	40590.0
224	40590.0
225	58351.0
226	58351.0
227	58351.0
228	58351.0
229	58351.0
230	70733.0
231	70733.0
232	70733.0
233	70733.0
234	70733.0
235	102369.0
236	102369.0
237	102369.0
238	102369.0
239	102369.0
240	55805.0
241	55805.0
242	55805.0
243	55805.0
244	55805.0
245	60640.0
246	60640.0
247	60640.0
248	60640.0
249	60640.0
