0	116511.0
1	116511.0
2	116511.0
3	116511.0
4	116511.0
5	75418.0
6	75418.0
7	75418.0
8	75418.0
9	75418.0
10	17740.0
11	17740.0
12	17740.0
13	17740.0
14	17740.0
15	121149.0
16	121149.0
17	121149.0
18	121149.0
19	121149.0
20	141723.0
21	141723.0
22	141723.0
23	141723.0
24	141723.0
25	364315.0
26	364315.0
27	364315.0
28	364315.0
29	364315.0
30	145807.0
31	145807.0
32	145807.0
33	145807.0
34	145807.0
35	293324.0
36	293324.0
37	293324.0
38	293324.0
39	293324.0
40	385119.0
41	385119.0
42	385119.0
43	385119.0
44	385119.0
45	248318.0
46	248318.0
47	248318.0
48	248318.0
49	248318.0
50	118527.0
51	118527.0
52	118527.0
53	118527.0
54	118527.0
55	203024.0
56	203024.0
57	203024.0
58	203024.0
59	203024.0
60	51641.0
61	51641.0
62	51641.0
63	51641.0
64	51641.0
65	359376.0
66	359376.0
67	359376.0
68	359376.0
69	359376.0
70	405359.0
71	405359.0
72	405359.0
73	405359.0
74	405359.0
75	217731.0
76	217731.0
77	217731.0
78	217731.0
79	217731.0
80	225977.0
81	225977.0
82	225977.0
83	225977.0
84	225977.0
85	26853.0
86	26853.0
87	26853.0
88	26853.0
89	26853.0
90	256036.0
91	256036.0
92	256036.0
93	256036.0
94	256036.0
95	188377.0
96	188377.0
97	188377.0
98	188377.0
99	188377.0
100	340478.0
101	340478.0
102	340478.0
103	340478.0
104	340478.0
105	14570.0
106	14570.0
107	14570.0
108	14570.0
109	14570.0
110	261870.0
111	261870.0
112	261870.0
113	261870.0
114	261870.0
115	368923.0
116	368923.0
117	368923.0
118	368923.0
119	368923.0
120	329265.0
121	329265.0
122	329265.0
123	329265.0
124	329265.0
125	139252.0
126	139252.0
127	139252.0
128	139252.0
129	139252.0
130	24795.0
131	24795.0
132	24795.0
133	24795.0
134	24795.0
135	293295.0
136	293295.0
137	293295.0
138	293295.0
139	293295.0
140	38370.0
141	38370.0
142	38370.0
143	38370.0
144	38370.0
145	115776.0
146	115776.0
147	115776.0
148	115776.0
149	115776.0
150	257582.0
151	257582.0
152	257582.0
153	257582.0
154	257582.0
155	144612.0
156	144612.0
157	144612.0
158	144612.0
159	144612.0
160	148186.0
161	148186.0
162	148186.0
163	148186.0
164	148186.0
165	77360.0
166	77360.0
167	77360.0
168	77360.0
169	77360.0
170	151236.0
171	151236.0
172	151236.0
173	151236.0
174	151236.0
175	397783.0
176	397783.0
177	397783.0
178	397783.0
179	397783.0
180	68803.0
181	68803.0
182	68803.0
183	68803.0
184	68803.0
185	251886.0
186	251886.0
187	251886.0
188	251886.0
189	251886.0
190	116546.0
191	116546.0
192	116546.0
193	116546.0
194	116546.0
195	52443.0
196	52443.0
197	52443.0
198	52443.0
199	52443.0
200	42804.0
201	42804.0
202	42804.0
203	42804.0
204	42804.0
205	319456.0
206	319456.0
207	319456.0
208	319456.0
209	319456.0
210	88731.0
211	88731.0
212	88731.0
213	88731.0
214	88731.0
215	87712.0
216	87712.0
217	87712.0
218	87712.0
219	87712.0
220	199887.0
221	199887.0
222	199887.0
223	199887.0
224	199887.0
225	134395.0
226	134395.0
227	134395.0
228	134395.0
229	134395.0
230	274766.0
231	274766.0
232	274766.0
233	274766.0
234	274766.0
235	174258.0
236	174258.0
237	174258.0
238	174258.0
239	174258.0
240	112260.0
241	112260.0
242	112260.0
243	112260.0
244	112260.0
245	274945.0
246	274945.0
247	274945.0
248	274945.0
249	274945.0
