0	113198.0
1	113198.0
2	113198.0
3	113198.0
4	113198.0
5	135269.0
6	135269.0
7	135269.0
8	135269.0
9	135269.0
10	380964.0
11	380964.0
12	380964.0
13	380964.0
14	380964.0
15	356993.0
16	356993.0
17	356993.0
18	356993.0
19	356993.0
20	154287.0
21	154287.0
22	154287.0
23	154287.0
24	154287.0
25	212946.0
26	212946.0
27	212946.0
28	212946.0
29	212946.0
30	388039.0
31	388039.0
32	388039.0
33	388039.0
34	388039.0
35	413569.0
36	413569.0
37	413569.0
38	413569.0
39	413569.0
40	392127.0
41	392127.0
42	392127.0
43	392127.0
44	392127.0
45	106759.0
46	106759.0
47	106759.0
48	106759.0
49	106759.0
50	345401.0
51	345401.0
52	345401.0
53	345401.0
54	345401.0
55	398141.0
56	398141.0
57	398141.0
58	398141.0
59	398141.0
60	148887.0
61	148887.0
62	148887.0
63	148887.0
64	148887.0
65	171801.0
66	171801.0
67	171801.0
68	171801.0
69	171801.0
70	1637.0
71	1637.0
72	1637.0
73	1637.0
74	1637.0
75	311011.0
76	311011.0
77	311011.0
78	311011.0
79	311011.0
80	238332.0
81	238332.0
82	238332.0
83	238332.0
84	238332.0
85	42401.0
86	42401.0
87	42401.0
88	42401.0
89	42401.0
90	380818.0
91	380818.0
92	380818.0
93	380818.0
94	380818.0
95	279347.0
96	279347.0
97	279347.0
98	279347.0
99	279347.0
100	414669.0
101	414669.0
102	414669.0
103	414669.0
104	414669.0
105	34442.0
106	34442.0
107	34442.0
108	34442.0
109	34442.0
110	390155.0
111	390155.0
112	390155.0
113	390155.0
114	390155.0
115	37410.0
116	37410.0
117	37410.0
118	37410.0
119	37410.0
120	18164.0
121	18164.0
122	18164.0
123	18164.0
124	18164.0
125	376661.0
126	376661.0
127	376661.0
128	376661.0
129	376661.0
130	296468.0
131	296468.0
132	296468.0
133	296468.0
134	296468.0
135	255165.0
136	255165.0
137	255165.0
138	255165.0
139	255165.0
140	69121.0
141	69121.0
142	69121.0
143	69121.0
144	69121.0
145	150362.0
146	150362.0
147	150362.0
148	150362.0
149	150362.0
150	135384.0
151	135384.0
152	135384.0
153	135384.0
154	135384.0
155	172974.0
156	172974.0
157	172974.0
158	172974.0
159	172974.0
160	178586.0
161	178586.0
162	178586.0
163	178586.0
164	178586.0
165	306188.0
166	306188.0
167	306188.0
168	306188.0
169	306188.0
170	265058.0
171	265058.0
172	265058.0
173	265058.0
174	265058.0
175	281096.0
176	281096.0
177	281096.0
178	281096.0
179	281096.0
180	2258.0
181	2258.0
182	2258.0
183	2258.0
184	2258.0
185	180115.0
186	180115.0
187	180115.0
188	180115.0
189	180115.0
190	295708.0
191	295708.0
192	295708.0
193	295708.0
194	295708.0
195	47258.0
196	47258.0
197	47258.0
198	47258.0
199	47258.0
200	3291.0
201	3291.0
202	3291.0
203	3291.0
204	3291.0
205	264881.0
206	264881.0
207	264881.0
208	264881.0
209	264881.0
210	54308.0
211	54308.0
212	54308.0
213	54308.0
214	54308.0
215	300835.0
216	300835.0
217	300835.0
218	300835.0
219	300835.0
220	151053.0
221	151053.0
222	151053.0
223	151053.0
224	151053.0
225	230802.0
226	230802.0
227	230802.0
228	230802.0
229	230802.0
230	332463.0
231	332463.0
232	332463.0
233	332463.0
234	332463.0
235	93331.0
236	93331.0
237	93331.0
238	93331.0
239	93331.0
240	373564.0
241	373564.0
242	373564.0
243	373564.0
244	373564.0
245	57422.0
246	57422.0
247	57422.0
248	57422.0
249	57422.0
