0	81077.0
1	81077.0
2	81077.0
3	81077.0
4	81077.0
5	188451.0
6	188451.0
7	188451.0
8	188451.0
9	188451.0
10	810283.0
11	810283.0
12	810283.0
13	810283.0
14	810283.0
15	204956.0
16	204956.0
17	204956.0
18	204956.0
19	204956.0
20	763102.0
21	763102.0
22	763102.0
23	763102.0
24	763102.0
25	769345.0
26	769345.0
27	769345.0
28	769345.0
29	769345.0
30	724114.0
31	724114.0
32	724114.0
33	724114.0
34	724114.0
35	38199.0
36	38199.0
37	38199.0
38	38199.0
39	38199.0
40	416953.0
41	416953.0
42	416953.0
43	416953.0
44	416953.0
45	1837.0
46	1837.0
47	1837.0
48	1837.0
49	1837.0
50	724729.0
51	724729.0
52	724729.0
53	724729.0
54	724729.0
55	390908.0
56	390908.0
57	390908.0
58	390908.0
59	390908.0
60	677185.0
61	677185.0
62	677185.0
63	677185.0
64	677185.0
65	450758.0
66	450758.0
67	450758.0
68	450758.0
69	450758.0
70	602209.0
71	602209.0
72	602209.0
73	602209.0
74	602209.0
75	476472.0
76	476472.0
77	476472.0
78	476472.0
79	476472.0
80	145516.0
81	145516.0
82	145516.0
83	145516.0
84	145516.0
85	855158.0
86	855158.0
87	855158.0
88	855158.0
89	855158.0
90	426683.0
91	426683.0
92	426683.0
93	426683.0
94	426683.0
95	872905.0
96	872905.0
97	872905.0
98	872905.0
99	872905.0
100	166905.0
101	166905.0
102	166905.0
103	166905.0
104	166905.0
105	452016.0
106	452016.0
107	452016.0
108	452016.0
109	452016.0
110	412549.0
111	412549.0
112	412549.0
113	412549.0
114	412549.0
115	285867.0
116	285867.0
117	285867.0
118	285867.0
119	285867.0
120	370855.0
121	370855.0
122	370855.0
123	370855.0
124	370855.0
125	856085.0
126	856085.0
127	856085.0
128	856085.0
129	856085.0
130	213868.0
131	213868.0
132	213868.0
133	213868.0
134	213868.0
135	75539.0
136	75539.0
137	75539.0
138	75539.0
139	75539.0
140	126762.0
141	126762.0
142	126762.0
143	126762.0
144	126762.0
145	209919.0
146	209919.0
147	209919.0
148	209919.0
149	209919.0
150	704109.0
151	704109.0
152	704109.0
153	704109.0
154	704109.0
155	8492.0
156	8492.0
157	8492.0
158	8492.0
159	8492.0
160	718973.0
161	718973.0
162	718973.0
163	718973.0
164	718973.0
165	12467.0
166	12467.0
167	12467.0
168	12467.0
169	12467.0
170	50741.0
171	50741.0
172	50741.0
173	50741.0
174	50741.0
175	109615.0
176	109615.0
177	109615.0
178	109615.0
179	109615.0
180	543315.0
181	543315.0
182	543315.0
183	543315.0
184	543315.0
185	699878.0
186	699878.0
187	699878.0
188	699878.0
189	699878.0
190	23491.0
191	23491.0
192	23491.0
193	23491.0
194	23491.0
195	290352.0
196	290352.0
197	290352.0
198	290352.0
199	290352.0
200	759432.0
201	759432.0
202	759432.0
203	759432.0
204	759432.0
205	220383.0
206	220383.0
207	220383.0
208	220383.0
209	220383.0
210	443068.0
211	443068.0
212	443068.0
213	443068.0
214	443068.0
215	371257.0
216	371257.0
217	371257.0
218	371257.0
219	371257.0
220	519756.0
221	519756.0
222	519756.0
223	519756.0
224	519756.0
225	339712.0
226	339712.0
227	339712.0
228	339712.0
229	339712.0
230	286762.0
231	286762.0
232	286762.0
233	286762.0
234	286762.0
235	838537.0
236	838537.0
237	838537.0
238	838537.0
239	838537.0
240	197523.0
241	197523.0
242	197523.0
243	197523.0
244	197523.0
245	368424.0
246	368424.0
247	368424.0
248	368424.0
249	368424.0
