0	350184.0
1	350184.0
2	350184.0
3	350184.0
4	350184.0
5	483106.0
6	483106.0
7	483106.0
8	483106.0
9	483106.0
10	654506.0
11	654506.0
12	654506.0
13	654506.0
14	654506.0
15	407941.0
16	407941.0
17	407941.0
18	407941.0
19	407941.0
20	585135.0
21	585135.0
22	585135.0
23	585135.0
24	585135.0
25	800852.0
26	800852.0
27	800852.0
28	800852.0
29	800852.0
30	838339.0
31	838339.0
32	838339.0
33	838339.0
34	838339.0
35	350154.0
36	350154.0
37	350154.0
38	350154.0
39	350154.0
40	362098.0
41	362098.0
42	362098.0
43	362098.0
44	362098.0
45	717961.0
46	717961.0
47	717961.0
48	717961.0
49	717961.0
50	803116.0
51	803116.0
52	803116.0
53	803116.0
54	803116.0
55	812938.0
56	812938.0
57	812938.0
58	812938.0
59	812938.0
60	61705.0
61	61705.0
62	61705.0
63	61705.0
64	61705.0
65	847060.0
66	847060.0
67	847060.0
68	847060.0
69	847060.0
70	808178.0
71	808178.0
72	808178.0
73	808178.0
74	808178.0
75	337360.0
76	337360.0
77	337360.0
78	337360.0
79	337360.0
80	25017.0
81	25017.0
82	25017.0
83	25017.0
84	25017.0
85	236109.0
86	236109.0
87	236109.0
88	236109.0
89	236109.0
90	473110.0
91	473110.0
92	473110.0
93	473110.0
94	473110.0
95	523690.0
96	523690.0
97	523690.0
98	523690.0
99	523690.0
100	58972.0
101	58972.0
102	58972.0
103	58972.0
104	58972.0
105	757503.0
106	757503.0
107	757503.0
108	757503.0
109	757503.0
110	703698.0
111	703698.0
112	703698.0
113	703698.0
114	703698.0
115	357815.0
116	357815.0
117	357815.0
118	357815.0
119	357815.0
120	53908.0
121	53908.0
122	53908.0
123	53908.0
124	53908.0
125	37229.0
126	37229.0
127	37229.0
128	37229.0
129	37229.0
130	684141.0
131	684141.0
132	684141.0
133	684141.0
134	684141.0
135	794898.0
136	794898.0
137	794898.0
138	794898.0
139	794898.0
140	760063.0
141	760063.0
142	760063.0
143	760063.0
144	760063.0
145	35854.0
146	35854.0
147	35854.0
148	35854.0
149	35854.0
150	846139.0
151	846139.0
152	846139.0
153	846139.0
154	846139.0
155	120646.0
156	120646.0
157	120646.0
158	120646.0
159	120646.0
160	247468.0
161	247468.0
162	247468.0
163	247468.0
164	247468.0
165	81678.0
166	81678.0
167	81678.0
168	81678.0
169	81678.0
170	553480.0
171	553480.0
172	553480.0
173	553480.0
174	553480.0
175	79269.0
176	79269.0
177	79269.0
178	79269.0
179	79269.0
180	286199.0
181	286199.0
182	286199.0
183	286199.0
184	286199.0
185	352304.0
186	352304.0
187	352304.0
188	352304.0
189	352304.0
190	336018.0
191	336018.0
192	336018.0
193	336018.0
194	336018.0
195	214281.0
196	214281.0
197	214281.0
198	214281.0
199	214281.0
200	586901.0
201	586901.0
202	586901.0
203	586901.0
204	586901.0
205	50559.0
206	50559.0
207	50559.0
208	50559.0
209	50559.0
210	689303.0
211	689303.0
212	689303.0
213	689303.0
214	689303.0
215	397733.0
216	397733.0
217	397733.0
218	397733.0
219	397733.0
220	103134.0
221	103134.0
222	103134.0
223	103134.0
224	103134.0
225	322748.0
226	322748.0
227	322748.0
228	322748.0
229	322748.0
230	334280.0
231	334280.0
232	334280.0
233	334280.0
234	334280.0
235	227437.0
236	227437.0
237	227437.0
238	227437.0
239	227437.0
240	699108.0
241	699108.0
242	699108.0
243	699108.0
244	699108.0
245	460565.0
246	460565.0
247	460565.0
248	460565.0
249	460565.0
