0	390151.0
1	390151.0
2	390151.0
3	390151.0
4	390151.0
5	115044.0
6	115044.0
7	115044.0
8	115044.0
9	115044.0
10	254457.0
11	254457.0
12	254457.0
13	254457.0
14	254457.0
15	240987.0
16	240987.0
17	240987.0
18	240987.0
19	240987.0
20	176849.0
21	176849.0
22	176849.0
23	176849.0
24	176849.0
25	57628.0
26	57628.0
27	57628.0
28	57628.0
29	57628.0
30	190778.0
31	190778.0
32	190778.0
33	190778.0
34	190778.0
35	127520.0
36	127520.0
37	127520.0
38	127520.0
39	127520.0
40	168895.0
41	168895.0
42	168895.0
43	168895.0
44	168895.0
45	322804.0
46	322804.0
47	322804.0
48	322804.0
49	322804.0
50	213210.0
51	213210.0
52	213210.0
53	213210.0
54	213210.0
55	267747.0
56	267747.0
57	267747.0
58	267747.0
59	267747.0
60	74221.0
61	74221.0
62	74221.0
63	74221.0
64	74221.0
65	369849.0
66	369849.0
67	369849.0
68	369849.0
69	369849.0
70	107571.0
71	107571.0
72	107571.0
73	107571.0
74	107571.0
75	371774.0
76	371774.0
77	371774.0
78	371774.0
79	371774.0
80	254871.0
81	254871.0
82	254871.0
83	254871.0
84	254871.0
85	426801.0
86	426801.0
87	426801.0
88	426801.0
89	426801.0
90	50299.0
91	50299.0
92	50299.0
93	50299.0
94	50299.0
95	147262.0
96	147262.0
97	147262.0
98	147262.0
99	147262.0
100	265439.0
101	265439.0
102	265439.0
103	265439.0
104	265439.0
105	201348.0
106	201348.0
107	201348.0
108	201348.0
109	201348.0
110	309312.0
111	309312.0
112	309312.0
113	309312.0
114	309312.0
115	345434.0
116	345434.0
117	345434.0
118	345434.0
119	345434.0
120	426518.0
121	426518.0
122	426518.0
123	426518.0
124	426518.0
125	216345.0
126	216345.0
127	216345.0
128	216345.0
129	216345.0
130	67016.0
131	67016.0
132	67016.0
133	67016.0
134	67016.0
135	389578.0
136	389578.0
137	389578.0
138	389578.0
139	389578.0
140	332863.0
141	332863.0
142	332863.0
143	332863.0
144	332863.0
145	162976.0
146	162976.0
147	162976.0
148	162976.0
149	162976.0
150	353023.0
151	353023.0
152	353023.0
153	353023.0
154	353023.0
155	287954.0
156	287954.0
157	287954.0
158	287954.0
159	287954.0
160	109306.0
161	109306.0
162	109306.0
163	109306.0
164	109306.0
165	224920.0
166	224920.0
167	224920.0
168	224920.0
169	224920.0
170	58696.0
171	58696.0
172	58696.0
173	58696.0
174	58696.0
175	46639.0
176	46639.0
177	46639.0
178	46639.0
179	46639.0
180	190079.0
181	190079.0
182	190079.0
183	190079.0
184	190079.0
185	78587.0
186	78587.0
187	78587.0
188	78587.0
189	78587.0
190	434291.0
191	434291.0
192	434291.0
193	434291.0
194	434291.0
195	80961.0
196	80961.0
197	80961.0
198	80961.0
199	80961.0
200	377900.0
201	377900.0
202	377900.0
203	377900.0
204	377900.0
205	164802.0
206	164802.0
207	164802.0
208	164802.0
209	164802.0
210	95828.0
211	95828.0
212	95828.0
213	95828.0
214	95828.0
215	1841.0
216	1841.0
217	1841.0
218	1841.0
219	1841.0
220	184203.0
221	184203.0
222	184203.0
223	184203.0
224	184203.0
225	439287.0
226	439287.0
227	439287.0
228	439287.0
229	439287.0
230	23593.0
231	23593.0
232	23593.0
233	23593.0
234	23593.0
235	418560.0
236	418560.0
237	418560.0
238	418560.0
239	418560.0
240	440243.0
241	440243.0
242	440243.0
243	440243.0
244	440243.0
245	153580.0
246	153580.0
247	153580.0
248	153580.0
249	153580.0
