0	67781.0
1	67781.0
2	67781.0
3	67781.0
4	67781.0
5	382379.0
6	382379.0
7	382379.0
8	382379.0
9	382379.0
10	273646.0
11	273646.0
12	273646.0
13	273646.0
14	273646.0
15	233015.0
16	233015.0
17	233015.0
18	233015.0
19	233015.0
20	113796.0
21	113796.0
22	113796.0
23	113796.0
24	113796.0
25	376307.0
26	376307.0
27	376307.0
28	376307.0
29	376307.0
30	170370.0
31	170370.0
32	170370.0
33	170370.0
34	170370.0
35	432545.0
36	432545.0
37	432545.0
38	432545.0
39	432545.0
40	190919.0
41	190919.0
42	190919.0
43	190919.0
44	190919.0
45	151550.0
46	151550.0
47	151550.0
48	151550.0
49	151550.0
50	363310.0
51	363310.0
52	363310.0
53	363310.0
54	363310.0
55	106769.0
56	106769.0
57	106769.0
58	106769.0
59	106769.0
60	265267.0
61	265267.0
62	265267.0
63	265267.0
64	265267.0
65	19139.0
66	19139.0
67	19139.0
68	19139.0
69	19139.0
70	267458.0
71	267458.0
72	267458.0
73	267458.0
74	267458.0
75	233400.0
76	233400.0
77	233400.0
78	233400.0
79	233400.0
80	287381.0
81	287381.0
82	287381.0
83	287381.0
84	287381.0
85	300714.0
86	300714.0
87	300714.0
88	300714.0
89	300714.0
90	223808.0
91	223808.0
92	223808.0
93	223808.0
94	223808.0
95	354445.0
96	354445.0
97	354445.0
98	354445.0
99	354445.0
100	331034.0
101	331034.0
102	331034.0
103	331034.0
104	331034.0
105	158695.0
106	158695.0
107	158695.0
108	158695.0
109	158695.0
110	39779.0
111	39779.0
112	39779.0
113	39779.0
114	39779.0
115	231460.0
116	231460.0
117	231460.0
118	231460.0
119	231460.0
120	99095.0
121	99095.0
122	99095.0
123	99095.0
124	99095.0
125	348486.0
126	348486.0
127	348486.0
128	348486.0
129	348486.0
130	24472.0
131	24472.0
132	24472.0
133	24472.0
134	24472.0
135	92308.0
136	92308.0
137	92308.0
138	92308.0
139	92308.0
140	20923.0
141	20923.0
142	20923.0
143	20923.0
144	20923.0
145	154965.0
146	154965.0
147	154965.0
148	154965.0
149	154965.0
150	294789.0
151	294789.0
152	294789.0
153	294789.0
154	294789.0
155	260285.0
156	260285.0
157	260285.0
158	260285.0
159	260285.0
160	117081.0
161	117081.0
162	117081.0
163	117081.0
164	117081.0
165	341261.0
166	341261.0
167	341261.0
168	341261.0
169	341261.0
170	205053.0
171	205053.0
172	205053.0
173	205053.0
174	205053.0
175	6463.0
176	6463.0
177	6463.0
178	6463.0
179	6463.0
180	296394.0
181	296394.0
182	296394.0
183	296394.0
184	296394.0
185	91163.0
186	91163.0
187	91163.0
188	91163.0
189	91163.0
190	217700.0
191	217700.0
192	217700.0
193	217700.0
194	217700.0
195	68772.0
196	68772.0
197	68772.0
198	68772.0
199	68772.0
200	223863.0
201	223863.0
202	223863.0
203	223863.0
204	223863.0
205	169590.0
206	169590.0
207	169590.0
208	169590.0
209	169590.0
210	82436.0
211	82436.0
212	82436.0
213	82436.0
214	82436.0
215	271003.0
216	271003.0
217	271003.0
218	271003.0
219	271003.0
220	170579.0
221	170579.0
222	170579.0
223	170579.0
224	170579.0
225	927.0
226	927.0
227	927.0
228	927.0
229	927.0
230	243487.0
231	243487.0
232	243487.0
233	243487.0
234	243487.0
235	272516.0
236	272516.0
237	272516.0
238	272516.0
239	272516.0
240	357043.0
241	357043.0
242	357043.0
243	357043.0
244	357043.0
245	6480.0
246	6480.0
247	6480.0
248	6480.0
249	6480.0
