0	334077.0
1	334077.0
2	334077.0
3	334077.0
4	334077.0
5	332256.0
6	332256.0
7	332256.0
8	332256.0
9	332256.0
10	220981.0
11	220981.0
12	220981.0
13	220981.0
14	220981.0
15	100985.0
16	100985.0
17	100985.0
18	100985.0
19	100985.0
20	694508.0
21	694508.0
22	694508.0
23	694508.0
24	694508.0
25	697676.0
26	697676.0
27	697676.0
28	697676.0
29	697676.0
30	272793.0
31	272793.0
32	272793.0
33	272793.0
34	272793.0
35	555552.0
36	555552.0
37	555552.0
38	555552.0
39	555552.0
40	361110.0
41	361110.0
42	361110.0
43	361110.0
44	361110.0
45	54301.0
46	54301.0
47	54301.0
48	54301.0
49	54301.0
50	418926.0
51	418926.0
52	418926.0
53	418926.0
54	418926.0
55	274390.0
56	274390.0
57	274390.0
58	274390.0
59	274390.0
60	99690.0
61	99690.0
62	99690.0
63	99690.0
64	99690.0
65	335925.0
66	335925.0
67	335925.0
68	335925.0
69	335925.0
70	280506.0
71	280506.0
72	280506.0
73	280506.0
74	280506.0
75	424390.0
76	424390.0
77	424390.0
78	424390.0
79	424390.0
80	704835.0
81	704835.0
82	704835.0
83	704835.0
84	704835.0
85	115102.0
86	115102.0
87	115102.0
88	115102.0
89	115102.0
90	229545.0
91	229545.0
92	229545.0
93	229545.0
94	229545.0
95	294254.0
96	294254.0
97	294254.0
98	294254.0
99	294254.0
100	423014.0
101	423014.0
102	423014.0
103	423014.0
104	423014.0
105	509275.0
106	509275.0
107	509275.0
108	509275.0
109	509275.0
110	195649.0
111	195649.0
112	195649.0
113	195649.0
114	195649.0
115	157988.0
116	157988.0
117	157988.0
118	157988.0
119	157988.0
120	280370.0
121	280370.0
122	280370.0
123	280370.0
124	280370.0
125	410379.0
126	410379.0
127	410379.0
128	410379.0
129	410379.0
130	600576.0
131	600576.0
132	600576.0
133	600576.0
134	600576.0
135	186765.0
136	186765.0
137	186765.0
138	186765.0
139	186765.0
140	142837.0
141	142837.0
142	142837.0
143	142837.0
144	142837.0
145	441135.0
146	441135.0
147	441135.0
148	441135.0
149	441135.0
150	720272.0
151	720272.0
152	720272.0
153	720272.0
154	720272.0
155	721830.0
156	721830.0
157	721830.0
158	721830.0
159	721830.0
160	222352.0
161	222352.0
162	222352.0
163	222352.0
164	222352.0
165	399668.0
166	399668.0
167	399668.0
168	399668.0
169	399668.0
170	459625.0
171	459625.0
172	459625.0
173	459625.0
174	459625.0
175	86238.0
176	86238.0
177	86238.0
178	86238.0
179	86238.0
180	207184.0
181	207184.0
182	207184.0
183	207184.0
184	207184.0
185	477912.0
186	477912.0
187	477912.0
188	477912.0
189	477912.0
190	301161.0
191	301161.0
192	301161.0
193	301161.0
194	301161.0
195	250951.0
196	250951.0
197	250951.0
198	250951.0
199	250951.0
200	564657.0
201	564657.0
202	564657.0
203	564657.0
204	564657.0
205	167814.0
206	167814.0
207	167814.0
208	167814.0
209	167814.0
210	118857.0
211	118857.0
212	118857.0
213	118857.0
214	118857.0
215	266543.0
216	266543.0
217	266543.0
218	266543.0
219	266543.0
220	402.0
221	402.0
222	402.0
223	402.0
224	402.0
225	722249.0
226	722249.0
227	722249.0
228	722249.0
229	722249.0
230	513567.0
231	513567.0
232	513567.0
233	513567.0
234	513567.0
235	742903.0
236	742903.0
237	742903.0
238	742903.0
239	742903.0
240	663048.0
241	663048.0
242	663048.0
243	663048.0
244	663048.0
245	203131.0
246	203131.0
247	203131.0
248	203131.0
249	203131.0
