0	504482.0
1	504482.0
2	504482.0
3	504482.0
4	504482.0
5	256891.0
6	256891.0
7	256891.0
8	256891.0
9	256891.0
10	14227.0
11	14227.0
12	14227.0
13	14227.0
14	14227.0
15	405259.0
16	405259.0
17	405259.0
18	405259.0
19	405259.0
20	62555.0
21	62555.0
22	62555.0
23	62555.0
24	62555.0
25	471392.0
26	471392.0
27	471392.0
28	471392.0
29	471392.0
30	385172.0
31	385172.0
32	385172.0
33	385172.0
34	385172.0
35	124126.0
36	124126.0
37	124126.0
38	124126.0
39	124126.0
40	695610.0
41	695610.0
42	695610.0
43	695610.0
44	695610.0
45	504893.0
46	504893.0
47	504893.0
48	504893.0
49	504893.0
50	274713.0
51	274713.0
52	274713.0
53	274713.0
54	274713.0
55	454012.0
56	454012.0
57	454012.0
58	454012.0
59	454012.0
60	89215.0
61	89215.0
62	89215.0
63	89215.0
64	89215.0
65	576580.0
66	576580.0
67	576580.0
68	576580.0
69	576580.0
70	633322.0
71	633322.0
72	633322.0
73	633322.0
74	633322.0
75	480267.0
76	480267.0
77	480267.0
78	480267.0
79	480267.0
80	739407.0
81	739407.0
82	739407.0
83	739407.0
84	739407.0
85	634164.0
86	634164.0
87	634164.0
88	634164.0
89	634164.0
90	20158.0
91	20158.0
92	20158.0
93	20158.0
94	20158.0
95	350474.0
96	350474.0
97	350474.0
98	350474.0
99	350474.0
100	718572.0
101	718572.0
102	718572.0
103	718572.0
104	718572.0
105	753257.0
106	753257.0
107	753257.0
108	753257.0
109	753257.0
110	357700.0
111	357700.0
112	357700.0
113	357700.0
114	357700.0
115	77667.0
116	77667.0
117	77667.0
118	77667.0
119	77667.0
120	58544.0
121	58544.0
122	58544.0
123	58544.0
124	58544.0
125	115349.0
126	115349.0
127	115349.0
128	115349.0
129	115349.0
130	329344.0
131	329344.0
132	329344.0
133	329344.0
134	329344.0
135	133744.0
136	133744.0
137	133744.0
138	133744.0
139	133744.0
140	683746.0
141	683746.0
142	683746.0
143	683746.0
144	683746.0
145	96795.0
146	96795.0
147	96795.0
148	96795.0
149	96795.0
150	630378.0
151	630378.0
152	630378.0
153	630378.0
154	630378.0
155	58138.0
156	58138.0
157	58138.0
158	58138.0
159	58138.0
160	335970.0
161	335970.0
162	335970.0
163	335970.0
164	335970.0
165	427529.0
166	427529.0
167	427529.0
168	427529.0
169	427529.0
170	741566.0
171	741566.0
172	741566.0
173	741566.0
174	741566.0
175	192311.0
176	192311.0
177	192311.0
178	192311.0
179	192311.0
180	284660.0
181	284660.0
182	284660.0
183	284660.0
184	284660.0
185	127746.0
186	127746.0
187	127746.0
188	127746.0
189	127746.0
190	137320.0
191	137320.0
192	137320.0
193	137320.0
194	137320.0
195	564240.0
196	564240.0
197	564240.0
198	564240.0
199	564240.0
200	686585.0
201	686585.0
202	686585.0
203	686585.0
204	686585.0
205	209857.0
206	209857.0
207	209857.0
208	209857.0
209	209857.0
210	319605.0
211	319605.0
212	319605.0
213	319605.0
214	319605.0
215	190077.0
216	190077.0
217	190077.0
218	190077.0
219	190077.0
220	646800.0
221	646800.0
222	646800.0
223	646800.0
224	646800.0
225	441781.0
226	441781.0
227	441781.0
228	441781.0
229	441781.0
230	25245.0
231	25245.0
232	25245.0
233	25245.0
234	25245.0
235	101600.0
236	101600.0
237	101600.0
238	101600.0
239	101600.0
240	748256.0
241	748256.0
242	748256.0
243	748256.0
244	748256.0
245	11401.0
246	11401.0
247	11401.0
248	11401.0
249	11401.0
