0	53995.0
1	53995.0
2	53995.0
3	53995.0
4	53995.0
5	141473.0
6	141473.0
7	141473.0
8	141473.0
9	141473.0
10	222390.0
11	222390.0
12	222390.0
13	222390.0
14	222390.0
15	715917.0
16	715917.0
17	715917.0
18	715917.0
19	715917.0
20	469686.0
21	469686.0
22	469686.0
23	469686.0
24	469686.0
25	265808.0
26	265808.0
27	265808.0
28	265808.0
29	265808.0
30	516206.0
31	516206.0
32	516206.0
33	516206.0
34	516206.0
35	565615.0
36	565615.0
37	565615.0
38	565615.0
39	565615.0
40	274489.0
41	274489.0
42	274489.0
43	274489.0
44	274489.0
45	681352.0
46	681352.0
47	681352.0
48	681352.0
49	681352.0
50	506611.0
51	506611.0
52	506611.0
53	506611.0
54	506611.0
55	554690.0
56	554690.0
57	554690.0
58	554690.0
59	554690.0
60	565667.0
61	565667.0
62	565667.0
63	565667.0
64	565667.0
65	393131.0
66	393131.0
67	393131.0
68	393131.0
69	393131.0
70	153983.0
71	153983.0
72	153983.0
73	153983.0
74	153983.0
75	429657.0
76	429657.0
77	429657.0
78	429657.0
79	429657.0
80	515149.0
81	515149.0
82	515149.0
83	515149.0
84	515149.0
85	352612.0
86	352612.0
87	352612.0
88	352612.0
89	352612.0
90	164383.0
91	164383.0
92	164383.0
93	164383.0
94	164383.0
95	413122.0
96	413122.0
97	413122.0
98	413122.0
99	413122.0
100	504519.0
101	504519.0
102	504519.0
103	504519.0
104	504519.0
105	406594.0
106	406594.0
107	406594.0
108	406594.0
109	406594.0
110	228403.0
111	228403.0
112	228403.0
113	228403.0
114	228403.0
115	288772.0
116	288772.0
117	288772.0
118	288772.0
119	288772.0
120	383503.0
121	383503.0
122	383503.0
123	383503.0
124	383503.0
125	425688.0
126	425688.0
127	425688.0
128	425688.0
129	425688.0
130	685114.0
131	685114.0
132	685114.0
133	685114.0
134	685114.0
135	429696.0
136	429696.0
137	429696.0
138	429696.0
139	429696.0
140	577768.0
141	577768.0
142	577768.0
143	577768.0
144	577768.0
145	66150.0
146	66150.0
147	66150.0
148	66150.0
149	66150.0
150	368514.0
151	368514.0
152	368514.0
153	368514.0
154	368514.0
155	98345.0
156	98345.0
157	98345.0
158	98345.0
159	98345.0
160	66445.0
161	66445.0
162	66445.0
163	66445.0
164	66445.0
165	352831.0
166	352831.0
167	352831.0
168	352831.0
169	352831.0
170	595369.0
171	595369.0
172	595369.0
173	595369.0
174	595369.0
175	214922.0
176	214922.0
177	214922.0
178	214922.0
179	214922.0
180	12652.0
181	12652.0
182	12652.0
183	12652.0
184	12652.0
185	595846.0
186	595846.0
187	595846.0
188	595846.0
189	595846.0
190	137909.0
191	137909.0
192	137909.0
193	137909.0
194	137909.0
195	110122.0
196	110122.0
197	110122.0
198	110122.0
199	110122.0
200	6021.0
201	6021.0
202	6021.0
203	6021.0
204	6021.0
205	478697.0
206	478697.0
207	478697.0
208	478697.0
209	478697.0
210	387828.0
211	387828.0
212	387828.0
213	387828.0
214	387828.0
215	107850.0
216	107850.0
217	107850.0
218	107850.0
219	107850.0
220	750765.0
221	750765.0
222	750765.0
223	750765.0
224	750765.0
225	329241.0
226	329241.0
227	329241.0
228	329241.0
229	329241.0
230	45255.0
231	45255.0
232	45255.0
233	45255.0
234	45255.0
235	25692.0
236	25692.0
237	25692.0
238	25692.0
239	25692.0
240	160763.0
241	160763.0
242	160763.0
243	160763.0
244	160763.0
245	582073.0
246	582073.0
247	582073.0
248	582073.0
249	582073.0
