0	577856.0
1	577856.0
2	577856.0
3	577856.0
4	577856.0
5	632215.0
6	632215.0
7	632215.0
8	632215.0
9	632215.0
10	8739.0
11	8739.0
12	8739.0
13	8739.0
14	8739.0
15	75783.0
16	75783.0
17	75783.0
18	75783.0
19	75783.0
20	466101.0
21	466101.0
22	466101.0
23	466101.0
24	466101.0
25	265455.0
26	265455.0
27	265455.0
28	265455.0
29	265455.0
30	563448.0
31	563448.0
32	563448.0
33	563448.0
34	563448.0
35	319283.0
36	319283.0
37	319283.0
38	319283.0
39	319283.0
40	612611.0
41	612611.0
42	612611.0
43	612611.0
44	612611.0
45	246864.0
46	246864.0
47	246864.0
48	246864.0
49	246864.0
50	736395.0
51	736395.0
52	736395.0
53	736395.0
54	736395.0
55	435168.0
56	435168.0
57	435168.0
58	435168.0
59	435168.0
60	178597.0
61	178597.0
62	178597.0
63	178597.0
64	178597.0
65	514128.0
66	514128.0
67	514128.0
68	514128.0
69	514128.0
70	518197.0
71	518197.0
72	518197.0
73	518197.0
74	518197.0
75	427486.0
76	427486.0
77	427486.0
78	427486.0
79	427486.0
80	383497.0
81	383497.0
82	383497.0
83	383497.0
84	383497.0
85	197508.0
86	197508.0
87	197508.0
88	197508.0
89	197508.0
90	231572.0
91	231572.0
92	231572.0
93	231572.0
94	231572.0
95	138941.0
96	138941.0
97	138941.0
98	138941.0
99	138941.0
100	239263.0
101	239263.0
102	239263.0
103	239263.0
104	239263.0
105	714366.0
106	714366.0
107	714366.0
108	714366.0
109	714366.0
110	229015.0
111	229015.0
112	229015.0
113	229015.0
114	229015.0
115	494942.0
116	494942.0
117	494942.0
118	494942.0
119	494942.0
120	161159.0
121	161159.0
122	161159.0
123	161159.0
124	161159.0
125	450649.0
126	450649.0
127	450649.0
128	450649.0
129	450649.0
130	461790.0
131	461790.0
132	461790.0
133	461790.0
134	461790.0
135	487092.0
136	487092.0
137	487092.0
138	487092.0
139	487092.0
140	586296.0
141	586296.0
142	586296.0
143	586296.0
144	586296.0
145	72634.0
146	72634.0
147	72634.0
148	72634.0
149	72634.0
150	352586.0
151	352586.0
152	352586.0
153	352586.0
154	352586.0
155	522896.0
156	522896.0
157	522896.0
158	522896.0
159	522896.0
160	369475.0
161	369475.0
162	369475.0
163	369475.0
164	369475.0
165	449443.0
166	449443.0
167	449443.0
168	449443.0
169	449443.0
170	581045.0
171	581045.0
172	581045.0
173	581045.0
174	581045.0
175	746307.0
176	746307.0
177	746307.0
178	746307.0
179	746307.0
180	419236.0
181	419236.0
182	419236.0
183	419236.0
184	419236.0
185	626005.0
186	626005.0
187	626005.0
188	626005.0
189	626005.0
190	128374.0
191	128374.0
192	128374.0
193	128374.0
194	128374.0
195	396146.0
196	396146.0
197	396146.0
198	396146.0
199	396146.0
200	601398.0
201	601398.0
202	601398.0
203	601398.0
204	601398.0
205	747530.0
206	747530.0
207	747530.0
208	747530.0
209	747530.0
210	406427.0
211	406427.0
212	406427.0
213	406427.0
214	406427.0
215	360848.0
216	360848.0
217	360848.0
218	360848.0
219	360848.0
220	25725.0
221	25725.0
222	25725.0
223	25725.0
224	25725.0
225	392069.0
226	392069.0
227	392069.0
228	392069.0
229	392069.0
230	546643.0
231	546643.0
232	546643.0
233	546643.0
234	546643.0
235	744192.0
236	744192.0
237	744192.0
238	744192.0
239	744192.0
240	528616.0
241	528616.0
242	528616.0
243	528616.0
244	528616.0
245	464376.0
246	464376.0
247	464376.0
248	464376.0
249	464376.0
