0	105049.0
1	105049.0
2	105049.0
3	105049.0
4	105049.0
5	484596.0
6	484596.0
7	484596.0
8	484596.0
9	484596.0
10	144513.0
11	144513.0
12	144513.0
13	144513.0
14	144513.0
15	606160.0
16	606160.0
17	606160.0
18	606160.0
19	606160.0
20	572862.0
21	572862.0
22	572862.0
23	572862.0
24	572862.0
25	391647.0
26	391647.0
27	391647.0
28	391647.0
29	391647.0
30	82890.0
31	82890.0
32	82890.0
33	82890.0
34	82890.0
35	67462.0
36	67462.0
37	67462.0
38	67462.0
39	67462.0
40	307354.0
41	307354.0
42	307354.0
43	307354.0
44	307354.0
45	515684.0
46	515684.0
47	515684.0
48	515684.0
49	515684.0
50	110028.0
51	110028.0
52	110028.0
53	110028.0
54	110028.0
55	169502.0
56	169502.0
57	169502.0
58	169502.0
59	169502.0
60	328059.0
61	328059.0
62	328059.0
63	328059.0
64	328059.0
65	693264.0
66	693264.0
67	693264.0
68	693264.0
69	693264.0
70	692661.0
71	692661.0
72	692661.0
73	692661.0
74	692661.0
75	637304.0
76	637304.0
77	637304.0
78	637304.0
79	637304.0
80	536901.0
81	536901.0
82	536901.0
83	536901.0
84	536901.0
85	492462.0
86	492462.0
87	492462.0
88	492462.0
89	492462.0
90	317028.0
91	317028.0
92	317028.0
93	317028.0
94	317028.0
95	193061.0
96	193061.0
97	193061.0
98	193061.0
99	193061.0
100	183057.0
101	183057.0
102	183057.0
103	183057.0
104	183057.0
105	523145.0
106	523145.0
107	523145.0
108	523145.0
109	523145.0
110	538511.0
111	538511.0
112	538511.0
113	538511.0
114	538511.0
115	685653.0
116	685653.0
117	685653.0
118	685653.0
119	685653.0
120	223000.0
121	223000.0
122	223000.0
123	223000.0
124	223000.0
125	464833.0
126	464833.0
127	464833.0
128	464833.0
129	464833.0
130	296695.0
131	296695.0
132	296695.0
133	296695.0
134	296695.0
135	317205.0
136	317205.0
137	317205.0
138	317205.0
139	317205.0
140	594581.0
141	594581.0
142	594581.0
143	594581.0
144	594581.0
145	195210.0
146	195210.0
147	195210.0
148	195210.0
149	195210.0
150	266232.0
151	266232.0
152	266232.0
153	266232.0
154	266232.0
155	214550.0
156	214550.0
157	214550.0
158	214550.0
159	214550.0
160	512990.0
161	512990.0
162	512990.0
163	512990.0
164	512990.0
165	464800.0
166	464800.0
167	464800.0
168	464800.0
169	464800.0
170	750340.0
171	750340.0
172	750340.0
173	750340.0
174	750340.0
175	237739.0
176	237739.0
177	237739.0
178	237739.0
179	237739.0
180	192689.0
181	192689.0
182	192689.0
183	192689.0
184	192689.0
185	45510.0
186	45510.0
187	45510.0
188	45510.0
189	45510.0
190	271302.0
191	271302.0
192	271302.0
193	271302.0
194	271302.0
195	694026.0
196	694026.0
197	694026.0
198	694026.0
199	694026.0
200	40345.0
201	40345.0
202	40345.0
203	40345.0
204	40345.0
205	320779.0
206	320779.0
207	320779.0
208	320779.0
209	320779.0
210	247257.0
211	247257.0
212	247257.0
213	247257.0
214	247257.0
215	640505.0
216	640505.0
217	640505.0
218	640505.0
219	640505.0
220	339364.0
221	339364.0
222	339364.0
223	339364.0
224	339364.0
225	593216.0
226	593216.0
227	593216.0
228	593216.0
229	593216.0
230	721062.0
231	721062.0
232	721062.0
233	721062.0
234	721062.0
235	304722.0
236	304722.0
237	304722.0
238	304722.0
239	304722.0
240	152352.0
241	152352.0
242	152352.0
243	152352.0
244	152352.0
245	564188.0
246	564188.0
247	564188.0
248	564188.0
249	564188.0
