0	726470.0
1	726470.0
2	726470.0
3	726470.0
4	726470.0
5	296377.0
6	296377.0
7	296377.0
8	296377.0
9	296377.0
10	499839.0
11	499839.0
12	499839.0
13	499839.0
14	499839.0
15	517666.0
16	517666.0
17	517666.0
18	517666.0
19	517666.0
20	315872.0
21	315872.0
22	315872.0
23	315872.0
24	315872.0
25	72819.0
26	72819.0
27	72819.0
28	72819.0
29	72819.0
30	685680.0
31	685680.0
32	685680.0
33	685680.0
34	685680.0
35	522324.0
36	522324.0
37	522324.0
38	522324.0
39	522324.0
40	316701.0
41	316701.0
42	316701.0
43	316701.0
44	316701.0
45	548186.0
46	548186.0
47	548186.0
48	548186.0
49	548186.0
50	369827.0
51	369827.0
52	369827.0
53	369827.0
54	369827.0
55	218579.0
56	218579.0
57	218579.0
58	218579.0
59	218579.0
60	711676.0
61	711676.0
62	711676.0
63	711676.0
64	711676.0
65	555704.0
66	555704.0
67	555704.0
68	555704.0
69	555704.0
70	146069.0
71	146069.0
72	146069.0
73	146069.0
74	146069.0
75	182089.0
76	182089.0
77	182089.0
78	182089.0
79	182089.0
80	124907.0
81	124907.0
82	124907.0
83	124907.0
84	124907.0
85	318730.0
86	318730.0
87	318730.0
88	318730.0
89	318730.0
90	472340.0
91	472340.0
92	472340.0
93	472340.0
94	472340.0
95	679295.0
96	679295.0
97	679295.0
98	679295.0
99	679295.0
100	16444.0
101	16444.0
102	16444.0
103	16444.0
104	16444.0
105	50322.0
106	50322.0
107	50322.0
108	50322.0
109	50322.0
110	627039.0
111	627039.0
112	627039.0
113	627039.0
114	627039.0
115	556150.0
116	556150.0
117	556150.0
118	556150.0
119	556150.0
120	539683.0
121	539683.0
122	539683.0
123	539683.0
124	539683.0
125	297277.0
126	297277.0
127	297277.0
128	297277.0
129	297277.0
130	570558.0
131	570558.0
132	570558.0
133	570558.0
134	570558.0
135	339151.0
136	339151.0
137	339151.0
138	339151.0
139	339151.0
140	236012.0
141	236012.0
142	236012.0
143	236012.0
144	236012.0
145	246607.0
146	246607.0
147	246607.0
148	246607.0
149	246607.0
150	679044.0
151	679044.0
152	679044.0
153	679044.0
154	679044.0
155	9950.0
156	9950.0
157	9950.0
158	9950.0
159	9950.0
160	54644.0
161	54644.0
162	54644.0
163	54644.0
164	54644.0
165	597955.0
166	597955.0
167	597955.0
168	597955.0
169	597955.0
170	725162.0
171	725162.0
172	725162.0
173	725162.0
174	725162.0
175	308929.0
176	308929.0
177	308929.0
178	308929.0
179	308929.0
180	501353.0
181	501353.0
182	501353.0
183	501353.0
184	501353.0
185	243938.0
186	243938.0
187	243938.0
188	243938.0
189	243938.0
190	102232.0
191	102232.0
192	102232.0
193	102232.0
194	102232.0
195	532789.0
196	532789.0
197	532789.0
198	532789.0
199	532789.0
200	8918.0
201	8918.0
202	8918.0
203	8918.0
204	8918.0
205	403997.0
206	403997.0
207	403997.0
208	403997.0
209	403997.0
210	645614.0
211	645614.0
212	645614.0
213	645614.0
214	645614.0
215	728788.0
216	728788.0
217	728788.0
218	728788.0
219	728788.0
220	427566.0
221	427566.0
222	427566.0
223	427566.0
224	427566.0
225	163381.0
226	163381.0
227	163381.0
228	163381.0
229	163381.0
230	601330.0
231	601330.0
232	601330.0
233	601330.0
234	601330.0
235	408156.0
236	408156.0
237	408156.0
238	408156.0
239	408156.0
240	731507.0
241	731507.0
242	731507.0
243	731507.0
244	731507.0
245	384126.0
246	384126.0
247	384126.0
248	384126.0
249	384126.0
