0	167633.0
1	167633.0
2	167633.0
3	167633.0
4	167633.0
5	385330.0
6	385330.0
7	385330.0
8	385330.0
9	385330.0
10	191730.0
11	191730.0
12	191730.0
13	191730.0
14	191730.0
15	338002.0
16	338002.0
17	338002.0
18	338002.0
19	338002.0
20	44916.0
21	44916.0
22	44916.0
23	44916.0
24	44916.0
25	449676.0
26	449676.0
27	449676.0
28	449676.0
29	449676.0
30	229601.0
31	229601.0
32	229601.0
33	229601.0
34	229601.0
35	132566.0
36	132566.0
37	132566.0
38	132566.0
39	132566.0
40	174260.0
41	174260.0
42	174260.0
43	174260.0
44	174260.0
45	304807.0
46	304807.0
47	304807.0
48	304807.0
49	304807.0
50	175428.0
51	175428.0
52	175428.0
53	175428.0
54	175428.0
55	288129.0
56	288129.0
57	288129.0
58	288129.0
59	288129.0
60	410262.0
61	410262.0
62	410262.0
63	410262.0
64	410262.0
65	151659.0
66	151659.0
67	151659.0
68	151659.0
69	151659.0
70	101980.0
71	101980.0
72	101980.0
73	101980.0
74	101980.0
75	169189.0
76	169189.0
77	169189.0
78	169189.0
79	169189.0
80	78076.0
81	78076.0
82	78076.0
83	78076.0
84	78076.0
85	121769.0
86	121769.0
87	121769.0
88	121769.0
89	121769.0
90	429001.0
91	429001.0
92	429001.0
93	429001.0
94	429001.0
95	203565.0
96	203565.0
97	203565.0
98	203565.0
99	203565.0
100	280892.0
101	280892.0
102	280892.0
103	280892.0
104	280892.0
105	287761.0
106	287761.0
107	287761.0
108	287761.0
109	287761.0
110	84475.0
111	84475.0
112	84475.0
113	84475.0
114	84475.0
115	351600.0
116	351600.0
117	351600.0
118	351600.0
119	351600.0
120	165256.0
121	165256.0
122	165256.0
123	165256.0
124	165256.0
125	174768.0
126	174768.0
127	174768.0
128	174768.0
129	174768.0
130	69618.0
131	69618.0
132	69618.0
133	69618.0
134	69618.0
135	152903.0
136	152903.0
137	152903.0
138	152903.0
139	152903.0
140	298378.0
141	298378.0
142	298378.0
143	298378.0
144	298378.0
145	375054.0
146	375054.0
147	375054.0
148	375054.0
149	375054.0
150	145734.0
151	145734.0
152	145734.0
153	145734.0
154	145734.0
155	272831.0
156	272831.0
157	272831.0
158	272831.0
159	272831.0
160	12122.0
161	12122.0
162	12122.0
163	12122.0
164	12122.0
165	243230.0
166	243230.0
167	243230.0
168	243230.0
169	243230.0
170	66458.0
171	66458.0
172	66458.0
173	66458.0
174	66458.0
175	322505.0
176	322505.0
177	322505.0
178	322505.0
179	322505.0
180	130888.0
181	130888.0
182	130888.0
183	130888.0
184	130888.0
185	249152.0
186	249152.0
187	249152.0
188	249152.0
189	249152.0
190	284608.0
191	284608.0
192	284608.0
193	284608.0
194	284608.0
195	407095.0
196	407095.0
197	407095.0
198	407095.0
199	407095.0
200	269819.0
201	269819.0
202	269819.0
203	269819.0
204	269819.0
205	184224.0
206	184224.0
207	184224.0
208	184224.0
209	184224.0
210	379503.0
211	379503.0
212	379503.0
213	379503.0
214	379503.0
215	53434.0
216	53434.0
217	53434.0
218	53434.0
219	53434.0
220	419211.0
221	419211.0
222	419211.0
223	419211.0
224	419211.0
225	412765.0
226	412765.0
227	412765.0
228	412765.0
229	412765.0
230	95870.0
231	95870.0
232	95870.0
233	95870.0
234	95870.0
235	199384.0
236	199384.0
237	199384.0
238	199384.0
239	199384.0
240	394927.0
241	394927.0
242	394927.0
243	394927.0
244	394927.0
245	3739.0
246	3739.0
247	3739.0
248	3739.0
249	3739.0
