0	73890.0
1	73890.0
2	73890.0
3	73890.0
4	73890.0
5	172225.0
6	172225.0
7	172225.0
8	172225.0
9	172225.0
10	95550.0
11	95550.0
12	95550.0
13	95550.0
14	95550.0
15	279817.0
16	279817.0
17	279817.0
18	279817.0
19	279817.0
20	252803.0
21	252803.0
22	252803.0
23	252803.0
24	252803.0
25	218578.0
26	218578.0
27	218578.0
28	218578.0
29	218578.0
30	400775.0
31	400775.0
32	400775.0
33	400775.0
34	400775.0
35	289613.0
36	289613.0
37	289613.0
38	289613.0
39	289613.0
40	391153.0
41	391153.0
42	391153.0
43	391153.0
44	391153.0
45	53162.0
46	53162.0
47	53162.0
48	53162.0
49	53162.0
50	251576.0
51	251576.0
52	251576.0
53	251576.0
54	251576.0
55	345940.0
56	345940.0
57	345940.0
58	345940.0
59	345940.0
60	237398.0
61	237398.0
62	237398.0
63	237398.0
64	237398.0
65	111264.0
66	111264.0
67	111264.0
68	111264.0
69	111264.0
70	165371.0
71	165371.0
72	165371.0
73	165371.0
74	165371.0
75	230258.0
76	230258.0
77	230258.0
78	230258.0
79	230258.0
80	257921.0
81	257921.0
82	257921.0
83	257921.0
84	257921.0
85	449923.0
86	449923.0
87	449923.0
88	449923.0
89	449923.0
90	97767.0
91	97767.0
92	97767.0
93	97767.0
94	97767.0
95	30178.0
96	30178.0
97	30178.0
98	30178.0
99	30178.0
100	330047.0
101	330047.0
102	330047.0
103	330047.0
104	330047.0
105	336076.0
106	336076.0
107	336076.0
108	336076.0
109	336076.0
110	362183.0
111	362183.0
112	362183.0
113	362183.0
114	362183.0
115	194760.0
116	194760.0
117	194760.0
118	194760.0
119	194760.0
120	180666.0
121	180666.0
122	180666.0
123	180666.0
124	180666.0
125	410635.0
126	410635.0
127	410635.0
128	410635.0
129	410635.0
130	350170.0
131	350170.0
132	350170.0
133	350170.0
134	350170.0
135	240114.0
136	240114.0
137	240114.0
138	240114.0
139	240114.0
140	65434.0
141	65434.0
142	65434.0
143	65434.0
144	65434.0
145	323203.0
146	323203.0
147	323203.0
148	323203.0
149	323203.0
150	45131.0
151	45131.0
152	45131.0
153	45131.0
154	45131.0
155	100612.0
156	100612.0
157	100612.0
158	100612.0
159	100612.0
160	256948.0
161	256948.0
162	256948.0
163	256948.0
164	256948.0
165	44467.0
166	44467.0
167	44467.0
168	44467.0
169	44467.0
170	328205.0
171	328205.0
172	328205.0
173	328205.0
174	328205.0
175	426479.0
176	426479.0
177	426479.0
178	426479.0
179	426479.0
180	43636.0
181	43636.0
182	43636.0
183	43636.0
184	43636.0
185	23324.0
186	23324.0
187	23324.0
188	23324.0
189	23324.0
190	141534.0
191	141534.0
192	141534.0
193	141534.0
194	141534.0
195	398125.0
196	398125.0
197	398125.0
198	398125.0
199	398125.0
200	409716.0
201	409716.0
202	409716.0
203	409716.0
204	409716.0
205	432589.0
206	432589.0
207	432589.0
208	432589.0
209	432589.0
210	253572.0
211	253572.0
212	253572.0
213	253572.0
214	253572.0
215	101814.0
216	101814.0
217	101814.0
218	101814.0
219	101814.0
220	56080.0
221	56080.0
222	56080.0
223	56080.0
224	56080.0
225	28870.0
226	28870.0
227	28870.0
228	28870.0
229	28870.0
230	151748.0
231	151748.0
232	151748.0
233	151748.0
234	151748.0
235	324535.0
236	324535.0
237	324535.0
238	324535.0
239	324535.0
240	208929.0
241	208929.0
242	208929.0
243	208929.0
244	208929.0
245	387434.0
246	387434.0
247	387434.0
248	387434.0
249	387434.0
