0	346631.0
1	346631.0
2	346631.0
3	346631.0
4	346631.0
5	107998.0
6	107998.0
7	107998.0
8	107998.0
9	107998.0
10	331148.0
11	331148.0
12	331148.0
13	331148.0
14	331148.0
15	208568.0
16	208568.0
17	208568.0
18	208568.0
19	208568.0
20	152335.0
21	152335.0
22	152335.0
23	152335.0
24	152335.0
25	436623.0
26	436623.0
27	436623.0
28	436623.0
29	436623.0
30	352260.0
31	352260.0
32	352260.0
33	352260.0
34	352260.0
35	428133.0
36	428133.0
37	428133.0
38	428133.0
39	428133.0
40	233419.0
41	233419.0
42	233419.0
43	233419.0
44	233419.0
45	94706.0
46	94706.0
47	94706.0
48	94706.0
49	94706.0
50	56740.0
51	56740.0
52	56740.0
53	56740.0
54	56740.0
55	360253.0
56	360253.0
57	360253.0
58	360253.0
59	360253.0
60	171776.0
61	171776.0
62	171776.0
63	171776.0
64	171776.0
65	284090.0
66	284090.0
67	284090.0
68	284090.0
69	284090.0
70	344895.0
71	344895.0
72	344895.0
73	344895.0
74	344895.0
75	269838.0
76	269838.0
77	269838.0
78	269838.0
79	269838.0
80	301275.0
81	301275.0
82	301275.0
83	301275.0
84	301275.0
85	203663.0
86	203663.0
87	203663.0
88	203663.0
89	203663.0
90	47417.0
91	47417.0
92	47417.0
93	47417.0
94	47417.0
95	140002.0
96	140002.0
97	140002.0
98	140002.0
99	140002.0
100	227704.0
101	227704.0
102	227704.0
103	227704.0
104	227704.0
105	203716.0
106	203716.0
107	203716.0
108	203716.0
109	203716.0
110	308136.0
111	308136.0
112	308136.0
113	308136.0
114	308136.0
115	42389.0
116	42389.0
117	42389.0
118	42389.0
119	42389.0
120	443402.0
121	443402.0
122	443402.0
123	443402.0
124	443402.0
125	380197.0
126	380197.0
127	380197.0
128	380197.0
129	380197.0
130	81321.0
131	81321.0
132	81321.0
133	81321.0
134	81321.0
135	89612.0
136	89612.0
137	89612.0
138	89612.0
139	89612.0
140	235592.0
141	235592.0
142	235592.0
143	235592.0
144	235592.0
145	287651.0
146	287651.0
147	287651.0
148	287651.0
149	287651.0
150	433228.0
151	433228.0
152	433228.0
153	433228.0
154	433228.0
155	41799.0
156	41799.0
157	41799.0
158	41799.0
159	41799.0
160	246398.0
161	246398.0
162	246398.0
163	246398.0
164	246398.0
165	261967.0
166	261967.0
167	261967.0
168	261967.0
169	261967.0
170	393030.0
171	393030.0
172	393030.0
173	393030.0
174	393030.0
175	338406.0
176	338406.0
177	338406.0
178	338406.0
179	338406.0
180	394999.0
181	394999.0
182	394999.0
183	394999.0
184	394999.0
185	354525.0
186	354525.0
187	354525.0
188	354525.0
189	354525.0
190	388130.0
191	388130.0
192	388130.0
193	388130.0
194	388130.0
195	83015.0
196	83015.0
197	83015.0
198	83015.0
199	83015.0
200	151497.0
201	151497.0
202	151497.0
203	151497.0
204	151497.0
205	27674.0
206	27674.0
207	27674.0
208	27674.0
209	27674.0
210	310675.0
211	310675.0
212	310675.0
213	310675.0
214	310675.0
215	379981.0
216	379981.0
217	379981.0
218	379981.0
219	379981.0
220	448164.0
221	448164.0
222	448164.0
223	448164.0
224	448164.0
225	302483.0
226	302483.0
227	302483.0
228	302483.0
229	302483.0
230	128545.0
231	128545.0
232	128545.0
233	128545.0
234	128545.0
235	135162.0
236	135162.0
237	135162.0
238	135162.0
239	135162.0
240	422920.0
241	422920.0
242	422920.0
243	422920.0
244	422920.0
245	309258.0
246	309258.0
247	309258.0
248	309258.0
249	309258.0
