0	318040.0
1	318040.0
2	318040.0
3	318040.0
4	318040.0
5	360019.0
6	360019.0
7	360019.0
8	360019.0
9	360019.0
10	320907.0
11	320907.0
12	320907.0
13	320907.0
14	320907.0
15	405433.0
16	405433.0
17	405433.0
18	405433.0
19	405433.0
20	18049.0
21	18049.0
22	18049.0
23	18049.0
24	18049.0
25	282069.0
26	282069.0
27	282069.0
28	282069.0
29	282069.0
30	385691.0
31	385691.0
32	385691.0
33	385691.0
34	385691.0
35	233936.0
36	233936.0
37	233936.0
38	233936.0
39	233936.0
40	379192.0
41	379192.0
42	379192.0
43	379192.0
44	379192.0
45	420599.0
46	420599.0
47	420599.0
48	420599.0
49	420599.0
50	47974.0
51	47974.0
52	47974.0
53	47974.0
54	47974.0
55	351398.0
56	351398.0
57	351398.0
58	351398.0
59	351398.0
60	398866.0
61	398866.0
62	398866.0
63	398866.0
64	398866.0
65	20165.0
66	20165.0
67	20165.0
68	20165.0
69	20165.0
70	32469.0
71	32469.0
72	32469.0
73	32469.0
74	32469.0
75	228566.0
76	228566.0
77	228566.0
78	228566.0
79	228566.0
80	211015.0
81	211015.0
82	211015.0
83	211015.0
84	211015.0
85	162831.0
86	162831.0
87	162831.0
88	162831.0
89	162831.0
90	42622.0
91	42622.0
92	42622.0
93	42622.0
94	42622.0
95	355816.0
96	355816.0
97	355816.0
98	355816.0
99	355816.0
100	41060.0
101	41060.0
102	41060.0
103	41060.0
104	41060.0
105	58073.0
106	58073.0
107	58073.0
108	58073.0
109	58073.0
110	273092.0
111	273092.0
112	273092.0
113	273092.0
114	273092.0
115	335475.0
116	335475.0
117	335475.0
118	335475.0
119	335475.0
120	113605.0
121	113605.0
122	113605.0
123	113605.0
124	113605.0
125	265617.0
126	265617.0
127	265617.0
128	265617.0
129	265617.0
130	311533.0
131	311533.0
132	311533.0
133	311533.0
134	311533.0
135	182014.0
136	182014.0
137	182014.0
138	182014.0
139	182014.0
140	440308.0
141	440308.0
142	440308.0
143	440308.0
144	440308.0
145	392527.0
146	392527.0
147	392527.0
148	392527.0
149	392527.0
150	187987.0
151	187987.0
152	187987.0
153	187987.0
154	187987.0
155	51787.0
156	51787.0
157	51787.0
158	51787.0
159	51787.0
160	221799.0
161	221799.0
162	221799.0
163	221799.0
164	221799.0
165	258466.0
166	258466.0
167	258466.0
168	258466.0
169	258466.0
170	120019.0
171	120019.0
172	120019.0
173	120019.0
174	120019.0
175	137629.0
176	137629.0
177	137629.0
178	137629.0
179	137629.0
180	429902.0
181	429902.0
182	429902.0
183	429902.0
184	429902.0
185	343467.0
186	343467.0
187	343467.0
188	343467.0
189	343467.0
190	303511.0
191	303511.0
192	303511.0
193	303511.0
194	303511.0
195	434072.0
196	434072.0
197	434072.0
198	434072.0
199	434072.0
200	331804.0
201	331804.0
202	331804.0
203	331804.0
204	331804.0
205	400573.0
206	400573.0
207	400573.0
208	400573.0
209	400573.0
210	236770.0
211	236770.0
212	236770.0
213	236770.0
214	236770.0
215	338674.0
216	338674.0
217	338674.0
218	338674.0
219	338674.0
220	442303.0
221	442303.0
222	442303.0
223	442303.0
224	442303.0
225	42014.0
226	42014.0
227	42014.0
228	42014.0
229	42014.0
230	343914.0
231	343914.0
232	343914.0
233	343914.0
234	343914.0
235	73403.0
236	73403.0
237	73403.0
238	73403.0
239	73403.0
240	189806.0
241	189806.0
242	189806.0
243	189806.0
244	189806.0
245	260280.0
246	260280.0
247	260280.0
248	260280.0
249	260280.0
