0	239515.0
1	239515.0
2	239515.0
3	239515.0
4	239515.0
5	123669.0
6	123669.0
7	123669.0
8	123669.0
9	123669.0
10	237773.0
11	237773.0
12	237773.0
13	237773.0
14	237773.0
15	140439.0
16	140439.0
17	140439.0
18	140439.0
19	140439.0
20	267084.0
21	267084.0
22	267084.0
23	267084.0
24	267084.0
25	83640.0
26	83640.0
27	83640.0
28	83640.0
29	83640.0
30	110853.0
31	110853.0
32	110853.0
33	110853.0
34	110853.0
35	234859.0
36	234859.0
37	234859.0
38	234859.0
39	234859.0
40	269360.0
41	269360.0
42	269360.0
43	269360.0
44	269360.0
45	175141.0
46	175141.0
47	175141.0
48	175141.0
49	175141.0
50	233157.0
51	233157.0
52	233157.0
53	233157.0
54	233157.0
55	320210.0
56	320210.0
57	320210.0
58	320210.0
59	320210.0
60	416547.0
61	416547.0
62	416547.0
63	416547.0
64	416547.0
65	393185.0
66	393185.0
67	393185.0
68	393185.0
69	393185.0
70	56806.0
71	56806.0
72	56806.0
73	56806.0
74	56806.0
75	317518.0
76	317518.0
77	317518.0
78	317518.0
79	317518.0
80	443928.0
81	443928.0
82	443928.0
83	443928.0
84	443928.0
85	137334.0
86	137334.0
87	137334.0
88	137334.0
89	137334.0
90	378959.0
91	378959.0
92	378959.0
93	378959.0
94	378959.0
95	49836.0
96	49836.0
97	49836.0
98	49836.0
99	49836.0
100	188863.0
101	188863.0
102	188863.0
103	188863.0
104	188863.0
105	160762.0
106	160762.0
107	160762.0
108	160762.0
109	160762.0
110	214072.0
111	214072.0
112	214072.0
113	214072.0
114	214072.0
115	235821.0
116	235821.0
117	235821.0
118	235821.0
119	235821.0
120	452377.0
121	452377.0
122	452377.0
123	452377.0
124	452377.0
125	321491.0
126	321491.0
127	321491.0
128	321491.0
129	321491.0
130	221665.0
131	221665.0
132	221665.0
133	221665.0
134	221665.0
135	134598.0
136	134598.0
137	134598.0
138	134598.0
139	134598.0
140	422027.0
141	422027.0
142	422027.0
143	422027.0
144	422027.0
145	334026.0
146	334026.0
147	334026.0
148	334026.0
149	334026.0
150	451491.0
151	451491.0
152	451491.0
153	451491.0
154	451491.0
155	190067.0
156	190067.0
157	190067.0
158	190067.0
159	190067.0
160	385855.0
161	385855.0
162	385855.0
163	385855.0
164	385855.0
165	145848.0
166	145848.0
167	145848.0
168	145848.0
169	145848.0
170	147559.0
171	147559.0
172	147559.0
173	147559.0
174	147559.0
175	128551.0
176	128551.0
177	128551.0
178	128551.0
179	128551.0
180	151396.0
181	151396.0
182	151396.0
183	151396.0
184	151396.0
185	57338.0
186	57338.0
187	57338.0
188	57338.0
189	57338.0
190	204929.0
191	204929.0
192	204929.0
193	204929.0
194	204929.0
195	277230.0
196	277230.0
197	277230.0
198	277230.0
199	277230.0
200	392161.0
201	392161.0
202	392161.0
203	392161.0
204	392161.0
205	367240.0
206	367240.0
207	367240.0
208	367240.0
209	367240.0
210	440394.0
211	440394.0
212	440394.0
213	440394.0
214	440394.0
215	303529.0
216	303529.0
217	303529.0
218	303529.0
219	303529.0
220	103598.0
221	103598.0
222	103598.0
223	103598.0
224	103598.0
225	94026.0
226	94026.0
227	94026.0
228	94026.0
229	94026.0
230	218784.0
231	218784.0
232	218784.0
233	218784.0
234	218784.0
235	96707.0
236	96707.0
237	96707.0
238	96707.0
239	96707.0
240	17125.0
241	17125.0
242	17125.0
243	17125.0
244	17125.0
245	142632.0
246	142632.0
247	142632.0
248	142632.0
249	142632.0
