0	297029.0
1	297029.0
2	297029.0
3	297029.0
4	297029.0
5	43318.0
6	43318.0
7	43318.0
8	43318.0
9	43318.0
10	65583.0
11	65583.0
12	65583.0
13	65583.0
14	65583.0
15	52306.0
16	52306.0
17	52306.0
18	52306.0
19	52306.0
20	391004.0
21	391004.0
22	391004.0
23	391004.0
24	391004.0
25	150718.0
26	150718.0
27	150718.0
28	150718.0
29	150718.0
30	364434.0
31	364434.0
32	364434.0
33	364434.0
34	364434.0
35	134967.0
36	134967.0
37	134967.0
38	134967.0
39	134967.0
40	425818.0
41	425818.0
42	425818.0
43	425818.0
44	425818.0
45	133415.0
46	133415.0
47	133415.0
48	133415.0
49	133415.0
50	371734.0
51	371734.0
52	371734.0
53	371734.0
54	371734.0
55	235840.0
56	235840.0
57	235840.0
58	235840.0
59	235840.0
60	71454.0
61	71454.0
62	71454.0
63	71454.0
64	71454.0
65	389690.0
66	389690.0
67	389690.0
68	389690.0
69	389690.0
70	370629.0
71	370629.0
72	370629.0
73	370629.0
74	370629.0
75	400879.0
76	400879.0
77	400879.0
78	400879.0
79	400879.0
80	369228.0
81	369228.0
82	369228.0
83	369228.0
84	369228.0
85	420247.0
86	420247.0
87	420247.0
88	420247.0
89	420247.0
90	335045.0
91	335045.0
92	335045.0
93	335045.0
94	335045.0
95	39085.0
96	39085.0
97	39085.0
98	39085.0
99	39085.0
100	299557.0
101	299557.0
102	299557.0
103	299557.0
104	299557.0
105	154158.0
106	154158.0
107	154158.0
108	154158.0
109	154158.0
110	253774.0
111	253774.0
112	253774.0
113	253774.0
114	253774.0
115	68168.0
116	68168.0
117	68168.0
118	68168.0
119	68168.0
120	294278.0
121	294278.0
122	294278.0
123	294278.0
124	294278.0
125	323353.0
126	323353.0
127	323353.0
128	323353.0
129	323353.0
130	285796.0
131	285796.0
132	285796.0
133	285796.0
134	285796.0
135	129134.0
136	129134.0
137	129134.0
138	129134.0
139	129134.0
140	124312.0
141	124312.0
142	124312.0
143	124312.0
144	124312.0
145	175279.0
146	175279.0
147	175279.0
148	175279.0
149	175279.0
150	78418.0
151	78418.0
152	78418.0
153	78418.0
154	78418.0
155	381032.0
156	381032.0
157	381032.0
158	381032.0
159	381032.0
160	285173.0
161	285173.0
162	285173.0
163	285173.0
164	285173.0
165	100423.0
166	100423.0
167	100423.0
168	100423.0
169	100423.0
170	428698.0
171	428698.0
172	428698.0
173	428698.0
174	428698.0
175	162673.0
176	162673.0
177	162673.0
178	162673.0
179	162673.0
180	259740.0
181	259740.0
182	259740.0
183	259740.0
184	259740.0
185	305382.0
186	305382.0
187	305382.0
188	305382.0
189	305382.0
190	451730.0
191	451730.0
192	451730.0
193	451730.0
194	451730.0
195	433113.0
196	433113.0
197	433113.0
198	433113.0
199	433113.0
200	200263.0
201	200263.0
202	200263.0
203	200263.0
204	200263.0
205	274698.0
206	274698.0
207	274698.0
208	274698.0
209	274698.0
210	357555.0
211	357555.0
212	357555.0
213	357555.0
214	357555.0
215	306375.0
216	306375.0
217	306375.0
218	306375.0
219	306375.0
220	215631.0
221	215631.0
222	215631.0
223	215631.0
224	215631.0
225	188074.0
226	188074.0
227	188074.0
228	188074.0
229	188074.0
230	276171.0
231	276171.0
232	276171.0
233	276171.0
234	276171.0
235	428750.0
236	428750.0
237	428750.0
238	428750.0
239	428750.0
240	389157.0
241	389157.0
242	389157.0
243	389157.0
244	389157.0
245	244772.0
246	244772.0
247	244772.0
248	244772.0
249	244772.0
