0	280451.0
1	280451.0
2	280451.0
3	280451.0
4	280451.0
5	463241.0
6	463241.0
7	463241.0
8	463241.0
9	463241.0
10	519256.0
11	519256.0
12	519256.0
13	519256.0
14	519256.0
15	367140.0
16	367140.0
17	367140.0
18	367140.0
19	367140.0
20	651419.0
21	651419.0
22	651419.0
23	651419.0
24	651419.0
25	149685.0
26	149685.0
27	149685.0
28	149685.0
29	149685.0
30	695860.0
31	695860.0
32	695860.0
33	695860.0
34	695860.0
35	356163.0
36	356163.0
37	356163.0
38	356163.0
39	356163.0
40	643191.0
41	643191.0
42	643191.0
43	643191.0
44	643191.0
45	230865.0
46	230865.0
47	230865.0
48	230865.0
49	230865.0
50	523336.0
51	523336.0
52	523336.0
53	523336.0
54	523336.0
55	544428.0
56	544428.0
57	544428.0
58	544428.0
59	544428.0
60	334654.0
61	334654.0
62	334654.0
63	334654.0
64	334654.0
65	23253.0
66	23253.0
67	23253.0
68	23253.0
69	23253.0
70	631999.0
71	631999.0
72	631999.0
73	631999.0
74	631999.0
75	675338.0
76	675338.0
77	675338.0
78	675338.0
79	675338.0
80	405632.0
81	405632.0
82	405632.0
83	405632.0
84	405632.0
85	432754.0
86	432754.0
87	432754.0
88	432754.0
89	432754.0
90	33234.0
91	33234.0
92	33234.0
93	33234.0
94	33234.0
95	713221.0
96	713221.0
97	713221.0
98	713221.0
99	713221.0
100	609084.0
101	609084.0
102	609084.0
103	609084.0
104	609084.0
105	728361.0
106	728361.0
107	728361.0
108	728361.0
109	728361.0
110	139037.0
111	139037.0
112	139037.0
113	139037.0
114	139037.0
115	245692.0
116	245692.0
117	245692.0
118	245692.0
119	245692.0
120	345963.0
121	345963.0
122	345963.0
123	345963.0
124	345963.0
125	558176.0
126	558176.0
127	558176.0
128	558176.0
129	558176.0
130	239367.0
131	239367.0
132	239367.0
133	239367.0
134	239367.0
135	698960.0
136	698960.0
137	698960.0
138	698960.0
139	698960.0
140	492903.0
141	492903.0
142	492903.0
143	492903.0
144	492903.0
145	616063.0
146	616063.0
147	616063.0
148	616063.0
149	616063.0
150	67259.0
151	67259.0
152	67259.0
153	67259.0
154	67259.0
155	91097.0
156	91097.0
157	91097.0
158	91097.0
159	91097.0
160	438225.0
161	438225.0
162	438225.0
163	438225.0
164	438225.0
165	141697.0
166	141697.0
167	141697.0
168	141697.0
169	141697.0
170	665684.0
171	665684.0
172	665684.0
173	665684.0
174	665684.0
175	180042.0
176	180042.0
177	180042.0
178	180042.0
179	180042.0
180	109260.0
181	109260.0
182	109260.0
183	109260.0
184	109260.0
185	272150.0
186	272150.0
187	272150.0
188	272150.0
189	272150.0
190	162729.0
191	162729.0
192	162729.0
193	162729.0
194	162729.0
195	416544.0
196	416544.0
197	416544.0
198	416544.0
199	416544.0
200	609641.0
201	609641.0
202	609641.0
203	609641.0
204	609641.0
205	158883.0
206	158883.0
207	158883.0
208	158883.0
209	158883.0
210	267879.0
211	267879.0
212	267879.0
213	267879.0
214	267879.0
215	678323.0
216	678323.0
217	678323.0
218	678323.0
219	678323.0
220	220224.0
221	220224.0
222	220224.0
223	220224.0
224	220224.0
225	644075.0
226	644075.0
227	644075.0
228	644075.0
229	644075.0
230	53114.0
231	53114.0
232	53114.0
233	53114.0
234	53114.0
235	226323.0
236	226323.0
237	226323.0
238	226323.0
239	226323.0
240	445220.0
241	445220.0
242	445220.0
243	445220.0
244	445220.0
245	267056.0
246	267056.0
247	267056.0
248	267056.0
249	267056.0
