0	611906.0
1	611906.0
2	611906.0
3	611906.0
4	611906.0
5	482998.0
6	482998.0
7	482998.0
8	482998.0
9	482998.0
10	71475.0
11	71475.0
12	71475.0
13	71475.0
14	71475.0
15	720983.0
16	720983.0
17	720983.0
18	720983.0
19	720983.0
20	512203.0
21	512203.0
22	512203.0
23	512203.0
24	512203.0
25	447574.0
26	447574.0
27	447574.0
28	447574.0
29	447574.0
30	47523.0
31	47523.0
32	47523.0
33	47523.0
34	47523.0
35	220631.0
36	220631.0
37	220631.0
38	220631.0
39	220631.0
40	168081.0
41	168081.0
42	168081.0
43	168081.0
44	168081.0
45	505339.0
46	505339.0
47	505339.0
48	505339.0
49	505339.0
50	32051.0
51	32051.0
52	32051.0
53	32051.0
54	32051.0
55	51051.0
56	51051.0
57	51051.0
58	51051.0
59	51051.0
60	105667.0
61	105667.0
62	105667.0
63	105667.0
64	105667.0
65	474408.0
66	474408.0
67	474408.0
68	474408.0
69	474408.0
70	194786.0
71	194786.0
72	194786.0
73	194786.0
74	194786.0
75	226536.0
76	226536.0
77	226536.0
78	226536.0
79	226536.0
80	235382.0
81	235382.0
82	235382.0
83	235382.0
84	235382.0
85	624693.0
86	624693.0
87	624693.0
88	624693.0
89	624693.0
90	189364.0
91	189364.0
92	189364.0
93	189364.0
94	189364.0
95	510998.0
96	510998.0
97	510998.0
98	510998.0
99	510998.0
100	733563.0
101	733563.0
102	733563.0
103	733563.0
104	733563.0
105	224812.0
106	224812.0
107	224812.0
108	224812.0
109	224812.0
110	309801.0
111	309801.0
112	309801.0
113	309801.0
114	309801.0
115	521306.0
116	521306.0
117	521306.0
118	521306.0
119	521306.0
120	374801.0
121	374801.0
122	374801.0
123	374801.0
124	374801.0
125	387782.0
126	387782.0
127	387782.0
128	387782.0
129	387782.0
130	547741.0
131	547741.0
132	547741.0
133	547741.0
134	547741.0
135	204061.0
136	204061.0
137	204061.0
138	204061.0
139	204061.0
140	411780.0
141	411780.0
142	411780.0
143	411780.0
144	411780.0
145	334534.0
146	334534.0
147	334534.0
148	334534.0
149	334534.0
150	312752.0
151	312752.0
152	312752.0
153	312752.0
154	312752.0
155	456815.0
156	456815.0
157	456815.0
158	456815.0
159	456815.0
160	661280.0
161	661280.0
162	661280.0
163	661280.0
164	661280.0
165	473353.0
166	473353.0
167	473353.0
168	473353.0
169	473353.0
170	307340.0
171	307340.0
172	307340.0
173	307340.0
174	307340.0
175	119990.0
176	119990.0
177	119990.0
178	119990.0
179	119990.0
180	716998.0
181	716998.0
182	716998.0
183	716998.0
184	716998.0
185	715511.0
186	715511.0
187	715511.0
188	715511.0
189	715511.0
190	285561.0
191	285561.0
192	285561.0
193	285561.0
194	285561.0
195	410916.0
196	410916.0
197	410916.0
198	410916.0
199	410916.0
200	23612.0
201	23612.0
202	23612.0
203	23612.0
204	23612.0
205	186765.0
206	186765.0
207	186765.0
208	186765.0
209	186765.0
210	152204.0
211	152204.0
212	152204.0
213	152204.0
214	152204.0
215	182526.0
216	182526.0
217	182526.0
218	182526.0
219	182526.0
220	550864.0
221	550864.0
222	550864.0
223	550864.0
224	550864.0
225	258309.0
226	258309.0
227	258309.0
228	258309.0
229	258309.0
230	226379.0
231	226379.0
232	226379.0
233	226379.0
234	226379.0
235	460456.0
236	460456.0
237	460456.0
238	460456.0
239	460456.0
240	200784.0
241	200784.0
242	200784.0
243	200784.0
244	200784.0
245	609411.0
246	609411.0
247	609411.0
248	609411.0
249	609411.0
