0	253786.0
1	253786.0
2	253786.0
3	253786.0
4	253786.0
5	291743.0
6	291743.0
7	291743.0
8	291743.0
9	291743.0
10	308874.0
11	308874.0
12	308874.0
13	308874.0
14	308874.0
15	353736.0
16	353736.0
17	353736.0
18	353736.0
19	353736.0
20	47671.0
21	47671.0
22	47671.0
23	47671.0
24	47671.0
25	622211.0
26	622211.0
27	622211.0
28	622211.0
29	622211.0
30	238037.0
31	238037.0
32	238037.0
33	238037.0
34	238037.0
35	631657.0
36	631657.0
37	631657.0
38	631657.0
39	631657.0
40	158229.0
41	158229.0
42	158229.0
43	158229.0
44	158229.0
45	447861.0
46	447861.0
47	447861.0
48	447861.0
49	447861.0
50	649113.0
51	649113.0
52	649113.0
53	649113.0
54	649113.0
55	138650.0
56	138650.0
57	138650.0
58	138650.0
59	138650.0
60	404579.0
61	404579.0
62	404579.0
63	404579.0
64	404579.0
65	416707.0
66	416707.0
67	416707.0
68	416707.0
69	416707.0
70	151929.0
71	151929.0
72	151929.0
73	151929.0
74	151929.0
75	139693.0
76	139693.0
77	139693.0
78	139693.0
79	139693.0
80	181212.0
81	181212.0
82	181212.0
83	181212.0
84	181212.0
85	190880.0
86	190880.0
87	190880.0
88	190880.0
89	190880.0
90	26566.0
91	26566.0
92	26566.0
93	26566.0
94	26566.0
95	44532.0
96	44532.0
97	44532.0
98	44532.0
99	44532.0
100	543598.0
101	543598.0
102	543598.0
103	543598.0
104	543598.0
105	177470.0
106	177470.0
107	177470.0
108	177470.0
109	177470.0
110	685504.0
111	685504.0
112	685504.0
113	685504.0
114	685504.0
115	446985.0
116	446985.0
117	446985.0
118	446985.0
119	446985.0
120	390656.0
121	390656.0
122	390656.0
123	390656.0
124	390656.0
125	243239.0
126	243239.0
127	243239.0
128	243239.0
129	243239.0
130	499402.0
131	499402.0
132	499402.0
133	499402.0
134	499402.0
135	547763.0
136	547763.0
137	547763.0
138	547763.0
139	547763.0
140	489560.0
141	489560.0
142	489560.0
143	489560.0
144	489560.0
145	359909.0
146	359909.0
147	359909.0
148	359909.0
149	359909.0
150	323101.0
151	323101.0
152	323101.0
153	323101.0
154	323101.0
155	121510.0
156	121510.0
157	121510.0
158	121510.0
159	121510.0
160	607218.0
161	607218.0
162	607218.0
163	607218.0
164	607218.0
165	268452.0
166	268452.0
167	268452.0
168	268452.0
169	268452.0
170	300944.0
171	300944.0
172	300944.0
173	300944.0
174	300944.0
175	67594.0
176	67594.0
177	67594.0
178	67594.0
179	67594.0
180	157023.0
181	157023.0
182	157023.0
183	157023.0
184	157023.0
185	357150.0
186	357150.0
187	357150.0
188	357150.0
189	357150.0
190	43007.0
191	43007.0
192	43007.0
193	43007.0
194	43007.0
195	629918.0
196	629918.0
197	629918.0
198	629918.0
199	629918.0
200	198000.0
201	198000.0
202	198000.0
203	198000.0
204	198000.0
205	130044.0
206	130044.0
207	130044.0
208	130044.0
209	130044.0
210	640309.0
211	640309.0
212	640309.0
213	640309.0
214	640309.0
215	494993.0
216	494993.0
217	494993.0
218	494993.0
219	494993.0
220	107920.0
221	107920.0
222	107920.0
223	107920.0
224	107920.0
225	545029.0
226	545029.0
227	545029.0
228	545029.0
229	545029.0
230	473925.0
231	473925.0
232	473925.0
233	473925.0
234	473925.0
235	365548.0
236	365548.0
237	365548.0
238	365548.0
239	365548.0
240	366222.0
241	366222.0
242	366222.0
243	366222.0
244	366222.0
245	562490.0
246	562490.0
247	562490.0
248	562490.0
249	562490.0
