0	232462.0
1	232462.0
2	232462.0
3	232462.0
4	232462.0
5	567321.0
6	567321.0
7	567321.0
8	567321.0
9	567321.0
10	409850.0
11	409850.0
12	409850.0
13	409850.0
14	409850.0
15	160187.0
16	160187.0
17	160187.0
18	160187.0
19	160187.0
20	238425.0
21	238425.0
22	238425.0
23	238425.0
24	238425.0
25	112282.0
26	112282.0
27	112282.0
28	112282.0
29	112282.0
30	537072.0
31	537072.0
32	537072.0
33	537072.0
34	537072.0
35	270570.0
36	270570.0
37	270570.0
38	270570.0
39	270570.0
40	596112.0
41	596112.0
42	596112.0
43	596112.0
44	596112.0
45	551710.0
46	551710.0
47	551710.0
48	551710.0
49	551710.0
50	252105.0
51	252105.0
52	252105.0
53	252105.0
54	252105.0
55	326542.0
56	326542.0
57	326542.0
58	326542.0
59	326542.0
60	391328.0
61	391328.0
62	391328.0
63	391328.0
64	391328.0
65	50094.0
66	50094.0
67	50094.0
68	50094.0
69	50094.0
70	485865.0
71	485865.0
72	485865.0
73	485865.0
74	485865.0
75	105212.0
76	105212.0
77	105212.0
78	105212.0
79	105212.0
80	322222.0
81	322222.0
82	322222.0
83	322222.0
84	322222.0
85	297493.0
86	297493.0
87	297493.0
88	297493.0
89	297493.0
90	405477.0
91	405477.0
92	405477.0
93	405477.0
94	405477.0
95	410078.0
96	410078.0
97	410078.0
98	410078.0
99	410078.0
100	10218.0
101	10218.0
102	10218.0
103	10218.0
104	10218.0
105	192048.0
106	192048.0
107	192048.0
108	192048.0
109	192048.0
110	69343.0
111	69343.0
112	69343.0
113	69343.0
114	69343.0
115	329117.0
116	329117.0
117	329117.0
118	329117.0
119	329117.0
120	292963.0
121	292963.0
122	292963.0
123	292963.0
124	292963.0
125	562291.0
126	562291.0
127	562291.0
128	562291.0
129	562291.0
130	46484.0
131	46484.0
132	46484.0
133	46484.0
134	46484.0
135	437160.0
136	437160.0
137	437160.0
138	437160.0
139	437160.0
140	448880.0
141	448880.0
142	448880.0
143	448880.0
144	448880.0
145	235510.0
146	235510.0
147	235510.0
148	235510.0
149	235510.0
150	94829.0
151	94829.0
152	94829.0
153	94829.0
154	94829.0
155	449898.0
156	449898.0
157	449898.0
158	449898.0
159	449898.0
160	419906.0
161	419906.0
162	419906.0
163	419906.0
164	419906.0
165	382271.0
166	382271.0
167	382271.0
168	382271.0
169	382271.0
170	127635.0
171	127635.0
172	127635.0
173	127635.0
174	127635.0
175	384623.0
176	384623.0
177	384623.0
178	384623.0
179	384623.0
180	572424.0
181	572424.0
182	572424.0
183	572424.0
184	572424.0
185	153267.0
186	153267.0
187	153267.0
188	153267.0
189	153267.0
190	422678.0
191	422678.0
192	422678.0
193	422678.0
194	422678.0
195	451180.0
196	451180.0
197	451180.0
198	451180.0
199	451180.0
200	271793.0
201	271793.0
202	271793.0
203	271793.0
204	271793.0
205	5196.0
206	5196.0
207	5196.0
208	5196.0
209	5196.0
210	170597.0
211	170597.0
212	170597.0
213	170597.0
214	170597.0
215	176415.0
216	176415.0
217	176415.0
218	176415.0
219	176415.0
220	35674.0
221	35674.0
222	35674.0
223	35674.0
224	35674.0
225	163895.0
226	163895.0
227	163895.0
228	163895.0
229	163895.0
230	179235.0
231	179235.0
232	179235.0
233	179235.0
234	179235.0
235	19508.0
236	19508.0
237	19508.0
238	19508.0
239	19508.0
240	8512.0
241	8512.0
242	8512.0
243	8512.0
244	8512.0
245	424950.0
246	424950.0
247	424950.0
248	424950.0
249	424950.0
