0	104897.0
1	104897.0
2	104897.0
3	104897.0
4	104897.0
5	329582.0
6	329582.0
7	329582.0
8	329582.0
9	329582.0
10	431013.0
11	431013.0
12	431013.0
13	431013.0
14	431013.0
15	543462.0
16	543462.0
17	543462.0
18	543462.0
19	543462.0
20	139461.0
21	139461.0
22	139461.0
23	139461.0
24	139461.0
25	112631.0
26	112631.0
27	112631.0
28	112631.0
29	112631.0
30	84762.0
31	84762.0
32	84762.0
33	84762.0
34	84762.0
35	509279.0
36	509279.0
37	509279.0
38	509279.0
39	509279.0
40	553044.0
41	553044.0
42	553044.0
43	553044.0
44	553044.0
45	463004.0
46	463004.0
47	463004.0
48	463004.0
49	463004.0
50	166411.0
51	166411.0
52	166411.0
53	166411.0
54	166411.0
55	32421.0
56	32421.0
57	32421.0
58	32421.0
59	32421.0
60	498139.0
61	498139.0
62	498139.0
63	498139.0
64	498139.0
65	705635.0
66	705635.0
67	705635.0
68	705635.0
69	705635.0
70	22053.0
71	22053.0
72	22053.0
73	22053.0
74	22053.0
75	366498.0
76	366498.0
77	366498.0
78	366498.0
79	366498.0
80	263709.0
81	263709.0
82	263709.0
83	263709.0
84	263709.0
85	518330.0
86	518330.0
87	518330.0
88	518330.0
89	518330.0
90	377019.0
91	377019.0
92	377019.0
93	377019.0
94	377019.0
95	516043.0
96	516043.0
97	516043.0
98	516043.0
99	516043.0
100	142619.0
101	142619.0
102	142619.0
103	142619.0
104	142619.0
105	187132.0
106	187132.0
107	187132.0
108	187132.0
109	187132.0
110	15820.0
111	15820.0
112	15820.0
113	15820.0
114	15820.0
115	700935.0
116	700935.0
117	700935.0
118	700935.0
119	700935.0
120	126691.0
121	126691.0
122	126691.0
123	126691.0
124	126691.0
125	652353.0
126	652353.0
127	652353.0
128	652353.0
129	652353.0
130	597849.0
131	597849.0
132	597849.0
133	597849.0
134	597849.0
135	587071.0
136	587071.0
137	587071.0
138	587071.0
139	587071.0
140	512149.0
141	512149.0
142	512149.0
143	512149.0
144	512149.0
145	342491.0
146	342491.0
147	342491.0
148	342491.0
149	342491.0
150	571585.0
151	571585.0
152	571585.0
153	571585.0
154	571585.0
155	491544.0
156	491544.0
157	491544.0
158	491544.0
159	491544.0
160	740071.0
161	740071.0
162	740071.0
163	740071.0
164	740071.0
165	283505.0
166	283505.0
167	283505.0
168	283505.0
169	283505.0
170	309550.0
171	309550.0
172	309550.0
173	309550.0
174	309550.0
175	347405.0
176	347405.0
177	347405.0
178	347405.0
179	347405.0
180	465843.0
181	465843.0
182	465843.0
183	465843.0
184	465843.0
185	61698.0
186	61698.0
187	61698.0
188	61698.0
189	61698.0
190	158333.0
191	158333.0
192	158333.0
193	158333.0
194	158333.0
195	578707.0
196	578707.0
197	578707.0
198	578707.0
199	578707.0
200	354677.0
201	354677.0
202	354677.0
203	354677.0
204	354677.0
205	476367.0
206	476367.0
207	476367.0
208	476367.0
209	476367.0
210	680094.0
211	680094.0
212	680094.0
213	680094.0
214	680094.0
215	103706.0
216	103706.0
217	103706.0
218	103706.0
219	103706.0
220	84213.0
221	84213.0
222	84213.0
223	84213.0
224	84213.0
225	297955.0
226	297955.0
227	297955.0
228	297955.0
229	297955.0
230	412099.0
231	412099.0
232	412099.0
233	412099.0
234	412099.0
235	260324.0
236	260324.0
237	260324.0
238	260324.0
239	260324.0
240	524593.0
241	524593.0
242	524593.0
243	524593.0
244	524593.0
245	52604.0
246	52604.0
247	52604.0
248	52604.0
249	52604.0
