0	22314.0
1	22314.0
2	22314.0
3	22314.0
4	22314.0
5	92300.0
6	92300.0
7	92300.0
8	92300.0
9	92300.0
10	10409.0
11	10409.0
12	10409.0
13	10409.0
14	10409.0
15	93925.0
16	93925.0
17	93925.0
18	93925.0
19	93925.0
20	122890.0
21	122890.0
22	122890.0
23	122890.0
24	122890.0
25	114855.0
26	114855.0
27	114855.0
28	114855.0
29	114855.0
30	124854.0
31	124854.0
32	124854.0
33	124854.0
34	124854.0
35	29965.0
36	29965.0
37	29965.0
38	29965.0
39	29965.0
40	46304.0
41	46304.0
42	46304.0
43	46304.0
44	46304.0
45	45033.0
46	45033.0
47	45033.0
48	45033.0
49	45033.0
50	75563.0
51	75563.0
52	75563.0
53	75563.0
54	75563.0
55	9836.0
56	9836.0
57	9836.0
58	9836.0
59	9836.0
60	123288.0
61	123288.0
62	123288.0
63	123288.0
64	123288.0
65	66147.0
66	66147.0
67	66147.0
68	66147.0
69	66147.0
70	61056.0
71	61056.0
72	61056.0
73	61056.0
74	61056.0
75	94038.0
76	94038.0
77	94038.0
78	94038.0
79	94038.0
80	88863.0
81	88863.0
82	88863.0
83	88863.0
84	88863.0
85	73089.0
86	73089.0
87	73089.0
88	73089.0
89	73089.0
90	108699.0
91	108699.0
92	108699.0
93	108699.0
94	108699.0
95	70475.0
96	70475.0
97	70475.0
98	70475.0
99	70475.0
100	4327.0
101	4327.0
102	4327.0
103	4327.0
104	4327.0
105	107829.0
106	107829.0
107	107829.0
108	107829.0
109	107829.0
110	40105.0
111	40105.0
112	40105.0
113	40105.0
114	40105.0
115	105990.0
116	105990.0
117	105990.0
118	105990.0
119	105990.0
120	113382.0
121	113382.0
122	113382.0
123	113382.0
124	113382.0
125	34214.0
126	34214.0
127	34214.0
128	34214.0
129	34214.0
130	122690.0
131	122690.0
132	122690.0
133	122690.0
134	122690.0
135	23596.0
136	23596.0
137	23596.0
138	23596.0
139	23596.0
140	31333.0
141	31333.0
142	31333.0
143	31333.0
144	31333.0
145	71306.0
146	71306.0
147	71306.0
148	71306.0
149	71306.0
150	125576.0
151	125576.0
152	125576.0
153	125576.0
154	125576.0
155	20847.0
156	20847.0
157	20847.0
158	20847.0
159	20847.0
160	44881.0
161	44881.0
162	44881.0
163	44881.0
164	44881.0
165	21884.0
166	21884.0
167	21884.0
168	21884.0
169	21884.0
170	59849.0
171	59849.0
172	59849.0
173	59849.0
174	59849.0
175	84395.0
176	84395.0
177	84395.0
178	84395.0
179	84395.0
180	57951.0
181	57951.0
182	57951.0
183	57951.0
184	57951.0
185	59411.0
186	59411.0
187	59411.0
188	59411.0
189	59411.0
190	20152.0
191	20152.0
192	20152.0
193	20152.0
194	20152.0
195	48258.0
196	48258.0
197	48258.0
198	48258.0
199	48258.0
200	73241.0
201	73241.0
202	73241.0
203	73241.0
204	73241.0
205	36584.0
206	36584.0
207	36584.0
208	36584.0
209	36584.0
210	40145.0
211	40145.0
212	40145.0
213	40145.0
214	40145.0
215	115739.0
216	115739.0
217	115739.0
218	115739.0
219	115739.0
220	2107.0
221	2107.0
222	2107.0
223	2107.0
224	2107.0
225	63501.0
226	63501.0
227	63501.0
228	63501.0
229	63501.0
230	100061.0
231	100061.0
232	100061.0
233	100061.0
234	100061.0
235	47092.0
236	47092.0
237	47092.0
238	47092.0
239	47092.0
240	97299.0
241	97299.0
242	97299.0
243	97299.0
244	97299.0
245	62977.0
246	62977.0
247	62977.0
248	62977.0
249	62977.0
