0	85873.0
1	85873.0
2	85873.0
3	85873.0
4	85873.0
5	23533.0
6	23533.0
7	23533.0
8	23533.0
9	23533.0
10	87168.0
11	87168.0
12	87168.0
13	87168.0
14	87168.0
15	95522.0
16	95522.0
17	95522.0
18	95522.0
19	95522.0
20	67243.0
21	67243.0
22	67243.0
23	67243.0
24	67243.0
25	94800.0
26	94800.0
27	94800.0
28	94800.0
29	94800.0
30	79351.0
31	79351.0
32	79351.0
33	79351.0
34	79351.0
35	31423.0
36	31423.0
37	31423.0
38	31423.0
39	31423.0
40	72483.0
41	72483.0
42	72483.0
43	72483.0
44	72483.0
45	95098.0
46	95098.0
47	95098.0
48	95098.0
49	95098.0
50	90420.0
51	90420.0
52	90420.0
53	90420.0
54	90420.0
55	108188.0
56	108188.0
57	108188.0
58	108188.0
59	108188.0
60	47032.0
61	47032.0
62	47032.0
63	47032.0
64	47032.0
65	50589.0
66	50589.0
67	50589.0
68	50589.0
69	50589.0
70	34866.0
71	34866.0
72	34866.0
73	34866.0
74	34866.0
75	104144.0
76	104144.0
77	104144.0
78	104144.0
79	104144.0
80	87111.0
81	87111.0
82	87111.0
83	87111.0
84	87111.0
85	96249.0
86	96249.0
87	96249.0
88	96249.0
89	96249.0
90	73548.0
91	73548.0
92	73548.0
93	73548.0
94	73548.0
95	16335.0
96	16335.0
97	16335.0
98	16335.0
99	16335.0
100	53283.0
101	53283.0
102	53283.0
103	53283.0
104	53283.0
105	85099.0
106	85099.0
107	85099.0
108	85099.0
109	85099.0
110	19441.0
111	19441.0
112	19441.0
113	19441.0
114	19441.0
115	5909.0
116	5909.0
117	5909.0
118	5909.0
119	5909.0
120	9132.0
121	9132.0
122	9132.0
123	9132.0
124	9132.0
125	108819.0
126	108819.0
127	108819.0
128	108819.0
129	108819.0
130	38594.0
131	38594.0
132	38594.0
133	38594.0
134	38594.0
135	95266.0
136	95266.0
137	95266.0
138	95266.0
139	95266.0
140	127590.0
141	127590.0
142	127590.0
143	127590.0
144	127590.0
145	65283.0
146	65283.0
147	65283.0
148	65283.0
149	65283.0
150	62319.0
151	62319.0
152	62319.0
153	62319.0
154	62319.0
155	8402.0
156	8402.0
157	8402.0
158	8402.0
159	8402.0
160	21158.0
161	21158.0
162	21158.0
163	21158.0
164	21158.0
165	15037.0
166	15037.0
167	15037.0
168	15037.0
169	15037.0
170	28020.0
171	28020.0
172	28020.0
173	28020.0
174	28020.0
175	50289.0
176	50289.0
177	50289.0
178	50289.0
179	50289.0
180	46165.0
181	46165.0
182	46165.0
183	46165.0
184	46165.0
185	112092.0
186	112092.0
187	112092.0
188	112092.0
189	112092.0
190	62111.0
191	62111.0
192	62111.0
193	62111.0
194	62111.0
195	6456.0
196	6456.0
197	6456.0
198	6456.0
199	6456.0
200	52920.0
201	52920.0
202	52920.0
203	52920.0
204	52920.0
205	21195.0
206	21195.0
207	21195.0
208	21195.0
209	21195.0
210	130309.0
211	130309.0
212	130309.0
213	130309.0
214	130309.0
215	42916.0
216	42916.0
217	42916.0
218	42916.0
219	42916.0
220	98779.0
221	98779.0
222	98779.0
223	98779.0
224	98779.0
225	43063.0
226	43063.0
227	43063.0
228	43063.0
229	43063.0
230	99747.0
231	99747.0
232	99747.0
233	99747.0
234	99747.0
235	50416.0
236	50416.0
237	50416.0
238	50416.0
239	50416.0
240	16934.0
241	16934.0
242	16934.0
243	16934.0
244	16934.0
245	121484.0
246	121484.0
247	121484.0
248	121484.0
249	121484.0
