0	14293.0
1	14293.0
2	14293.0
3	14293.0
4	14293.0
5	110987.0
6	110987.0
7	110987.0
8	110987.0
9	110987.0
10	111058.0
11	111058.0
12	111058.0
13	111058.0
14	111058.0
15	86193.0
16	86193.0
17	86193.0
18	86193.0
19	86193.0
20	24015.0
21	24015.0
22	24015.0
23	24015.0
24	24015.0
25	17310.0
26	17310.0
27	17310.0
28	17310.0
29	17310.0
30	96229.0
31	96229.0
32	96229.0
33	96229.0
34	96229.0
35	780.0
36	780.0
37	780.0
38	780.0
39	780.0
40	125922.0
41	125922.0
42	125922.0
43	125922.0
44	125922.0
45	35888.0
46	35888.0
47	35888.0
48	35888.0
49	35888.0
50	23877.0
51	23877.0
52	23877.0
53	23877.0
54	23877.0
55	83964.0
56	83964.0
57	83964.0
58	83964.0
59	83964.0
60	101514.0
61	101514.0
62	101514.0
63	101514.0
64	101514.0
65	2087.0
66	2087.0
67	2087.0
68	2087.0
69	2087.0
70	121097.0
71	121097.0
72	121097.0
73	121097.0
74	121097.0
75	50138.0
76	50138.0
77	50138.0
78	50138.0
79	50138.0
80	125993.0
81	125993.0
82	125993.0
83	125993.0
84	125993.0
85	97106.0
86	97106.0
87	97106.0
88	97106.0
89	97106.0
90	83207.0
91	83207.0
92	83207.0
93	83207.0
94	83207.0
95	84233.0
96	84233.0
97	84233.0
98	84233.0
99	84233.0
100	120809.0
101	120809.0
102	120809.0
103	120809.0
104	120809.0
105	89743.0
106	89743.0
107	89743.0
108	89743.0
109	89743.0
110	110771.0
111	110771.0
112	110771.0
113	110771.0
114	110771.0
115	7843.0
116	7843.0
117	7843.0
118	7843.0
119	7843.0
120	10085.0
121	10085.0
122	10085.0
123	10085.0
124	10085.0
125	107004.0
126	107004.0
127	107004.0
128	107004.0
129	107004.0
130	73139.0
131	73139.0
132	73139.0
133	73139.0
134	73139.0
135	37267.0
136	37267.0
137	37267.0
138	37267.0
139	37267.0
140	37748.0
141	37748.0
142	37748.0
143	37748.0
144	37748.0
145	93089.0
146	93089.0
147	93089.0
148	93089.0
149	93089.0
150	74644.0
151	74644.0
152	74644.0
153	74644.0
154	74644.0
155	7938.0
156	7938.0
157	7938.0
158	7938.0
159	7938.0
160	114013.0
161	114013.0
162	114013.0
163	114013.0
164	114013.0
165	119572.0
166	119572.0
167	119572.0
168	119572.0
169	119572.0
170	86947.0
171	86947.0
172	86947.0
173	86947.0
174	86947.0
175	14864.0
176	14864.0
177	14864.0
178	14864.0
179	14864.0
180	20065.0
181	20065.0
182	20065.0
183	20065.0
184	20065.0
185	39412.0
186	39412.0
187	39412.0
188	39412.0
189	39412.0
190	68497.0
191	68497.0
192	68497.0
193	68497.0
194	68497.0
195	97739.0
196	97739.0
197	97739.0
198	97739.0
199	97739.0
200	73715.0
201	73715.0
202	73715.0
203	73715.0
204	73715.0
205	10916.0
206	10916.0
207	10916.0
208	10916.0
209	10916.0
210	36652.0
211	36652.0
212	36652.0
213	36652.0
214	36652.0
215	14649.0
216	14649.0
217	14649.0
218	14649.0
219	14649.0
220	38901.0
221	38901.0
222	38901.0
223	38901.0
224	38901.0
225	66391.0
226	66391.0
227	66391.0
228	66391.0
229	66391.0
230	15519.0
231	15519.0
232	15519.0
233	15519.0
234	15519.0
235	105411.0
236	105411.0
237	105411.0
238	105411.0
239	105411.0
240	2881.0
241	2881.0
242	2881.0
243	2881.0
244	2881.0
245	22842.0
246	22842.0
247	22842.0
248	22842.0
249	22842.0
