0	41226.0
1	41226.0
2	41226.0
3	41226.0
4	41226.0
5	104176.0
6	104176.0
7	104176.0
8	104176.0
9	104176.0
10	24595.0
11	24595.0
12	24595.0
13	24595.0
14	24595.0
15	56837.0
16	56837.0
17	56837.0
18	56837.0
19	56837.0
20	45104.0
21	45104.0
22	45104.0
23	45104.0
24	45104.0
25	20509.0
26	20509.0
27	20509.0
28	20509.0
29	20509.0
30	107202.0
31	107202.0
32	107202.0
33	107202.0
34	107202.0
35	44587.0
36	44587.0
37	44587.0
38	44587.0
39	44587.0
40	99431.0
41	99431.0
42	99431.0
43	99431.0
44	99431.0
45	12151.0
46	12151.0
47	12151.0
48	12151.0
49	12151.0
50	94183.0
51	94183.0
52	94183.0
53	94183.0
54	94183.0
55	28050.0
56	28050.0
57	28050.0
58	28050.0
59	28050.0
60	127851.0
61	127851.0
62	127851.0
63	127851.0
64	127851.0
65	64307.0
66	64307.0
67	64307.0
68	64307.0
69	64307.0
70	36113.0
71	36113.0
72	36113.0
73	36113.0
74	36113.0
75	23919.0
76	23919.0
77	23919.0
78	23919.0
79	23919.0
80	63164.0
81	63164.0
82	63164.0
83	63164.0
84	63164.0
85	39104.0
86	39104.0
87	39104.0
88	39104.0
89	39104.0
90	126911.0
91	126911.0
92	126911.0
93	126911.0
94	126911.0
95	3143.0
96	3143.0
97	3143.0
98	3143.0
99	3143.0
100	4171.0
101	4171.0
102	4171.0
103	4171.0
104	4171.0
105	5483.0
106	5483.0
107	5483.0
108	5483.0
109	5483.0
110	123741.0
111	123741.0
112	123741.0
113	123741.0
114	123741.0
115	126636.0
116	126636.0
117	126636.0
118	126636.0
119	126636.0
120	122877.0
121	122877.0
122	122877.0
123	122877.0
124	122877.0
125	127813.0
126	127813.0
127	127813.0
128	127813.0
129	127813.0
130	112330.0
131	112330.0
132	112330.0
133	112330.0
134	112330.0
135	124726.0
136	124726.0
137	124726.0
138	124726.0
139	124726.0
140	98451.0
141	98451.0
142	98451.0
143	98451.0
144	98451.0
145	13273.0
146	13273.0
147	13273.0
148	13273.0
149	13273.0
150	114770.0
151	114770.0
152	114770.0
153	114770.0
154	114770.0
155	110045.0
156	110045.0
157	110045.0
158	110045.0
159	110045.0
160	31409.0
161	31409.0
162	31409.0
163	31409.0
164	31409.0
165	99681.0
166	99681.0
167	99681.0
168	99681.0
169	99681.0
170	9240.0
171	9240.0
172	9240.0
173	9240.0
174	9240.0
175	13175.0
176	13175.0
177	13175.0
178	13175.0
179	13175.0
180	35776.0
181	35776.0
182	35776.0
183	35776.0
184	35776.0
185	126752.0
186	126752.0
187	126752.0
188	126752.0
189	126752.0
190	78024.0
191	78024.0
192	78024.0
193	78024.0
194	78024.0
195	42217.0
196	42217.0
197	42217.0
198	42217.0
199	42217.0
200	29360.0
201	29360.0
202	29360.0
203	29360.0
204	29360.0
205	87612.0
206	87612.0
207	87612.0
208	87612.0
209	87612.0
210	58812.0
211	58812.0
212	58812.0
213	58812.0
214	58812.0
215	87403.0
216	87403.0
217	87403.0
218	87403.0
219	87403.0
220	818.0
221	818.0
222	818.0
223	818.0
224	818.0
225	110910.0
226	110910.0
227	110910.0
228	110910.0
229	110910.0
230	31078.0
231	31078.0
232	31078.0
233	31078.0
234	31078.0
235	78964.0
236	78964.0
237	78964.0
238	78964.0
239	78964.0
240	78525.0
241	78525.0
242	78525.0
243	78525.0
244	78525.0
245	90675.0
246	90675.0
247	90675.0
248	90675.0
249	90675.0
