0	110784.0
1	110784.0
2	110784.0
3	110784.0
4	110784.0
5	65493.0
6	65493.0
7	65493.0
8	65493.0
9	65493.0
10	67221.0
11	67221.0
12	67221.0
13	67221.0
14	67221.0
15	83550.0
16	83550.0
17	83550.0
18	83550.0
19	83550.0
20	18225.0
21	18225.0
22	18225.0
23	18225.0
24	18225.0
25	54370.0
26	54370.0
27	54370.0
28	54370.0
29	54370.0
30	25854.0
31	25854.0
32	25854.0
33	25854.0
34	25854.0
35	7720.0
36	7720.0
37	7720.0
38	7720.0
39	7720.0
40	34200.0
41	34200.0
42	34200.0
43	34200.0
44	34200.0
45	73546.0
46	73546.0
47	73546.0
48	73546.0
49	73546.0
50	61671.0
51	61671.0
52	61671.0
53	61671.0
54	61671.0
55	78053.0
56	78053.0
57	78053.0
58	78053.0
59	78053.0
60	74223.0
61	74223.0
62	74223.0
63	74223.0
64	74223.0
65	50097.0
66	50097.0
67	50097.0
68	50097.0
69	50097.0
70	20323.0
71	20323.0
72	20323.0
73	20323.0
74	20323.0
75	63608.0
76	63608.0
77	63608.0
78	63608.0
79	63608.0
80	88695.0
81	88695.0
82	88695.0
83	88695.0
84	88695.0
85	1406.0
86	1406.0
87	1406.0
88	1406.0
89	1406.0
90	83456.0
91	83456.0
92	83456.0
93	83456.0
94	83456.0
95	111172.0
96	111172.0
97	111172.0
98	111172.0
99	111172.0
100	14870.0
101	14870.0
102	14870.0
103	14870.0
104	14870.0
105	75974.0
106	75974.0
107	75974.0
108	75974.0
109	75974.0
110	75837.0
111	75837.0
112	75837.0
113	75837.0
114	75837.0
115	29049.0
116	29049.0
117	29049.0
118	29049.0
119	29049.0
120	91692.0
121	91692.0
122	91692.0
123	91692.0
124	91692.0
125	121029.0
126	121029.0
127	121029.0
128	121029.0
129	121029.0
130	127312.0
131	127312.0
132	127312.0
133	127312.0
134	127312.0
135	96809.0
136	96809.0
137	96809.0
138	96809.0
139	96809.0
140	72911.0
141	72911.0
142	72911.0
143	72911.0
144	72911.0
145	129809.0
146	129809.0
147	129809.0
148	129809.0
149	129809.0
150	72864.0
151	72864.0
152	72864.0
153	72864.0
154	72864.0
155	121792.0
156	121792.0
157	121792.0
158	121792.0
159	121792.0
160	102171.0
161	102171.0
162	102171.0
163	102171.0
164	102171.0
165	47705.0
166	47705.0
167	47705.0
168	47705.0
169	47705.0
170	16097.0
171	16097.0
172	16097.0
173	16097.0
174	16097.0
175	81701.0
176	81701.0
177	81701.0
178	81701.0
179	81701.0
180	13953.0
181	13953.0
182	13953.0
183	13953.0
184	13953.0
185	28571.0
186	28571.0
187	28571.0
188	28571.0
189	28571.0
190	23968.0
191	23968.0
192	23968.0
193	23968.0
194	23968.0
195	33436.0
196	33436.0
197	33436.0
198	33436.0
199	33436.0
200	28512.0
201	28512.0
202	28512.0
203	28512.0
204	28512.0
205	120072.0
206	120072.0
207	120072.0
208	120072.0
209	120072.0
210	41398.0
211	41398.0
212	41398.0
213	41398.0
214	41398.0
215	71328.0
216	71328.0
217	71328.0
218	71328.0
219	71328.0
220	31667.0
221	31667.0
222	31667.0
223	31667.0
224	31667.0
225	10864.0
226	10864.0
227	10864.0
228	10864.0
229	10864.0
230	74364.0
231	74364.0
232	74364.0
233	74364.0
234	74364.0
235	125661.0
236	125661.0
237	125661.0
238	125661.0
239	125661.0
240	103981.0
241	103981.0
242	103981.0
243	103981.0
244	103981.0
245	5979.0
246	5979.0
247	5979.0
248	5979.0
249	5979.0
