0	121134.0
1	121134.0
2	121134.0
3	121134.0
4	121134.0
5	79435.0
6	79435.0
7	79435.0
8	79435.0
9	79435.0
10	51298.0
11	51298.0
12	51298.0
13	51298.0
14	51298.0
15	31936.0
16	31936.0
17	31936.0
18	31936.0
19	31936.0
20	31896.0
21	31896.0
22	31896.0
23	31896.0
24	31896.0
25	101191.0
26	101191.0
27	101191.0
28	101191.0
29	101191.0
30	115739.0
31	115739.0
32	115739.0
33	115739.0
34	115739.0
35	87076.0
36	87076.0
37	87076.0
38	87076.0
39	87076.0
40	52513.0
41	52513.0
42	52513.0
43	52513.0
44	52513.0
45	85377.0
46	85377.0
47	85377.0
48	85377.0
49	85377.0
50	32634.0
51	32634.0
52	32634.0
53	32634.0
54	32634.0
55	32561.0
56	32561.0
57	32561.0
58	32561.0
59	32561.0
60	52234.0
61	52234.0
62	52234.0
63	52234.0
64	52234.0
65	6572.0
66	6572.0
67	6572.0
68	6572.0
69	6572.0
70	64456.0
71	64456.0
72	64456.0
73	64456.0
74	64456.0
75	30840.0
76	30840.0
77	30840.0
78	30840.0
79	30840.0
80	29975.0
81	29975.0
82	29975.0
83	29975.0
84	29975.0
85	41291.0
86	41291.0
87	41291.0
88	41291.0
89	41291.0
90	92819.0
91	92819.0
92	92819.0
93	92819.0
94	92819.0
95	107860.0
96	107860.0
97	107860.0
98	107860.0
99	107860.0
100	31509.0
101	31509.0
102	31509.0
103	31509.0
104	31509.0
105	111040.0
106	111040.0
107	111040.0
108	111040.0
109	111040.0
110	67873.0
111	67873.0
112	67873.0
113	67873.0
114	67873.0
115	45987.0
116	45987.0
117	45987.0
118	45987.0
119	45987.0
120	11003.0
121	11003.0
122	11003.0
123	11003.0
124	11003.0
125	31298.0
126	31298.0
127	31298.0
128	31298.0
129	31298.0
130	39163.0
131	39163.0
132	39163.0
133	39163.0
134	39163.0
135	119210.0
136	119210.0
137	119210.0
138	119210.0
139	119210.0
140	92012.0
141	92012.0
142	92012.0
143	92012.0
144	92012.0
145	82033.0
146	82033.0
147	82033.0
148	82033.0
149	82033.0
150	132518.0
151	132518.0
152	132518.0
153	132518.0
154	132518.0
155	100069.0
156	100069.0
157	100069.0
158	100069.0
159	100069.0
160	10713.0
161	10713.0
162	10713.0
163	10713.0
164	10713.0
165	98756.0
166	98756.0
167	98756.0
168	98756.0
169	98756.0
170	55081.0
171	55081.0
172	55081.0
173	55081.0
174	55081.0
175	117031.0
176	117031.0
177	117031.0
178	117031.0
179	117031.0
180	113293.0
181	113293.0
182	113293.0
183	113293.0
184	113293.0
185	25511.0
186	25511.0
187	25511.0
188	25511.0
189	25511.0
190	63901.0
191	63901.0
192	63901.0
193	63901.0
194	63901.0
195	23547.0
196	23547.0
197	23547.0
198	23547.0
199	23547.0
200	57411.0
201	57411.0
202	57411.0
203	57411.0
204	57411.0
205	85704.0
206	85704.0
207	85704.0
208	85704.0
209	85704.0
210	13529.0
211	13529.0
212	13529.0
213	13529.0
214	13529.0
215	33412.0
216	33412.0
217	33412.0
218	33412.0
219	33412.0
220	53154.0
221	53154.0
222	53154.0
223	53154.0
224	53154.0
225	24547.0
226	24547.0
227	24547.0
228	24547.0
229	24547.0
230	53793.0
231	53793.0
232	53793.0
233	53793.0
234	53793.0
235	71050.0
236	71050.0
237	71050.0
238	71050.0
239	71050.0
240	82638.0
241	82638.0
242	82638.0
243	82638.0
244	82638.0
245	67845.0
246	67845.0
247	67845.0
248	67845.0
249	67845.0
