0	10829.0
1	10829.0
2	10829.0
3	10829.0
4	10829.0
5	113111.0
6	113111.0
7	113111.0
8	113111.0
9	113111.0
10	129667.0
11	129667.0
12	129667.0
13	129667.0
14	129667.0
15	118841.0
16	118841.0
17	118841.0
18	118841.0
19	118841.0
20	23483.0
21	23483.0
22	23483.0
23	23483.0
24	23483.0
25	118794.0
26	118794.0
27	118794.0
28	118794.0
29	118794.0
30	112731.0
31	112731.0
32	112731.0
33	112731.0
34	112731.0
35	56744.0
36	56744.0
37	56744.0
38	56744.0
39	56744.0
40	68729.0
41	68729.0
42	68729.0
43	68729.0
44	68729.0
45	74838.0
46	74838.0
47	74838.0
48	74838.0
49	74838.0
50	101906.0
51	101906.0
52	101906.0
53	101906.0
54	101906.0
55	95490.0
56	95490.0
57	95490.0
58	95490.0
59	95490.0
60	106824.0
61	106824.0
62	106824.0
63	106824.0
64	106824.0
65	64405.0
66	64405.0
67	64405.0
68	64405.0
69	64405.0
70	23898.0
71	23898.0
72	23898.0
73	23898.0
74	23898.0
75	67131.0
76	67131.0
77	67131.0
78	67131.0
79	67131.0
80	94659.0
81	94659.0
82	94659.0
83	94659.0
84	94659.0
85	90173.0
86	90173.0
87	90173.0
88	90173.0
89	90173.0
90	108916.0
91	108916.0
92	108916.0
93	108916.0
94	108916.0
95	47186.0
96	47186.0
97	47186.0
98	47186.0
99	47186.0
100	8763.0
101	8763.0
102	8763.0
103	8763.0
104	8763.0
105	106014.0
106	106014.0
107	106014.0
108	106014.0
109	106014.0
110	3776.0
111	3776.0
112	3776.0
113	3776.0
114	3776.0
115	537.0
116	537.0
117	537.0
118	537.0
119	537.0
120	26185.0
121	26185.0
122	26185.0
123	26185.0
124	26185.0
125	49049.0
126	49049.0
127	49049.0
128	49049.0
129	49049.0
130	54149.0
131	54149.0
132	54149.0
133	54149.0
134	54149.0
135	62248.0
136	62248.0
137	62248.0
138	62248.0
139	62248.0
140	74788.0
141	74788.0
142	74788.0
143	74788.0
144	74788.0
145	102905.0
146	102905.0
147	102905.0
148	102905.0
149	102905.0
150	122430.0
151	122430.0
152	122430.0
153	122430.0
154	122430.0
155	63859.0
156	63859.0
157	63859.0
158	63859.0
159	63859.0
160	35941.0
161	35941.0
162	35941.0
163	35941.0
164	35941.0
165	83840.0
166	83840.0
167	83840.0
168	83840.0
169	83840.0
170	16231.0
171	16231.0
172	16231.0
173	16231.0
174	16231.0
175	116773.0
176	116773.0
177	116773.0
178	116773.0
179	116773.0
180	114411.0
181	114411.0
182	114411.0
183	114411.0
184	114411.0
185	89641.0
186	89641.0
187	89641.0
188	89641.0
189	89641.0
190	97198.0
191	97198.0
192	97198.0
193	97198.0
194	97198.0
195	26387.0
196	26387.0
197	26387.0
198	26387.0
199	26387.0
200	16733.0
201	16733.0
202	16733.0
203	16733.0
204	16733.0
205	44161.0
206	44161.0
207	44161.0
208	44161.0
209	44161.0
210	91415.0
211	91415.0
212	91415.0
213	91415.0
214	91415.0
215	40393.0
216	40393.0
217	40393.0
218	40393.0
219	40393.0
220	62288.0
221	62288.0
222	62288.0
223	62288.0
224	62288.0
225	18576.0
226	18576.0
227	18576.0
228	18576.0
229	18576.0
230	27446.0
231	27446.0
232	27446.0
233	27446.0
234	27446.0
235	27628.0
236	27628.0
237	27628.0
238	27628.0
239	27628.0
240	120465.0
241	120465.0
242	120465.0
243	120465.0
244	120465.0
245	50074.0
246	50074.0
247	50074.0
248	50074.0
249	50074.0
