0	123721.0
1	123721.0
2	123721.0
3	123721.0
4	123721.0
5	128148.0
6	128148.0
7	128148.0
8	128148.0
9	128148.0
10	32415.0
11	32415.0
12	32415.0
13	32415.0
14	32415.0
15	25985.0
16	25985.0
17	25985.0
18	25985.0
19	25985.0
20	117275.0
21	117275.0
22	117275.0
23	117275.0
24	117275.0
25	1813.0
26	1813.0
27	1813.0
28	1813.0
29	1813.0
30	68103.0
31	68103.0
32	68103.0
33	68103.0
34	68103.0
35	46067.0
36	46067.0
37	46067.0
38	46067.0
39	46067.0
40	55737.0
41	55737.0
42	55737.0
43	55737.0
44	55737.0
45	9957.0
46	9957.0
47	9957.0
48	9957.0
49	9957.0
50	51714.0
51	51714.0
52	51714.0
53	51714.0
54	51714.0
55	49872.0
56	49872.0
57	49872.0
58	49872.0
59	49872.0
60	129009.0
61	129009.0
62	129009.0
63	129009.0
64	129009.0
65	118277.0
66	118277.0
67	118277.0
68	118277.0
69	118277.0
70	24205.0
71	24205.0
72	24205.0
73	24205.0
74	24205.0
75	18017.0
76	18017.0
77	18017.0
78	18017.0
79	18017.0
80	102133.0
81	102133.0
82	102133.0
83	102133.0
84	102133.0
85	55984.0
86	55984.0
87	55984.0
88	55984.0
89	55984.0
90	33584.0
91	33584.0
92	33584.0
93	33584.0
94	33584.0
95	61668.0
96	61668.0
97	61668.0
98	61668.0
99	61668.0
100	96622.0
101	96622.0
102	96622.0
103	96622.0
104	96622.0
105	36666.0
106	36666.0
107	36666.0
108	36666.0
109	36666.0
110	52654.0
111	52654.0
112	52654.0
113	52654.0
114	52654.0
115	105869.0
116	105869.0
117	105869.0
118	105869.0
119	105869.0
120	28743.0
121	28743.0
122	28743.0
123	28743.0
124	28743.0
125	77623.0
126	77623.0
127	77623.0
128	77623.0
129	77623.0
130	109045.0
131	109045.0
132	109045.0
133	109045.0
134	109045.0
135	80588.0
136	80588.0
137	80588.0
138	80588.0
139	80588.0
140	71421.0
141	71421.0
142	71421.0
143	71421.0
144	71421.0
145	13149.0
146	13149.0
147	13149.0
148	13149.0
149	13149.0
150	1805.0
151	1805.0
152	1805.0
153	1805.0
154	1805.0
155	123148.0
156	123148.0
157	123148.0
158	123148.0
159	123148.0
160	113868.0
161	113868.0
162	113868.0
163	113868.0
164	113868.0
165	24585.0
166	24585.0
167	24585.0
168	24585.0
169	24585.0
170	16469.0
171	16469.0
172	16469.0
173	16469.0
174	16469.0
175	41943.0
176	41943.0
177	41943.0
178	41943.0
179	41943.0
180	28552.0
181	28552.0
182	28552.0
183	28552.0
184	28552.0
185	71329.0
186	71329.0
187	71329.0
188	71329.0
189	71329.0
190	78924.0
191	78924.0
192	78924.0
193	78924.0
194	78924.0
195	104669.0
196	104669.0
197	104669.0
198	104669.0
199	104669.0
200	67623.0
201	67623.0
202	67623.0
203	67623.0
204	67623.0
205	40348.0
206	40348.0
207	40348.0
208	40348.0
209	40348.0
210	122348.0
211	122348.0
212	122348.0
213	122348.0
214	122348.0
215	45969.0
216	45969.0
217	45969.0
218	45969.0
219	45969.0
220	69430.0
221	69430.0
222	69430.0
223	69430.0
224	69430.0
225	90124.0
226	90124.0
227	90124.0
228	90124.0
229	90124.0
230	75006.0
231	75006.0
232	75006.0
233	75006.0
234	75006.0
235	81871.0
236	81871.0
237	81871.0
238	81871.0
239	81871.0
240	43603.0
241	43603.0
242	43603.0
243	43603.0
244	43603.0
245	96190.0
246	96190.0
247	96190.0
248	96190.0
249	96190.0
