0	97009.0
1	97009.0
2	97009.0
3	97009.0
4	97009.0
5	44173.0
6	44173.0
7	44173.0
8	44173.0
9	44173.0
10	60788.0
11	60788.0
12	60788.0
13	60788.0
14	60788.0
15	76181.0
16	76181.0
17	76181.0
18	76181.0
19	76181.0
20	115217.0
21	115217.0
22	115217.0
23	115217.0
24	115217.0
25	123365.0
26	123365.0
27	123365.0
28	123365.0
29	123365.0
30	73923.0
31	73923.0
32	73923.0
33	73923.0
34	73923.0
35	108778.0
36	108778.0
37	108778.0
38	108778.0
39	108778.0
40	73074.0
41	73074.0
42	73074.0
43	73074.0
44	73074.0
45	86116.0
46	86116.0
47	86116.0
48	86116.0
49	86116.0
50	60442.0
51	60442.0
52	60442.0
53	60442.0
54	60442.0
55	20016.0
56	20016.0
57	20016.0
58	20016.0
59	20016.0
60	90173.0
61	90173.0
62	90173.0
63	90173.0
64	90173.0
65	110089.0
66	110089.0
67	110089.0
68	110089.0
69	110089.0
70	125572.0
71	125572.0
72	125572.0
73	125572.0
74	125572.0
75	93073.0
76	93073.0
77	93073.0
78	93073.0
79	93073.0
80	49715.0
81	49715.0
82	49715.0
83	49715.0
84	49715.0
85	69205.0
86	69205.0
87	69205.0
88	69205.0
89	69205.0
90	55293.0
91	55293.0
92	55293.0
93	55293.0
94	55293.0
95	126477.0
96	126477.0
97	126477.0
98	126477.0
99	126477.0
100	126890.0
101	126890.0
102	126890.0
103	126890.0
104	126890.0
105	93076.0
106	93076.0
107	93076.0
108	93076.0
109	93076.0
110	86781.0
111	86781.0
112	86781.0
113	86781.0
114	86781.0
115	125500.0
116	125500.0
117	125500.0
118	125500.0
119	125500.0
120	36883.0
121	36883.0
122	36883.0
123	36883.0
124	36883.0
125	110643.0
126	110643.0
127	110643.0
128	110643.0
129	110643.0
130	19477.0
131	19477.0
132	19477.0
133	19477.0
134	19477.0
135	36297.0
136	36297.0
137	36297.0
138	36297.0
139	36297.0
140	37289.0
141	37289.0
142	37289.0
143	37289.0
144	37289.0
145	23805.0
146	23805.0
147	23805.0
148	23805.0
149	23805.0
150	61405.0
151	61405.0
152	61405.0
153	61405.0
154	61405.0
155	130778.0
156	130778.0
157	130778.0
158	130778.0
159	130778.0
160	14835.0
161	14835.0
162	14835.0
163	14835.0
164	14835.0
165	77557.0
166	77557.0
167	77557.0
168	77557.0
169	77557.0
170	109118.0
171	109118.0
172	109118.0
173	109118.0
174	109118.0
175	110679.0
176	110679.0
177	110679.0
178	110679.0
179	110679.0
180	21712.0
181	21712.0
182	21712.0
183	21712.0
184	21712.0
185	54401.0
186	54401.0
187	54401.0
188	54401.0
189	54401.0
190	110015.0
191	110015.0
192	110015.0
193	110015.0
194	110015.0
195	16663.0
196	16663.0
197	16663.0
198	16663.0
199	16663.0
200	64612.0
201	64612.0
202	64612.0
203	64612.0
204	64612.0
205	95529.0
206	95529.0
207	95529.0
208	95529.0
209	95529.0
210	76671.0
211	76671.0
212	76671.0
213	76671.0
214	76671.0
215	30872.0
216	30872.0
217	30872.0
218	30872.0
219	30872.0
220	2565.0
221	2565.0
222	2565.0
223	2565.0
224	2565.0
225	25766.0
226	25766.0
227	25766.0
228	25766.0
229	25766.0
230	89895.0
231	89895.0
232	89895.0
233	89895.0
234	89895.0
235	80903.0
236	80903.0
237	80903.0
238	80903.0
239	80903.0
240	8108.0
241	8108.0
242	8108.0
243	8108.0
244	8108.0
245	11348.0
246	11348.0
247	11348.0
248	11348.0
249	11348.0
