0	199092.0
1	199092.0
2	199092.0
3	199092.0
4	199092.0
5	261865.0
6	261865.0
7	261865.0
8	261865.0
9	261865.0
10	929001.0
11	929001.0
12	929001.0
13	929001.0
14	929001.0
15	288403.0
16	288403.0
17	288403.0
18	288403.0
19	288403.0
20	477120.0
21	477120.0
22	477120.0
23	477120.0
24	477120.0
25	367509.0
26	367509.0
27	367509.0
28	367509.0
29	367509.0
30	62277.0
31	62277.0
32	62277.0
33	62277.0
34	62277.0
35	789534.0
36	789534.0
37	789534.0
38	789534.0
39	789534.0
40	154047.0
41	154047.0
42	154047.0
43	154047.0
44	154047.0
45	487052.0
46	487052.0
47	487052.0
48	487052.0
49	487052.0
50	48425.0
51	48425.0
52	48425.0
53	48425.0
54	48425.0
55	455029.0
56	455029.0
57	455029.0
58	455029.0
59	455029.0
60	227164.0
61	227164.0
62	227164.0
63	227164.0
64	227164.0
65	269666.0
66	269666.0
67	269666.0
68	269666.0
69	269666.0
70	471995.0
71	471995.0
72	471995.0
73	471995.0
74	471995.0
75	924907.0
76	924907.0
77	924907.0
78	924907.0
79	924907.0
80	854232.0
81	854232.0
82	854232.0
83	854232.0
84	854232.0
85	561872.0
86	561872.0
87	561872.0
88	561872.0
89	561872.0
90	80863.0
91	80863.0
92	80863.0
93	80863.0
94	80863.0
95	47090.0
96	47090.0
97	47090.0
98	47090.0
99	47090.0
100	206239.0
101	206239.0
102	206239.0
103	206239.0
104	206239.0
105	339856.0
106	339856.0
107	339856.0
108	339856.0
109	339856.0
110	390994.0
111	390994.0
112	390994.0
113	390994.0
114	390994.0
115	390059.0
116	390059.0
117	390059.0
118	390059.0
119	390059.0
120	466029.0
121	466029.0
122	466029.0
123	466029.0
124	466029.0
125	597772.0
126	597772.0
127	597772.0
128	597772.0
129	597772.0
130	137428.0
131	137428.0
132	137428.0
133	137428.0
134	137428.0
135	729562.0
136	729562.0
137	729562.0
138	729562.0
139	729562.0
140	722302.0
141	722302.0
142	722302.0
143	722302.0
144	722302.0
145	408485.0
146	408485.0
147	408485.0
148	408485.0
149	408485.0
150	818864.0
151	818864.0
152	818864.0
153	818864.0
154	818864.0
155	509878.0
156	509878.0
157	509878.0
158	509878.0
159	509878.0
160	702131.0
161	702131.0
162	702131.0
163	702131.0
164	702131.0
165	166293.0
166	166293.0
167	166293.0
168	166293.0
169	166293.0
170	469359.0
171	469359.0
172	469359.0
173	469359.0
174	469359.0
175	207522.0
176	207522.0
177	207522.0
178	207522.0
179	207522.0
180	18693.0
181	18693.0
182	18693.0
183	18693.0
184	18693.0
185	736210.0
186	736210.0
187	736210.0
188	736210.0
189	736210.0
190	966353.0
191	966353.0
192	966353.0
193	966353.0
194	966353.0
195	76803.0
196	76803.0
197	76803.0
198	76803.0
199	76803.0
200	377353.0
201	377353.0
202	377353.0
203	377353.0
204	377353.0
205	312954.0
206	312954.0
207	312954.0
208	312954.0
209	312954.0
210	769957.0
211	769957.0
212	769957.0
213	769957.0
214	769957.0
215	504420.0
216	504420.0
217	504420.0
218	504420.0
219	504420.0
220	912293.0
221	912293.0
222	912293.0
223	912293.0
224	912293.0
225	145212.0
226	145212.0
227	145212.0
228	145212.0
229	145212.0
230	96167.0
231	96167.0
232	96167.0
233	96167.0
234	96167.0
235	599099.0
236	599099.0
237	599099.0
238	599099.0
239	599099.0
240	946265.0
241	946265.0
242	946265.0
243	946265.0
244	946265.0
245	903132.0
246	903132.0
247	903132.0
248	903132.0
249	903132.0
