0	853004.0
1	853004.0
2	853004.0
3	853004.0
4	853004.0
5	2526.0
6	2526.0
7	2526.0
8	2526.0
9	2526.0
10	148240.0
11	148240.0
12	148240.0
13	148240.0
14	148240.0
15	231211.0
16	231211.0
17	231211.0
18	231211.0
19	231211.0
20	57369.0
21	57369.0
22	57369.0
23	57369.0
24	57369.0
25	501223.0
26	501223.0
27	501223.0
28	501223.0
29	501223.0
30	191372.0
31	191372.0
32	191372.0
33	191372.0
34	191372.0
35	668819.0
36	668819.0
37	668819.0
38	668819.0
39	668819.0
40	702908.0
41	702908.0
42	702908.0
43	702908.0
44	702908.0
45	100574.0
46	100574.0
47	100574.0
48	100574.0
49	100574.0
50	29457.0
51	29457.0
52	29457.0
53	29457.0
54	29457.0
55	662733.0
56	662733.0
57	662733.0
58	662733.0
59	662733.0
60	773247.0
61	773247.0
62	773247.0
63	773247.0
64	773247.0
65	793267.0
66	793267.0
67	793267.0
68	793267.0
69	793267.0
70	605319.0
71	605319.0
72	605319.0
73	605319.0
74	605319.0
75	504012.0
76	504012.0
77	504012.0
78	504012.0
79	504012.0
80	450771.0
81	450771.0
82	450771.0
83	450771.0
84	450771.0
85	591459.0
86	591459.0
87	591459.0
88	591459.0
89	591459.0
90	788614.0
91	788614.0
92	788614.0
93	788614.0
94	788614.0
95	546447.0
96	546447.0
97	546447.0
98	546447.0
99	546447.0
100	68191.0
101	68191.0
102	68191.0
103	68191.0
104	68191.0
105	721307.0
106	721307.0
107	721307.0
108	721307.0
109	721307.0
110	272630.0
111	272630.0
112	272630.0
113	272630.0
114	272630.0
115	702689.0
116	702689.0
117	702689.0
118	702689.0
119	702689.0
120	396640.0
121	396640.0
122	396640.0
123	396640.0
124	396640.0
125	411429.0
126	411429.0
127	411429.0
128	411429.0
129	411429.0
130	721546.0
131	721546.0
132	721546.0
133	721546.0
134	721546.0
135	408572.0
136	408572.0
137	408572.0
138	408572.0
139	408572.0
140	11690.0
141	11690.0
142	11690.0
143	11690.0
144	11690.0
145	1978.0
146	1978.0
147	1978.0
148	1978.0
149	1978.0
150	399281.0
151	399281.0
152	399281.0
153	399281.0
154	399281.0
155	277700.0
156	277700.0
157	277700.0
158	277700.0
159	277700.0
160	91832.0
161	91832.0
162	91832.0
163	91832.0
164	91832.0
165	948690.0
166	948690.0
167	948690.0
168	948690.0
169	948690.0
170	40911.0
171	40911.0
172	40911.0
173	40911.0
174	40911.0
175	515080.0
176	515080.0
177	515080.0
178	515080.0
179	515080.0
180	551882.0
181	551882.0
182	551882.0
183	551882.0
184	551882.0
185	938117.0
186	938117.0
187	938117.0
188	938117.0
189	938117.0
190	54109.0
191	54109.0
192	54109.0
193	54109.0
194	54109.0
195	938781.0
196	938781.0
197	938781.0
198	938781.0
199	938781.0
200	340591.0
201	340591.0
202	340591.0
203	340591.0
204	340591.0
205	145410.0
206	145410.0
207	145410.0
208	145410.0
209	145410.0
210	284641.0
211	284641.0
212	284641.0
213	284641.0
214	284641.0
215	957911.0
216	957911.0
217	957911.0
218	957911.0
219	957911.0
220	2292.0
221	2292.0
222	2292.0
223	2292.0
224	2292.0
225	256333.0
226	256333.0
227	256333.0
228	256333.0
229	256333.0
230	258187.0
231	258187.0
232	258187.0
233	258187.0
234	258187.0
235	238204.0
236	238204.0
237	238204.0
238	238204.0
239	238204.0
240	551938.0
241	551938.0
242	551938.0
243	551938.0
244	551938.0
245	749595.0
246	749595.0
247	749595.0
248	749595.0
249	749595.0
