0	708888.0
1	708888.0
2	708888.0
3	708888.0
4	708888.0
5	910693.0
6	910693.0
7	910693.0
8	910693.0
9	910693.0
10	19541.0
11	19541.0
12	19541.0
13	19541.0
14	19541.0
15	419608.0
16	419608.0
17	419608.0
18	419608.0
19	419608.0
20	224705.0
21	224705.0
22	224705.0
23	224705.0
24	224705.0
25	546141.0
26	546141.0
27	546141.0
28	546141.0
29	546141.0
30	573639.0
31	573639.0
32	573639.0
33	573639.0
34	573639.0
35	640307.0
36	640307.0
37	640307.0
38	640307.0
39	640307.0
40	579797.0
41	579797.0
42	579797.0
43	579797.0
44	579797.0
45	921288.0
46	921288.0
47	921288.0
48	921288.0
49	921288.0
50	52426.0
51	52426.0
52	52426.0
53	52426.0
54	52426.0
55	919094.0
56	919094.0
57	919094.0
58	919094.0
59	919094.0
60	42922.0
61	42922.0
62	42922.0
63	42922.0
64	42922.0
65	257062.0
66	257062.0
67	257062.0
68	257062.0
69	257062.0
70	48854.0
71	48854.0
72	48854.0
73	48854.0
74	48854.0
75	345469.0
76	345469.0
77	345469.0
78	345469.0
79	345469.0
80	394142.0
81	394142.0
82	394142.0
83	394142.0
84	394142.0
85	870162.0
86	870162.0
87	870162.0
88	870162.0
89	870162.0
90	778314.0
91	778314.0
92	778314.0
93	778314.0
94	778314.0
95	940103.0
96	940103.0
97	940103.0
98	940103.0
99	940103.0
100	206288.0
101	206288.0
102	206288.0
103	206288.0
104	206288.0
105	916296.0
106	916296.0
107	916296.0
108	916296.0
109	916296.0
110	91651.0
111	91651.0
112	91651.0
113	91651.0
114	91651.0
115	662752.0
116	662752.0
117	662752.0
118	662752.0
119	662752.0
120	443925.0
121	443925.0
122	443925.0
123	443925.0
124	443925.0
125	475962.0
126	475962.0
127	475962.0
128	475962.0
129	475962.0
130	67580.0
131	67580.0
132	67580.0
133	67580.0
134	67580.0
135	613545.0
136	613545.0
137	613545.0
138	613545.0
139	613545.0
140	936857.0
141	936857.0
142	936857.0
143	936857.0
144	936857.0
145	371239.0
146	371239.0
147	371239.0
148	371239.0
149	371239.0
150	614146.0
151	614146.0
152	614146.0
153	614146.0
154	614146.0
155	887580.0
156	887580.0
157	887580.0
158	887580.0
159	887580.0
160	199812.0
161	199812.0
162	199812.0
163	199812.0
164	199812.0
165	624090.0
166	624090.0
167	624090.0
168	624090.0
169	624090.0
170	938816.0
171	938816.0
172	938816.0
173	938816.0
174	938816.0
175	494190.0
176	494190.0
177	494190.0
178	494190.0
179	494190.0
180	775124.0
181	775124.0
182	775124.0
183	775124.0
184	775124.0
185	714037.0
186	714037.0
187	714037.0
188	714037.0
189	714037.0
190	712341.0
191	712341.0
192	712341.0
193	712341.0
194	712341.0
195	10344.0
196	10344.0
197	10344.0
198	10344.0
199	10344.0
200	228686.0
201	228686.0
202	228686.0
203	228686.0
204	228686.0
205	795064.0
206	795064.0
207	795064.0
208	795064.0
209	795064.0
210	483618.0
211	483618.0
212	483618.0
213	483618.0
214	483618.0
215	488690.0
216	488690.0
217	488690.0
218	488690.0
219	488690.0
220	303006.0
221	303006.0
222	303006.0
223	303006.0
224	303006.0
225	473483.0
226	473483.0
227	473483.0
228	473483.0
229	473483.0
230	81099.0
231	81099.0
232	81099.0
233	81099.0
234	81099.0
235	334605.0
236	334605.0
237	334605.0
238	334605.0
239	334605.0
240	828186.0
241	828186.0
242	828186.0
243	828186.0
244	828186.0
245	639786.0
246	639786.0
247	639786.0
248	639786.0
249	639786.0
