0	915179.0
1	915179.0
2	915179.0
3	915179.0
4	915179.0
5	608702.0
6	608702.0
7	608702.0
8	608702.0
9	608702.0
10	424499.0
11	424499.0
12	424499.0
13	424499.0
14	424499.0
15	171821.0
16	171821.0
17	171821.0
18	171821.0
19	171821.0
20	333319.0
21	333319.0
22	333319.0
23	333319.0
24	333319.0
25	162233.0
26	162233.0
27	162233.0
28	162233.0
29	162233.0
30	409277.0
31	409277.0
32	409277.0
33	409277.0
34	409277.0
35	269196.0
36	269196.0
37	269196.0
38	269196.0
39	269196.0
40	401386.0
41	401386.0
42	401386.0
43	401386.0
44	401386.0
45	819894.0
46	819894.0
47	819894.0
48	819894.0
49	819894.0
50	161139.0
51	161139.0
52	161139.0
53	161139.0
54	161139.0
55	703546.0
56	703546.0
57	703546.0
58	703546.0
59	703546.0
60	63516.0
61	63516.0
62	63516.0
63	63516.0
64	63516.0
65	691885.0
66	691885.0
67	691885.0
68	691885.0
69	691885.0
70	286592.0
71	286592.0
72	286592.0
73	286592.0
74	286592.0
75	655188.0
76	655188.0
77	655188.0
78	655188.0
79	655188.0
80	481336.0
81	481336.0
82	481336.0
83	481336.0
84	481336.0
85	474809.0
86	474809.0
87	474809.0
88	474809.0
89	474809.0
90	644082.0
91	644082.0
92	644082.0
93	644082.0
94	644082.0
95	22446.0
96	22446.0
97	22446.0
98	22446.0
99	22446.0
100	76996.0
101	76996.0
102	76996.0
103	76996.0
104	76996.0
105	390232.0
106	390232.0
107	390232.0
108	390232.0
109	390232.0
110	14316.0
111	14316.0
112	14316.0
113	14316.0
114	14316.0
115	655860.0
116	655860.0
117	655860.0
118	655860.0
119	655860.0
120	481317.0
121	481317.0
122	481317.0
123	481317.0
124	481317.0
125	664773.0
126	664773.0
127	664773.0
128	664773.0
129	664773.0
130	255585.0
131	255585.0
132	255585.0
133	255585.0
134	255585.0
135	800589.0
136	800589.0
137	800589.0
138	800589.0
139	800589.0
140	130602.0
141	130602.0
142	130602.0
143	130602.0
144	130602.0
145	939667.0
146	939667.0
147	939667.0
148	939667.0
149	939667.0
150	672072.0
151	672072.0
152	672072.0
153	672072.0
154	672072.0
155	191570.0
156	191570.0
157	191570.0
158	191570.0
159	191570.0
160	793469.0
161	793469.0
162	793469.0
163	793469.0
164	793469.0
165	878551.0
166	878551.0
167	878551.0
168	878551.0
169	878551.0
170	687999.0
171	687999.0
172	687999.0
173	687999.0
174	687999.0
175	716395.0
176	716395.0
177	716395.0
178	716395.0
179	716395.0
180	669034.0
181	669034.0
182	669034.0
183	669034.0
184	669034.0
185	418635.0
186	418635.0
187	418635.0
188	418635.0
189	418635.0
190	900564.0
191	900564.0
192	900564.0
193	900564.0
194	900564.0
195	195492.0
196	195492.0
197	195492.0
198	195492.0
199	195492.0
200	224941.0
201	224941.0
202	224941.0
203	224941.0
204	224941.0
205	843977.0
206	843977.0
207	843977.0
208	843977.0
209	843977.0
210	386485.0
211	386485.0
212	386485.0
213	386485.0
214	386485.0
215	165698.0
216	165698.0
217	165698.0
218	165698.0
219	165698.0
220	135772.0
221	135772.0
222	135772.0
223	135772.0
224	135772.0
225	505264.0
226	505264.0
227	505264.0
228	505264.0
229	505264.0
230	875179.0
231	875179.0
232	875179.0
233	875179.0
234	875179.0
235	371767.0
236	371767.0
237	371767.0
238	371767.0
239	371767.0
240	882159.0
241	882159.0
242	882159.0
243	882159.0
244	882159.0
245	65333.0
246	65333.0
247	65333.0
248	65333.0
249	65333.0
