0	190929.0
1	190929.0
2	190929.0
3	190929.0
4	190929.0
5	478110.0
6	478110.0
7	478110.0
8	478110.0
9	478110.0
10	453982.0
11	453982.0
12	453982.0
13	453982.0
14	453982.0
15	353683.0
16	353683.0
17	353683.0
18	353683.0
19	353683.0
20	250831.0
21	250831.0
22	250831.0
23	250831.0
24	250831.0
25	201669.0
26	201669.0
27	201669.0
28	201669.0
29	201669.0
30	278728.0
31	278728.0
32	278728.0
33	278728.0
34	278728.0
35	492691.0
36	492691.0
37	492691.0
38	492691.0
39	492691.0
40	482655.0
41	482655.0
42	482655.0
43	482655.0
44	482655.0
45	68768.0
46	68768.0
47	68768.0
48	68768.0
49	68768.0
50	73231.0
51	73231.0
52	73231.0
53	73231.0
54	73231.0
55	122348.0
56	122348.0
57	122348.0
58	122348.0
59	122348.0
60	520851.0
61	520851.0
62	520851.0
63	520851.0
64	520851.0
65	323249.0
66	323249.0
67	323249.0
68	323249.0
69	323249.0
70	176954.0
71	176954.0
72	176954.0
73	176954.0
74	176954.0
75	48100.0
76	48100.0
77	48100.0
78	48100.0
79	48100.0
80	266713.0
81	266713.0
82	266713.0
83	266713.0
84	266713.0
85	49057.0
86	49057.0
87	49057.0
88	49057.0
89	49057.0
90	20986.0
91	20986.0
92	20986.0
93	20986.0
94	20986.0
95	528640.0
96	528640.0
97	528640.0
98	528640.0
99	528640.0
100	450948.0
101	450948.0
102	450948.0
103	450948.0
104	450948.0
105	234072.0
106	234072.0
107	234072.0
108	234072.0
109	234072.0
110	78523.0
111	78523.0
112	78523.0
113	78523.0
114	78523.0
115	170908.0
116	170908.0
117	170908.0
118	170908.0
119	170908.0
120	162783.0
121	162783.0
122	162783.0
123	162783.0
124	162783.0
125	372274.0
126	372274.0
127	372274.0
128	372274.0
129	372274.0
130	272570.0
131	272570.0
132	272570.0
133	272570.0
134	272570.0
135	92467.0
136	92467.0
137	92467.0
138	92467.0
139	92467.0
140	397761.0
141	397761.0
142	397761.0
143	397761.0
144	397761.0
145	443095.0
146	443095.0
147	443095.0
148	443095.0
149	443095.0
150	323788.0
151	323788.0
152	323788.0
153	323788.0
154	323788.0
155	123516.0
156	123516.0
157	123516.0
158	123516.0
159	123516.0
160	421177.0
161	421177.0
162	421177.0
163	421177.0
164	421177.0
165	182806.0
166	182806.0
167	182806.0
168	182806.0
169	182806.0
170	442825.0
171	442825.0
172	442825.0
173	442825.0
174	442825.0
175	508717.0
176	508717.0
177	508717.0
178	508717.0
179	508717.0
180	469799.0
181	469799.0
182	469799.0
183	469799.0
184	469799.0
185	244503.0
186	244503.0
187	244503.0
188	244503.0
189	244503.0
190	190718.0
191	190718.0
192	190718.0
193	190718.0
194	190718.0
195	156136.0
196	156136.0
197	156136.0
198	156136.0
199	156136.0
200	344960.0
201	344960.0
202	344960.0
203	344960.0
204	344960.0
205	452661.0
206	452661.0
207	452661.0
208	452661.0
209	452661.0
210	448925.0
211	448925.0
212	448925.0
213	448925.0
214	448925.0
215	132200.0
216	132200.0
217	132200.0
218	132200.0
219	132200.0
220	273293.0
221	273293.0
222	273293.0
223	273293.0
224	273293.0
225	301083.0
226	301083.0
227	301083.0
228	301083.0
229	301083.0
230	36414.0
231	36414.0
232	36414.0
233	36414.0
234	36414.0
235	467920.0
236	467920.0
237	467920.0
238	467920.0
239	467920.0
240	32655.0
241	32655.0
242	32655.0
243	32655.0
244	32655.0
245	444484.0
246	444484.0
247	444484.0
248	444484.0
249	444484.0
