0	45438.0
1	45438.0
2	45438.0
3	45438.0
4	45438.0
5	250484.0
6	250484.0
7	250484.0
8	250484.0
9	250484.0
10	428994.0
11	428994.0
12	428994.0
13	428994.0
14	428994.0
15	95795.0
16	95795.0
17	95795.0
18	95795.0
19	95795.0
20	427077.0
21	427077.0
22	427077.0
23	427077.0
24	427077.0
25	220799.0
26	220799.0
27	220799.0
28	220799.0
29	220799.0
30	202394.0
31	202394.0
32	202394.0
33	202394.0
34	202394.0
35	285053.0
36	285053.0
37	285053.0
38	285053.0
39	285053.0
40	151670.0
41	151670.0
42	151670.0
43	151670.0
44	151670.0
45	209080.0
46	209080.0
47	209080.0
48	209080.0
49	209080.0
50	217810.0
51	217810.0
52	217810.0
53	217810.0
54	217810.0
55	174087.0
56	174087.0
57	174087.0
58	174087.0
59	174087.0
60	399246.0
61	399246.0
62	399246.0
63	399246.0
64	399246.0
65	128502.0
66	128502.0
67	128502.0
68	128502.0
69	128502.0
70	479489.0
71	479489.0
72	479489.0
73	479489.0
74	479489.0
75	454516.0
76	454516.0
77	454516.0
78	454516.0
79	454516.0
80	38760.0
81	38760.0
82	38760.0
83	38760.0
84	38760.0
85	256493.0
86	256493.0
87	256493.0
88	256493.0
89	256493.0
90	504986.0
91	504986.0
92	504986.0
93	504986.0
94	504986.0
95	59058.0
96	59058.0
97	59058.0
98	59058.0
99	59058.0
100	311149.0
101	311149.0
102	311149.0
103	311149.0
104	311149.0
105	376924.0
106	376924.0
107	376924.0
108	376924.0
109	376924.0
110	87676.0
111	87676.0
112	87676.0
113	87676.0
114	87676.0
115	142250.0
116	142250.0
117	142250.0
118	142250.0
119	142250.0
120	249738.0
121	249738.0
122	249738.0
123	249738.0
124	249738.0
125	41192.0
126	41192.0
127	41192.0
128	41192.0
129	41192.0
130	501120.0
131	501120.0
132	501120.0
133	501120.0
134	501120.0
135	510358.0
136	510358.0
137	510358.0
138	510358.0
139	510358.0
140	156153.0
141	156153.0
142	156153.0
143	156153.0
144	156153.0
145	334683.0
146	334683.0
147	334683.0
148	334683.0
149	334683.0
150	239621.0
151	239621.0
152	239621.0
153	239621.0
154	239621.0
155	470843.0
156	470843.0
157	470843.0
158	470843.0
159	470843.0
160	494539.0
161	494539.0
162	494539.0
163	494539.0
164	494539.0
165	482854.0
166	482854.0
167	482854.0
168	482854.0
169	482854.0
170	377008.0
171	377008.0
172	377008.0
173	377008.0
174	377008.0
175	413946.0
176	413946.0
177	413946.0
178	413946.0
179	413946.0
180	404742.0
181	404742.0
182	404742.0
183	404742.0
184	404742.0
185	495034.0
186	495034.0
187	495034.0
188	495034.0
189	495034.0
190	223677.0
191	223677.0
192	223677.0
193	223677.0
194	223677.0
195	316945.0
196	316945.0
197	316945.0
198	316945.0
199	316945.0
200	428761.0
201	428761.0
202	428761.0
203	428761.0
204	428761.0
205	315646.0
206	315646.0
207	315646.0
208	315646.0
209	315646.0
210	408943.0
211	408943.0
212	408943.0
213	408943.0
214	408943.0
215	428417.0
216	428417.0
217	428417.0
218	428417.0
219	428417.0
220	118643.0
221	118643.0
222	118643.0
223	118643.0
224	118643.0
225	444497.0
226	444497.0
227	444497.0
228	444497.0
229	444497.0
230	378401.0
231	378401.0
232	378401.0
233	378401.0
234	378401.0
235	227697.0
236	227697.0
237	227697.0
238	227697.0
239	227697.0
240	320026.0
241	320026.0
242	320026.0
243	320026.0
244	320026.0
245	23176.0
246	23176.0
247	23176.0
248	23176.0
249	23176.0
