0	235300.0
1	235300.0
2	235300.0
3	235300.0
4	235300.0
5	342808.0
6	342808.0
7	342808.0
8	342808.0
9	342808.0
10	469677.0
11	469677.0
12	469677.0
13	469677.0
14	469677.0
15	98370.0
16	98370.0
17	98370.0
18	98370.0
19	98370.0
20	497669.0
21	497669.0
22	497669.0
23	497669.0
24	497669.0
25	482957.0
26	482957.0
27	482957.0
28	482957.0
29	482957.0
30	163018.0
31	163018.0
32	163018.0
33	163018.0
34	163018.0
35	356740.0
36	356740.0
37	356740.0
38	356740.0
39	356740.0
40	327812.0
41	327812.0
42	327812.0
43	327812.0
44	327812.0
45	264104.0
46	264104.0
47	264104.0
48	264104.0
49	264104.0
50	529030.0
51	529030.0
52	529030.0
53	529030.0
54	529030.0
55	377723.0
56	377723.0
57	377723.0
58	377723.0
59	377723.0
60	197368.0
61	197368.0
62	197368.0
63	197368.0
64	197368.0
65	63080.0
66	63080.0
67	63080.0
68	63080.0
69	63080.0
70	344732.0
71	344732.0
72	344732.0
73	344732.0
74	344732.0
75	143391.0
76	143391.0
77	143391.0
78	143391.0
79	143391.0
80	251558.0
81	251558.0
82	251558.0
83	251558.0
84	251558.0
85	225609.0
86	225609.0
87	225609.0
88	225609.0
89	225609.0
90	428271.0
91	428271.0
92	428271.0
93	428271.0
94	428271.0
95	399228.0
96	399228.0
97	399228.0
98	399228.0
99	399228.0
100	55316.0
101	55316.0
102	55316.0
103	55316.0
104	55316.0
105	265984.0
106	265984.0
107	265984.0
108	265984.0
109	265984.0
110	448497.0
111	448497.0
112	448497.0
113	448497.0
114	448497.0
115	17794.0
116	17794.0
117	17794.0
118	17794.0
119	17794.0
120	430383.0
121	430383.0
122	430383.0
123	430383.0
124	430383.0
125	11067.0
126	11067.0
127	11067.0
128	11067.0
129	11067.0
130	522542.0
131	522542.0
132	522542.0
133	522542.0
134	522542.0
135	483462.0
136	483462.0
137	483462.0
138	483462.0
139	483462.0
140	467140.0
141	467140.0
142	467140.0
143	467140.0
144	467140.0
145	160819.0
146	160819.0
147	160819.0
148	160819.0
149	160819.0
150	230519.0
151	230519.0
152	230519.0
153	230519.0
154	230519.0
155	407284.0
156	407284.0
157	407284.0
158	407284.0
159	407284.0
160	305700.0
161	305700.0
162	305700.0
163	305700.0
164	305700.0
165	371615.0
166	371615.0
167	371615.0
168	371615.0
169	371615.0
170	202872.0
171	202872.0
172	202872.0
173	202872.0
174	202872.0
175	315656.0
176	315656.0
177	315656.0
178	315656.0
179	315656.0
180	273395.0
181	273395.0
182	273395.0
183	273395.0
184	273395.0
185	297055.0
186	297055.0
187	297055.0
188	297055.0
189	297055.0
190	345045.0
191	345045.0
192	345045.0
193	345045.0
194	345045.0
195	380653.0
196	380653.0
197	380653.0
198	380653.0
199	380653.0
200	257539.0
201	257539.0
202	257539.0
203	257539.0
204	257539.0
205	497941.0
206	497941.0
207	497941.0
208	497941.0
209	497941.0
210	1732.0
211	1732.0
212	1732.0
213	1732.0
214	1732.0
215	60908.0
216	60908.0
217	60908.0
218	60908.0
219	60908.0
220	395895.0
221	395895.0
222	395895.0
223	395895.0
224	395895.0
225	172911.0
226	172911.0
227	172911.0
228	172911.0
229	172911.0
230	380473.0
231	380473.0
232	380473.0
233	380473.0
234	380473.0
235	206906.0
236	206906.0
237	206906.0
238	206906.0
239	206906.0
240	440934.0
241	440934.0
242	440934.0
243	440934.0
244	440934.0
245	163245.0
246	163245.0
247	163245.0
248	163245.0
249	163245.0
