0	603545.0
1	603545.0
2	603545.0
3	603545.0
4	603545.0
5	545163.0
6	545163.0
7	545163.0
8	545163.0
9	545163.0
10	303317.0
11	303317.0
12	303317.0
13	303317.0
14	303317.0
15	550590.0
16	550590.0
17	550590.0
18	550590.0
19	550590.0
20	589510.0
21	589510.0
22	589510.0
23	589510.0
24	589510.0
25	233072.0
26	233072.0
27	233072.0
28	233072.0
29	233072.0
30	379319.0
31	379319.0
32	379319.0
33	379319.0
34	379319.0
35	534566.0
36	534566.0
37	534566.0
38	534566.0
39	534566.0
40	429632.0
41	429632.0
42	429632.0
43	429632.0
44	429632.0
45	222238.0
46	222238.0
47	222238.0
48	222238.0
49	222238.0
50	137951.0
51	137951.0
52	137951.0
53	137951.0
54	137951.0
55	631395.0
56	631395.0
57	631395.0
58	631395.0
59	631395.0
60	722966.0
61	722966.0
62	722966.0
63	722966.0
64	722966.0
65	155681.0
66	155681.0
67	155681.0
68	155681.0
69	155681.0
70	458522.0
71	458522.0
72	458522.0
73	458522.0
74	458522.0
75	613150.0
76	613150.0
77	613150.0
78	613150.0
79	613150.0
80	395130.0
81	395130.0
82	395130.0
83	395130.0
84	395130.0
85	175049.0
86	175049.0
87	175049.0
88	175049.0
89	175049.0
90	527008.0
91	527008.0
92	527008.0
93	527008.0
94	527008.0
95	515779.0
96	515779.0
97	515779.0
98	515779.0
99	515779.0
100	7176.0
101	7176.0
102	7176.0
103	7176.0
104	7176.0
105	277532.0
106	277532.0
107	277532.0
108	277532.0
109	277532.0
110	708314.0
111	708314.0
112	708314.0
113	708314.0
114	708314.0
115	63116.0
116	63116.0
117	63116.0
118	63116.0
119	63116.0
120	422992.0
121	422992.0
122	422992.0
123	422992.0
124	422992.0
125	762968.0
126	762968.0
127	762968.0
128	762968.0
129	762968.0
130	12780.0
131	12780.0
132	12780.0
133	12780.0
134	12780.0
135	64089.0
136	64089.0
137	64089.0
138	64089.0
139	64089.0
140	32523.0
141	32523.0
142	32523.0
143	32523.0
144	32523.0
145	535849.0
146	535849.0
147	535849.0
148	535849.0
149	535849.0
150	157755.0
151	157755.0
152	157755.0
153	157755.0
154	157755.0
155	271894.0
156	271894.0
157	271894.0
158	271894.0
159	271894.0
160	57198.0
161	57198.0
162	57198.0
163	57198.0
164	57198.0
165	766779.0
166	766779.0
167	766779.0
168	766779.0
169	766779.0
170	177142.0
171	177142.0
172	177142.0
173	177142.0
174	177142.0
175	775067.0
176	775067.0
177	775067.0
178	775067.0
179	775067.0
180	533326.0
181	533326.0
182	533326.0
183	533326.0
184	533326.0
185	608412.0
186	608412.0
187	608412.0
188	608412.0
189	608412.0
190	547723.0
191	547723.0
192	547723.0
193	547723.0
194	547723.0
195	453049.0
196	453049.0
197	453049.0
198	453049.0
199	453049.0
200	368076.0
201	368076.0
202	368076.0
203	368076.0
204	368076.0
205	614197.0
206	614197.0
207	614197.0
208	614197.0
209	614197.0
210	64447.0
211	64447.0
212	64447.0
213	64447.0
214	64447.0
215	346116.0
216	346116.0
217	346116.0
218	346116.0
219	346116.0
220	94312.0
221	94312.0
222	94312.0
223	94312.0
224	94312.0
225	452310.0
226	452310.0
227	452310.0
228	452310.0
229	452310.0
230	123252.0
231	123252.0
232	123252.0
233	123252.0
234	123252.0
235	717372.0
236	717372.0
237	717372.0
238	717372.0
239	717372.0
240	737633.0
241	737633.0
242	737633.0
243	737633.0
244	737633.0
245	326830.0
246	326830.0
247	326830.0
248	326830.0
249	326830.0
