0	536606.0
1	536606.0
2	536606.0
3	536606.0
4	536606.0
5	476539.0
6	476539.0
7	476539.0
8	476539.0
9	476539.0
10	185527.0
11	185527.0
12	185527.0
13	185527.0
14	185527.0
15	80325.0
16	80325.0
17	80325.0
18	80325.0
19	80325.0
20	258177.0
21	258177.0
22	258177.0
23	258177.0
24	258177.0
25	85044.0
26	85044.0
27	85044.0
28	85044.0
29	85044.0
30	104960.0
31	104960.0
32	104960.0
33	104960.0
34	104960.0
35	505571.0
36	505571.0
37	505571.0
38	505571.0
39	505571.0
40	539276.0
41	539276.0
42	539276.0
43	539276.0
44	539276.0
45	429275.0
46	429275.0
47	429275.0
48	429275.0
49	429275.0
50	192304.0
51	192304.0
52	192304.0
53	192304.0
54	192304.0
55	56443.0
56	56443.0
57	56443.0
58	56443.0
59	56443.0
60	743098.0
61	743098.0
62	743098.0
63	743098.0
64	743098.0
65	65314.0
66	65314.0
67	65314.0
68	65314.0
69	65314.0
70	90267.0
71	90267.0
72	90267.0
73	90267.0
74	90267.0
75	324288.0
76	324288.0
77	324288.0
78	324288.0
79	324288.0
80	608609.0
81	608609.0
82	608609.0
83	608609.0
84	608609.0
85	335572.0
86	335572.0
87	335572.0
88	335572.0
89	335572.0
90	217718.0
91	217718.0
92	217718.0
93	217718.0
94	217718.0
95	348468.0
96	348468.0
97	348468.0
98	348468.0
99	348468.0
100	111934.0
101	111934.0
102	111934.0
103	111934.0
104	111934.0
105	306080.0
106	306080.0
107	306080.0
108	306080.0
109	306080.0
110	604478.0
111	604478.0
112	604478.0
113	604478.0
114	604478.0
115	762176.0
116	762176.0
117	762176.0
118	762176.0
119	762176.0
120	179764.0
121	179764.0
122	179764.0
123	179764.0
124	179764.0
125	428791.0
126	428791.0
127	428791.0
128	428791.0
129	428791.0
130	650921.0
131	650921.0
132	650921.0
133	650921.0
134	650921.0
135	548701.0
136	548701.0
137	548701.0
138	548701.0
139	548701.0
140	559231.0
141	559231.0
142	559231.0
143	559231.0
144	559231.0
145	19554.0
146	19554.0
147	19554.0
148	19554.0
149	19554.0
150	249748.0
151	249748.0
152	249748.0
153	249748.0
154	249748.0
155	349445.0
156	349445.0
157	349445.0
158	349445.0
159	349445.0
160	382573.0
161	382573.0
162	382573.0
163	382573.0
164	382573.0
165	707770.0
166	707770.0
167	707770.0
168	707770.0
169	707770.0
170	732970.0
171	732970.0
172	732970.0
173	732970.0
174	732970.0
175	780457.0
176	780457.0
177	780457.0
178	780457.0
179	780457.0
180	41584.0
181	41584.0
182	41584.0
183	41584.0
184	41584.0
185	712482.0
186	712482.0
187	712482.0
188	712482.0
189	712482.0
190	269795.0
191	269795.0
192	269795.0
193	269795.0
194	269795.0
195	410825.0
196	410825.0
197	410825.0
198	410825.0
199	410825.0
200	207599.0
201	207599.0
202	207599.0
203	207599.0
204	207599.0
205	611381.0
206	611381.0
207	611381.0
208	611381.0
209	611381.0
210	171033.0
211	171033.0
212	171033.0
213	171033.0
214	171033.0
215	292005.0
216	292005.0
217	292005.0
218	292005.0
219	292005.0
220	81553.0
221	81553.0
222	81553.0
223	81553.0
224	81553.0
225	446167.0
226	446167.0
227	446167.0
228	446167.0
229	446167.0
230	256545.0
231	256545.0
232	256545.0
233	256545.0
234	256545.0
235	159481.0
236	159481.0
237	159481.0
238	159481.0
239	159481.0
240	509668.0
241	509668.0
242	509668.0
243	509668.0
244	509668.0
245	686399.0
246	686399.0
247	686399.0
248	686399.0
249	686399.0
