0	324398.0
1	324398.0
2	324398.0
3	324398.0
4	324398.0
5	585186.0
6	585186.0
7	585186.0
8	585186.0
9	585186.0
10	630399.0
11	630399.0
12	630399.0
13	630399.0
14	630399.0
15	762267.0
16	762267.0
17	762267.0
18	762267.0
19	762267.0
20	660398.0
21	660398.0
22	660398.0
23	660398.0
24	660398.0
25	199367.0
26	199367.0
27	199367.0
28	199367.0
29	199367.0
30	339779.0
31	339779.0
32	339779.0
33	339779.0
34	339779.0
35	37949.0
36	37949.0
37	37949.0
38	37949.0
39	37949.0
40	370036.0
41	370036.0
42	370036.0
43	370036.0
44	370036.0
45	725565.0
46	725565.0
47	725565.0
48	725565.0
49	725565.0
50	772204.0
51	772204.0
52	772204.0
53	772204.0
54	772204.0
55	394339.0
56	394339.0
57	394339.0
58	394339.0
59	394339.0
60	157714.0
61	157714.0
62	157714.0
63	157714.0
64	157714.0
65	701401.0
66	701401.0
67	701401.0
68	701401.0
69	701401.0
70	136473.0
71	136473.0
72	136473.0
73	136473.0
74	136473.0
75	322169.0
76	322169.0
77	322169.0
78	322169.0
79	322169.0
80	507893.0
81	507893.0
82	507893.0
83	507893.0
84	507893.0
85	155037.0
86	155037.0
87	155037.0
88	155037.0
89	155037.0
90	419346.0
91	419346.0
92	419346.0
93	419346.0
94	419346.0
95	561107.0
96	561107.0
97	561107.0
98	561107.0
99	561107.0
100	444923.0
101	444923.0
102	444923.0
103	444923.0
104	444923.0
105	463255.0
106	463255.0
107	463255.0
108	463255.0
109	463255.0
110	604230.0
111	604230.0
112	604230.0
113	604230.0
114	604230.0
115	775402.0
116	775402.0
117	775402.0
118	775402.0
119	775402.0
120	151631.0
121	151631.0
122	151631.0
123	151631.0
124	151631.0
125	459907.0
126	459907.0
127	459907.0
128	459907.0
129	459907.0
130	219457.0
131	219457.0
132	219457.0
133	219457.0
134	219457.0
135	586493.0
136	586493.0
137	586493.0
138	586493.0
139	586493.0
140	639314.0
141	639314.0
142	639314.0
143	639314.0
144	639314.0
145	656328.0
146	656328.0
147	656328.0
148	656328.0
149	656328.0
150	345578.0
151	345578.0
152	345578.0
153	345578.0
154	345578.0
155	580093.0
156	580093.0
157	580093.0
158	580093.0
159	580093.0
160	529412.0
161	529412.0
162	529412.0
163	529412.0
164	529412.0
165	586913.0
166	586913.0
167	586913.0
168	586913.0
169	586913.0
170	630740.0
171	630740.0
172	630740.0
173	630740.0
174	630740.0
175	156940.0
176	156940.0
177	156940.0
178	156940.0
179	156940.0
180	24703.0
181	24703.0
182	24703.0
183	24703.0
184	24703.0
185	361415.0
186	361415.0
187	361415.0
188	361415.0
189	361415.0
190	514889.0
191	514889.0
192	514889.0
193	514889.0
194	514889.0
195	756965.0
196	756965.0
197	756965.0
198	756965.0
199	756965.0
200	133323.0
201	133323.0
202	133323.0
203	133323.0
204	133323.0
205	402826.0
206	402826.0
207	402826.0
208	402826.0
209	402826.0
210	555911.0
211	555911.0
212	555911.0
213	555911.0
214	555911.0
215	553990.0
216	553990.0
217	553990.0
218	553990.0
219	553990.0
220	725678.0
221	725678.0
222	725678.0
223	725678.0
224	725678.0
225	274884.0
226	274884.0
227	274884.0
228	274884.0
229	274884.0
230	94295.0
231	94295.0
232	94295.0
233	94295.0
234	94295.0
235	607871.0
236	607871.0
237	607871.0
238	607871.0
239	607871.0
240	158735.0
241	158735.0
242	158735.0
243	158735.0
244	158735.0
245	741813.0
246	741813.0
247	741813.0
248	741813.0
249	741813.0
