0	161722.0
1	161722.0
2	161722.0
3	161722.0
4	161722.0
5	677393.0
6	677393.0
7	677393.0
8	677393.0
9	677393.0
10	570637.0
11	570637.0
12	570637.0
13	570637.0
14	570637.0
15	778047.0
16	778047.0
17	778047.0
18	778047.0
19	778047.0
20	301520.0
21	301520.0
22	301520.0
23	301520.0
24	301520.0
25	672616.0
26	672616.0
27	672616.0
28	672616.0
29	672616.0
30	271207.0
31	271207.0
32	271207.0
33	271207.0
34	271207.0
35	318419.0
36	318419.0
37	318419.0
38	318419.0
39	318419.0
40	541018.0
41	541018.0
42	541018.0
43	541018.0
44	541018.0
45	111706.0
46	111706.0
47	111706.0
48	111706.0
49	111706.0
50	332023.0
51	332023.0
52	332023.0
53	332023.0
54	332023.0
55	98041.0
56	98041.0
57	98041.0
58	98041.0
59	98041.0
60	705844.0
61	705844.0
62	705844.0
63	705844.0
64	705844.0
65	576200.0
66	576200.0
67	576200.0
68	576200.0
69	576200.0
70	664809.0
71	664809.0
72	664809.0
73	664809.0
74	664809.0
75	783335.0
76	783335.0
77	783335.0
78	783335.0
79	783335.0
80	392130.0
81	392130.0
82	392130.0
83	392130.0
84	392130.0
85	593707.0
86	593707.0
87	593707.0
88	593707.0
89	593707.0
90	498478.0
91	498478.0
92	498478.0
93	498478.0
94	498478.0
95	350445.0
96	350445.0
97	350445.0
98	350445.0
99	350445.0
100	781606.0
101	781606.0
102	781606.0
103	781606.0
104	781606.0
105	670846.0
106	670846.0
107	670846.0
108	670846.0
109	670846.0
110	735012.0
111	735012.0
112	735012.0
113	735012.0
114	735012.0
115	52187.0
116	52187.0
117	52187.0
118	52187.0
119	52187.0
120	704421.0
121	704421.0
122	704421.0
123	704421.0
124	704421.0
125	704092.0
126	704092.0
127	704092.0
128	704092.0
129	704092.0
130	135303.0
131	135303.0
132	135303.0
133	135303.0
134	135303.0
135	185686.0
136	185686.0
137	185686.0
138	185686.0
139	185686.0
140	586822.0
141	586822.0
142	586822.0
143	586822.0
144	586822.0
145	471688.0
146	471688.0
147	471688.0
148	471688.0
149	471688.0
150	149986.0
151	149986.0
152	149986.0
153	149986.0
154	149986.0
155	787125.0
156	787125.0
157	787125.0
158	787125.0
159	787125.0
160	468407.0
161	468407.0
162	468407.0
163	468407.0
164	468407.0
165	141831.0
166	141831.0
167	141831.0
168	141831.0
169	141831.0
170	742367.0
171	742367.0
172	742367.0
173	742367.0
174	742367.0
175	658291.0
176	658291.0
177	658291.0
178	658291.0
179	658291.0
180	21870.0
181	21870.0
182	21870.0
183	21870.0
184	21870.0
185	43964.0
186	43964.0
187	43964.0
188	43964.0
189	43964.0
190	458544.0
191	458544.0
192	458544.0
193	458544.0
194	458544.0
195	392048.0
196	392048.0
197	392048.0
198	392048.0
199	392048.0
200	11242.0
201	11242.0
202	11242.0
203	11242.0
204	11242.0
205	612575.0
206	612575.0
207	612575.0
208	612575.0
209	612575.0
210	270689.0
211	270689.0
212	270689.0
213	270689.0
214	270689.0
215	456134.0
216	456134.0
217	456134.0
218	456134.0
219	456134.0
220	313676.0
221	313676.0
222	313676.0
223	313676.0
224	313676.0
225	140963.0
226	140963.0
227	140963.0
228	140963.0
229	140963.0
230	271149.0
231	271149.0
232	271149.0
233	271149.0
234	271149.0
235	99170.0
236	99170.0
237	99170.0
238	99170.0
239	99170.0
240	578100.0
241	578100.0
242	578100.0
243	578100.0
244	578100.0
245	297853.0
246	297853.0
247	297853.0
248	297853.0
249	297853.0
