0	175577.0
1	175577.0
2	175577.0
3	175577.0
4	175577.0
5	36333.0
6	36333.0
7	36333.0
8	36333.0
9	36333.0
10	429124.0
11	429124.0
12	429124.0
13	429124.0
14	429124.0
15	270488.0
16	270488.0
17	270488.0
18	270488.0
19	270488.0
20	273973.0
21	273973.0
22	273973.0
23	273973.0
24	273973.0
25	26961.0
26	26961.0
27	26961.0
28	26961.0
29	26961.0
30	178049.0
31	178049.0
32	178049.0
33	178049.0
34	178049.0
35	345896.0
36	345896.0
37	345896.0
38	345896.0
39	345896.0
40	478925.0
41	478925.0
42	478925.0
43	478925.0
44	478925.0
45	88293.0
46	88293.0
47	88293.0
48	88293.0
49	88293.0
50	593683.0
51	593683.0
52	593683.0
53	593683.0
54	593683.0
55	441471.0
56	441471.0
57	441471.0
58	441471.0
59	441471.0
60	130524.0
61	130524.0
62	130524.0
63	130524.0
64	130524.0
65	251931.0
66	251931.0
67	251931.0
68	251931.0
69	251931.0
70	613528.0
71	613528.0
72	613528.0
73	613528.0
74	613528.0
75	323979.0
76	323979.0
77	323979.0
78	323979.0
79	323979.0
80	23618.0
81	23618.0
82	23618.0
83	23618.0
84	23618.0
85	649589.0
86	649589.0
87	649589.0
88	649589.0
89	649589.0
90	623193.0
91	623193.0
92	623193.0
93	623193.0
94	623193.0
95	182818.0
96	182818.0
97	182818.0
98	182818.0
99	182818.0
100	473421.0
101	473421.0
102	473421.0
103	473421.0
104	473421.0
105	462394.0
106	462394.0
107	462394.0
108	462394.0
109	462394.0
110	335358.0
111	335358.0
112	335358.0
113	335358.0
114	335358.0
115	556411.0
116	556411.0
117	556411.0
118	556411.0
119	556411.0
120	8585.0
121	8585.0
122	8585.0
123	8585.0
124	8585.0
125	566267.0
126	566267.0
127	566267.0
128	566267.0
129	566267.0
130	164443.0
131	164443.0
132	164443.0
133	164443.0
134	164443.0
135	531483.0
136	531483.0
137	531483.0
138	531483.0
139	531483.0
140	428549.0
141	428549.0
142	428549.0
143	428549.0
144	428549.0
145	476541.0
146	476541.0
147	476541.0
148	476541.0
149	476541.0
150	5289.0
151	5289.0
152	5289.0
153	5289.0
154	5289.0
155	357248.0
156	357248.0
157	357248.0
158	357248.0
159	357248.0
160	249505.0
161	249505.0
162	249505.0
163	249505.0
164	249505.0
165	32382.0
166	32382.0
167	32382.0
168	32382.0
169	32382.0
170	191809.0
171	191809.0
172	191809.0
173	191809.0
174	191809.0
175	604550.0
176	604550.0
177	604550.0
178	604550.0
179	604550.0
180	550017.0
181	550017.0
182	550017.0
183	550017.0
184	550017.0
185	470075.0
186	470075.0
187	470075.0
188	470075.0
189	470075.0
190	370457.0
191	370457.0
192	370457.0
193	370457.0
194	370457.0
195	365786.0
196	365786.0
197	365786.0
198	365786.0
199	365786.0
200	164429.0
201	164429.0
202	164429.0
203	164429.0
204	164429.0
205	415008.0
206	415008.0
207	415008.0
208	415008.0
209	415008.0
210	3641.0
211	3641.0
212	3641.0
213	3641.0
214	3641.0
215	107637.0
216	107637.0
217	107637.0
218	107637.0
219	107637.0
220	354736.0
221	354736.0
222	354736.0
223	354736.0
224	354736.0
225	6052.0
226	6052.0
227	6052.0
228	6052.0
229	6052.0
230	168608.0
231	168608.0
232	168608.0
233	168608.0
234	168608.0
235	506762.0
236	506762.0
237	506762.0
238	506762.0
239	506762.0
240	147081.0
241	147081.0
242	147081.0
243	147081.0
244	147081.0
245	597108.0
246	597108.0
247	597108.0
248	597108.0
249	597108.0
