0	502958.0
1	502958.0
2	502958.0
3	502958.0
4	502958.0
5	148553.0
6	148553.0
7	148553.0
8	148553.0
9	148553.0
10	618726.0
11	618726.0
12	618726.0
13	618726.0
14	618726.0
15	110770.0
16	110770.0
17	110770.0
18	110770.0
19	110770.0
20	256568.0
21	256568.0
22	256568.0
23	256568.0
24	256568.0
25	571512.0
26	571512.0
27	571512.0
28	571512.0
29	571512.0
30	636669.0
31	636669.0
32	636669.0
33	636669.0
34	636669.0
35	297655.0
36	297655.0
37	297655.0
38	297655.0
39	297655.0
40	286711.0
41	286711.0
42	286711.0
43	286711.0
44	286711.0
45	244167.0
46	244167.0
47	244167.0
48	244167.0
49	244167.0
50	348417.0
51	348417.0
52	348417.0
53	348417.0
54	348417.0
55	370685.0
56	370685.0
57	370685.0
58	370685.0
59	370685.0
60	455222.0
61	455222.0
62	455222.0
63	455222.0
64	455222.0
65	356708.0
66	356708.0
67	356708.0
68	356708.0
69	356708.0
70	569051.0
71	569051.0
72	569051.0
73	569051.0
74	569051.0
75	311599.0
76	311599.0
77	311599.0
78	311599.0
79	311599.0
80	329212.0
81	329212.0
82	329212.0
83	329212.0
84	329212.0
85	528199.0
86	528199.0
87	528199.0
88	528199.0
89	528199.0
90	395410.0
91	395410.0
92	395410.0
93	395410.0
94	395410.0
95	478697.0
96	478697.0
97	478697.0
98	478697.0
99	478697.0
100	346501.0
101	346501.0
102	346501.0
103	346501.0
104	346501.0
105	67121.0
106	67121.0
107	67121.0
108	67121.0
109	67121.0
110	239261.0
111	239261.0
112	239261.0
113	239261.0
114	239261.0
115	424794.0
116	424794.0
117	424794.0
118	424794.0
119	424794.0
120	128606.0
121	128606.0
122	128606.0
123	128606.0
124	128606.0
125	277981.0
126	277981.0
127	277981.0
128	277981.0
129	277981.0
130	236895.0
131	236895.0
132	236895.0
133	236895.0
134	236895.0
135	253324.0
136	253324.0
137	253324.0
138	253324.0
139	253324.0
140	585160.0
141	585160.0
142	585160.0
143	585160.0
144	585160.0
145	263396.0
146	263396.0
147	263396.0
148	263396.0
149	263396.0
150	574549.0
151	574549.0
152	574549.0
153	574549.0
154	574549.0
155	642344.0
156	642344.0
157	642344.0
158	642344.0
159	642344.0
160	419180.0
161	419180.0
162	419180.0
163	419180.0
164	419180.0
165	135212.0
166	135212.0
167	135212.0
168	135212.0
169	135212.0
170	45452.0
171	45452.0
172	45452.0
173	45452.0
174	45452.0
175	202808.0
176	202808.0
177	202808.0
178	202808.0
179	202808.0
180	183263.0
181	183263.0
182	183263.0
183	183263.0
184	183263.0
185	426235.0
186	426235.0
187	426235.0
188	426235.0
189	426235.0
190	472756.0
191	472756.0
192	472756.0
193	472756.0
194	472756.0
195	550239.0
196	550239.0
197	550239.0
198	550239.0
199	550239.0
200	373526.0
201	373526.0
202	373526.0
203	373526.0
204	373526.0
205	544044.0
206	544044.0
207	544044.0
208	544044.0
209	544044.0
210	32454.0
211	32454.0
212	32454.0
213	32454.0
214	32454.0
215	605827.0
216	605827.0
217	605827.0
218	605827.0
219	605827.0
220	36287.0
221	36287.0
222	36287.0
223	36287.0
224	36287.0
225	240019.0
226	240019.0
227	240019.0
228	240019.0
229	240019.0
230	183281.0
231	183281.0
232	183281.0
233	183281.0
234	183281.0
235	15780.0
236	15780.0
237	15780.0
238	15780.0
239	15780.0
240	206644.0
241	206644.0
242	206644.0
243	206644.0
244	206644.0
245	343137.0
246	343137.0
247	343137.0
248	343137.0
249	343137.0
