0	102830.0
1	102830.0
2	102830.0
3	102830.0
4	102830.0
5	78294.0
6	78294.0
7	78294.0
8	78294.0
9	78294.0
10	189751.0
11	189751.0
12	189751.0
13	189751.0
14	189751.0
15	510265.0
16	510265.0
17	510265.0
18	510265.0
19	510265.0
20	560880.0
21	560880.0
22	560880.0
23	560880.0
24	560880.0
25	208548.0
26	208548.0
27	208548.0
28	208548.0
29	208548.0
30	305496.0
31	305496.0
32	305496.0
33	305496.0
34	305496.0
35	363414.0
36	363414.0
37	363414.0
38	363414.0
39	363414.0
40	318656.0
41	318656.0
42	318656.0
43	318656.0
44	318656.0
45	515192.0
46	515192.0
47	515192.0
48	515192.0
49	515192.0
50	196459.0
51	196459.0
52	196459.0
53	196459.0
54	196459.0
55	443316.0
56	443316.0
57	443316.0
58	443316.0
59	443316.0
60	149375.0
61	149375.0
62	149375.0
63	149375.0
64	149375.0
65	459740.0
66	459740.0
67	459740.0
68	459740.0
69	459740.0
70	335633.0
71	335633.0
72	335633.0
73	335633.0
74	335633.0
75	251714.0
76	251714.0
77	251714.0
78	251714.0
79	251714.0
80	29214.0
81	29214.0
82	29214.0
83	29214.0
84	29214.0
85	91631.0
86	91631.0
87	91631.0
88	91631.0
89	91631.0
90	292313.0
91	292313.0
92	292313.0
93	292313.0
94	292313.0
95	234709.0
96	234709.0
97	234709.0
98	234709.0
99	234709.0
100	144665.0
101	144665.0
102	144665.0
103	144665.0
104	144665.0
105	449496.0
106	449496.0
107	449496.0
108	449496.0
109	449496.0
110	499281.0
111	499281.0
112	499281.0
113	499281.0
114	499281.0
115	494631.0
116	494631.0
117	494631.0
118	494631.0
119	494631.0
120	450598.0
121	450598.0
122	450598.0
123	450598.0
124	450598.0
125	609865.0
126	609865.0
127	609865.0
128	609865.0
129	609865.0
130	385801.0
131	385801.0
132	385801.0
133	385801.0
134	385801.0
135	97056.0
136	97056.0
137	97056.0
138	97056.0
139	97056.0
140	648147.0
141	648147.0
142	648147.0
143	648147.0
144	648147.0
145	478893.0
146	478893.0
147	478893.0
148	478893.0
149	478893.0
150	326851.0
151	326851.0
152	326851.0
153	326851.0
154	326851.0
155	345144.0
156	345144.0
157	345144.0
158	345144.0
159	345144.0
160	645995.0
161	645995.0
162	645995.0
163	645995.0
164	645995.0
165	550733.0
166	550733.0
167	550733.0
168	550733.0
169	550733.0
170	598585.0
171	598585.0
172	598585.0
173	598585.0
174	598585.0
175	13120.0
176	13120.0
177	13120.0
178	13120.0
179	13120.0
180	23730.0
181	23730.0
182	23730.0
183	23730.0
184	23730.0
185	264472.0
186	264472.0
187	264472.0
188	264472.0
189	264472.0
190	105605.0
191	105605.0
192	105605.0
193	105605.0
194	105605.0
195	462831.0
196	462831.0
197	462831.0
198	462831.0
199	462831.0
200	167340.0
201	167340.0
202	167340.0
203	167340.0
204	167340.0
205	144523.0
206	144523.0
207	144523.0
208	144523.0
209	144523.0
210	410042.0
211	410042.0
212	410042.0
213	410042.0
214	410042.0
215	326278.0
216	326278.0
217	326278.0
218	326278.0
219	326278.0
220	552728.0
221	552728.0
222	552728.0
223	552728.0
224	552728.0
225	137600.0
226	137600.0
227	137600.0
228	137600.0
229	137600.0
230	381432.0
231	381432.0
232	381432.0
233	381432.0
234	381432.0
235	153456.0
236	153456.0
237	153456.0
238	153456.0
239	153456.0
240	96550.0
241	96550.0
242	96550.0
243	96550.0
244	96550.0
245	483777.0
246	483777.0
247	483777.0
248	483777.0
249	483777.0
