0	208221.0
1	208221.0
2	208221.0
3	208221.0
4	208221.0
5	201755.0
6	201755.0
7	201755.0
8	201755.0
9	201755.0
10	195863.0
11	195863.0
12	195863.0
13	195863.0
14	195863.0
15	344382.0
16	344382.0
17	344382.0
18	344382.0
19	344382.0
20	336638.0
21	336638.0
22	336638.0
23	336638.0
24	336638.0
25	21066.0
26	21066.0
27	21066.0
28	21066.0
29	21066.0
30	371892.0
31	371892.0
32	371892.0
33	371892.0
34	371892.0
35	50849.0
36	50849.0
37	50849.0
38	50849.0
39	50849.0
40	86224.0
41	86224.0
42	86224.0
43	86224.0
44	86224.0
45	133216.0
46	133216.0
47	133216.0
48	133216.0
49	133216.0
50	370471.0
51	370471.0
52	370471.0
53	370471.0
54	370471.0
55	131033.0
56	131033.0
57	131033.0
58	131033.0
59	131033.0
60	392736.0
61	392736.0
62	392736.0
63	392736.0
64	392736.0
65	251217.0
66	251217.0
67	251217.0
68	251217.0
69	251217.0
70	164615.0
71	164615.0
72	164615.0
73	164615.0
74	164615.0
75	177146.0
76	177146.0
77	177146.0
78	177146.0
79	177146.0
80	232475.0
81	232475.0
82	232475.0
83	232475.0
84	232475.0
85	200866.0
86	200866.0
87	200866.0
88	200866.0
89	200866.0
90	361680.0
91	361680.0
92	361680.0
93	361680.0
94	361680.0
95	369344.0
96	369344.0
97	369344.0
98	369344.0
99	369344.0
100	277511.0
101	277511.0
102	277511.0
103	277511.0
104	277511.0
105	356912.0
106	356912.0
107	356912.0
108	356912.0
109	356912.0
110	341175.0
111	341175.0
112	341175.0
113	341175.0
114	341175.0
115	152472.0
116	152472.0
117	152472.0
118	152472.0
119	152472.0
120	14531.0
121	14531.0
122	14531.0
123	14531.0
124	14531.0
125	39173.0
126	39173.0
127	39173.0
128	39173.0
129	39173.0
130	355536.0
131	355536.0
132	355536.0
133	355536.0
134	355536.0
135	123455.0
136	123455.0
137	123455.0
138	123455.0
139	123455.0
140	212946.0
141	212946.0
142	212946.0
143	212946.0
144	212946.0
145	112633.0
146	112633.0
147	112633.0
148	112633.0
149	112633.0
150	221504.0
151	221504.0
152	221504.0
153	221504.0
154	221504.0
155	62316.0
156	62316.0
157	62316.0
158	62316.0
159	62316.0
160	49308.0
161	49308.0
162	49308.0
163	49308.0
164	49308.0
165	358271.0
166	358271.0
167	358271.0
168	358271.0
169	358271.0
170	124220.0
171	124220.0
172	124220.0
173	124220.0
174	124220.0
175	117883.0
176	117883.0
177	117883.0
178	117883.0
179	117883.0
180	321448.0
181	321448.0
182	321448.0
183	321448.0
184	321448.0
185	9176.0
186	9176.0
187	9176.0
188	9176.0
189	9176.0
190	156769.0
191	156769.0
192	156769.0
193	156769.0
194	156769.0
195	367433.0
196	367433.0
197	367433.0
198	367433.0
199	367433.0
200	87490.0
201	87490.0
202	87490.0
203	87490.0
204	87490.0
205	101841.0
206	101841.0
207	101841.0
208	101841.0
209	101841.0
210	459.0
211	459.0
212	459.0
213	459.0
214	459.0
215	311798.0
216	311798.0
217	311798.0
218	311798.0
219	311798.0
220	299575.0
221	299575.0
222	299575.0
223	299575.0
224	299575.0
225	288498.0
226	288498.0
227	288498.0
228	288498.0
229	288498.0
230	97630.0
231	97630.0
232	97630.0
233	97630.0
234	97630.0
235	376486.0
236	376486.0
237	376486.0
238	376486.0
239	376486.0
240	270195.0
241	270195.0
242	270195.0
243	270195.0
244	270195.0
245	79859.0
246	79859.0
247	79859.0
248	79859.0
249	79859.0
