0	388864.0
1	388864.0
2	388864.0
3	388864.0
4	388864.0
5	288976.0
6	288976.0
7	288976.0
8	288976.0
9	288976.0
10	63946.0
11	63946.0
12	63946.0
13	63946.0
14	63946.0
15	240915.0
16	240915.0
17	240915.0
18	240915.0
19	240915.0
20	23929.0
21	23929.0
22	23929.0
23	23929.0
24	23929.0
25	137850.0
26	137850.0
27	137850.0
28	137850.0
29	137850.0
30	171594.0
31	171594.0
32	171594.0
33	171594.0
34	171594.0
35	24811.0
36	24811.0
37	24811.0
38	24811.0
39	24811.0
40	309230.0
41	309230.0
42	309230.0
43	309230.0
44	309230.0
45	177293.0
46	177293.0
47	177293.0
48	177293.0
49	177293.0
50	98210.0
51	98210.0
52	98210.0
53	98210.0
54	98210.0
55	53261.0
56	53261.0
57	53261.0
58	53261.0
59	53261.0
60	166552.0
61	166552.0
62	166552.0
63	166552.0
64	166552.0
65	247337.0
66	247337.0
67	247337.0
68	247337.0
69	247337.0
70	148.0
71	148.0
72	148.0
73	148.0
74	148.0
75	260754.0
76	260754.0
77	260754.0
78	260754.0
79	260754.0
80	266456.0
81	266456.0
82	266456.0
83	266456.0
84	266456.0
85	149151.0
86	149151.0
87	149151.0
88	149151.0
89	149151.0
90	78052.0
91	78052.0
92	78052.0
93	78052.0
94	78052.0
95	95900.0
96	95900.0
97	95900.0
98	95900.0
99	95900.0
100	279170.0
101	279170.0
102	279170.0
103	279170.0
104	279170.0
105	326666.0
106	326666.0
107	326666.0
108	326666.0
109	326666.0
110	333176.0
111	333176.0
112	333176.0
113	333176.0
114	333176.0
115	21465.0
116	21465.0
117	21465.0
118	21465.0
119	21465.0
120	99145.0
121	99145.0
122	99145.0
123	99145.0
124	99145.0
125	280349.0
126	280349.0
127	280349.0
128	280349.0
129	280349.0
130	92834.0
131	92834.0
132	92834.0
133	92834.0
134	92834.0
135	113653.0
136	113653.0
137	113653.0
138	113653.0
139	113653.0
140	343236.0
141	343236.0
142	343236.0
143	343236.0
144	343236.0
145	18.0
146	18.0
147	18.0
148	18.0
149	18.0
150	213250.0
151	213250.0
152	213250.0
153	213250.0
154	213250.0
155	246155.0
156	246155.0
157	246155.0
158	246155.0
159	246155.0
160	351049.0
161	351049.0
162	351049.0
163	351049.0
164	351049.0
165	15390.0
166	15390.0
167	15390.0
168	15390.0
169	15390.0
170	2067.0
171	2067.0
172	2067.0
173	2067.0
174	2067.0
175	45911.0
176	45911.0
177	45911.0
178	45911.0
179	45911.0
180	218569.0
181	218569.0
182	218569.0
183	218569.0
184	218569.0
185	151466.0
186	151466.0
187	151466.0
188	151466.0
189	151466.0
190	323748.0
191	323748.0
192	323748.0
193	323748.0
194	323748.0
195	162067.0
196	162067.0
197	162067.0
198	162067.0
199	162067.0
200	365631.0
201	365631.0
202	365631.0
203	365631.0
204	365631.0
205	31788.0
206	31788.0
207	31788.0
208	31788.0
209	31788.0
210	112459.0
211	112459.0
212	112459.0
213	112459.0
214	112459.0
215	110591.0
216	110591.0
217	110591.0
218	110591.0
219	110591.0
220	99373.0
221	99373.0
222	99373.0
223	99373.0
224	99373.0
225	370281.0
226	370281.0
227	370281.0
228	370281.0
229	370281.0
230	324567.0
231	324567.0
232	324567.0
233	324567.0
234	324567.0
235	251871.0
236	251871.0
237	251871.0
238	251871.0
239	251871.0
240	342744.0
241	342744.0
242	342744.0
243	342744.0
244	342744.0
245	340271.0
246	340271.0
247	340271.0
248	340271.0
249	340271.0
