0	138819.0
1	138819.0
2	138819.0
3	138819.0
4	138819.0
5	21665.0
6	21665.0
7	21665.0
8	21665.0
9	21665.0
10	336130.0
11	336130.0
12	336130.0
13	336130.0
14	336130.0
15	370528.0
16	370528.0
17	370528.0
18	370528.0
19	370528.0
20	204366.0
21	204366.0
22	204366.0
23	204366.0
24	204366.0
25	183958.0
26	183958.0
27	183958.0
28	183958.0
29	183958.0
30	301289.0
31	301289.0
32	301289.0
33	301289.0
34	301289.0
35	123486.0
36	123486.0
37	123486.0
38	123486.0
39	123486.0
40	33002.0
41	33002.0
42	33002.0
43	33002.0
44	33002.0
45	154651.0
46	154651.0
47	154651.0
48	154651.0
49	154651.0
50	240428.0
51	240428.0
52	240428.0
53	240428.0
54	240428.0
55	230611.0
56	230611.0
57	230611.0
58	230611.0
59	230611.0
60	287481.0
61	287481.0
62	287481.0
63	287481.0
64	287481.0
65	97003.0
66	97003.0
67	97003.0
68	97003.0
69	97003.0
70	348212.0
71	348212.0
72	348212.0
73	348212.0
74	348212.0
75	209069.0
76	209069.0
77	209069.0
78	209069.0
79	209069.0
80	385966.0
81	385966.0
82	385966.0
83	385966.0
84	385966.0
85	53329.0
86	53329.0
87	53329.0
88	53329.0
89	53329.0
90	304195.0
91	304195.0
92	304195.0
93	304195.0
94	304195.0
95	313757.0
96	313757.0
97	313757.0
98	313757.0
99	313757.0
100	238524.0
101	238524.0
102	238524.0
103	238524.0
104	238524.0
105	10217.0
106	10217.0
107	10217.0
108	10217.0
109	10217.0
110	395070.0
111	395070.0
112	395070.0
113	395070.0
114	395070.0
115	102124.0
116	102124.0
117	102124.0
118	102124.0
119	102124.0
120	99497.0
121	99497.0
122	99497.0
123	99497.0
124	99497.0
125	79808.0
126	79808.0
127	79808.0
128	79808.0
129	79808.0
130	172184.0
131	172184.0
132	172184.0
133	172184.0
134	172184.0
135	395972.0
136	395972.0
137	395972.0
138	395972.0
139	395972.0
140	303718.0
141	303718.0
142	303718.0
143	303718.0
144	303718.0
145	163408.0
146	163408.0
147	163408.0
148	163408.0
149	163408.0
150	329980.0
151	329980.0
152	329980.0
153	329980.0
154	329980.0
155	177679.0
156	177679.0
157	177679.0
158	177679.0
159	177679.0
160	313161.0
161	313161.0
162	313161.0
163	313161.0
164	313161.0
165	247633.0
166	247633.0
167	247633.0
168	247633.0
169	247633.0
170	361850.0
171	361850.0
172	361850.0
173	361850.0
174	361850.0
175	133338.0
176	133338.0
177	133338.0
178	133338.0
179	133338.0
180	329444.0
181	329444.0
182	329444.0
183	329444.0
184	329444.0
185	343827.0
186	343827.0
187	343827.0
188	343827.0
189	343827.0
190	111216.0
191	111216.0
192	111216.0
193	111216.0
194	111216.0
195	27380.0
196	27380.0
197	27380.0
198	27380.0
199	27380.0
200	322443.0
201	322443.0
202	322443.0
203	322443.0
204	322443.0
205	369330.0
206	369330.0
207	369330.0
208	369330.0
209	369330.0
210	271674.0
211	271674.0
212	271674.0
213	271674.0
214	271674.0
215	228064.0
216	228064.0
217	228064.0
218	228064.0
219	228064.0
220	49566.0
221	49566.0
222	49566.0
223	49566.0
224	49566.0
225	75459.0
226	75459.0
227	75459.0
228	75459.0
229	75459.0
230	147718.0
231	147718.0
232	147718.0
233	147718.0
234	147718.0
235	45765.0
236	45765.0
237	45765.0
238	45765.0
239	45765.0
240	390123.0
241	390123.0
242	390123.0
243	390123.0
244	390123.0
245	82813.0
246	82813.0
247	82813.0
248	82813.0
249	82813.0
