0	102550.0
1	102550.0
2	102550.0
3	102550.0
4	102550.0
5	386478.0
6	386478.0
7	386478.0
8	386478.0
9	386478.0
10	323591.0
11	323591.0
12	323591.0
13	323591.0
14	323591.0
15	225745.0
16	225745.0
17	225745.0
18	225745.0
19	225745.0
20	197382.0
21	197382.0
22	197382.0
23	197382.0
24	197382.0
25	74539.0
26	74539.0
27	74539.0
28	74539.0
29	74539.0
30	240099.0
31	240099.0
32	240099.0
33	240099.0
34	240099.0
35	46863.0
36	46863.0
37	46863.0
38	46863.0
39	46863.0
40	180341.0
41	180341.0
42	180341.0
43	180341.0
44	180341.0
45	186237.0
46	186237.0
47	186237.0
48	186237.0
49	186237.0
50	89631.0
51	89631.0
52	89631.0
53	89631.0
54	89631.0
55	302750.0
56	302750.0
57	302750.0
58	302750.0
59	302750.0
60	235703.0
61	235703.0
62	235703.0
63	235703.0
64	235703.0
65	52631.0
66	52631.0
67	52631.0
68	52631.0
69	52631.0
70	184014.0
71	184014.0
72	184014.0
73	184014.0
74	184014.0
75	53691.0
76	53691.0
77	53691.0
78	53691.0
79	53691.0
80	389189.0
81	389189.0
82	389189.0
83	389189.0
84	389189.0
85	120556.0
86	120556.0
87	120556.0
88	120556.0
89	120556.0
90	75002.0
91	75002.0
92	75002.0
93	75002.0
94	75002.0
95	300252.0
96	300252.0
97	300252.0
98	300252.0
99	300252.0
100	171337.0
101	171337.0
102	171337.0
103	171337.0
104	171337.0
105	17410.0
106	17410.0
107	17410.0
108	17410.0
109	17410.0
110	80756.0
111	80756.0
112	80756.0
113	80756.0
114	80756.0
115	342606.0
116	342606.0
117	342606.0
118	342606.0
119	342606.0
120	176161.0
121	176161.0
122	176161.0
123	176161.0
124	176161.0
125	75234.0
126	75234.0
127	75234.0
128	75234.0
129	75234.0
130	147250.0
131	147250.0
132	147250.0
133	147250.0
134	147250.0
135	276540.0
136	276540.0
137	276540.0
138	276540.0
139	276540.0
140	191716.0
141	191716.0
142	191716.0
143	191716.0
144	191716.0
145	74900.0
146	74900.0
147	74900.0
148	74900.0
149	74900.0
150	233188.0
151	233188.0
152	233188.0
153	233188.0
154	233188.0
155	209800.0
156	209800.0
157	209800.0
158	209800.0
159	209800.0
160	192455.0
161	192455.0
162	192455.0
163	192455.0
164	192455.0
165	324929.0
166	324929.0
167	324929.0
168	324929.0
169	324929.0
170	261498.0
171	261498.0
172	261498.0
173	261498.0
174	261498.0
175	229841.0
176	229841.0
177	229841.0
178	229841.0
179	229841.0
180	227960.0
181	227960.0
182	227960.0
183	227960.0
184	227960.0
185	6802.0
186	6802.0
187	6802.0
188	6802.0
189	6802.0
190	21078.0
191	21078.0
192	21078.0
193	21078.0
194	21078.0
195	232141.0
196	232141.0
197	232141.0
198	232141.0
199	232141.0
200	393957.0
201	393957.0
202	393957.0
203	393957.0
204	393957.0
205	205067.0
206	205067.0
207	205067.0
208	205067.0
209	205067.0
210	33560.0
211	33560.0
212	33560.0
213	33560.0
214	33560.0
215	183060.0
216	183060.0
217	183060.0
218	183060.0
219	183060.0
220	60733.0
221	60733.0
222	60733.0
223	60733.0
224	60733.0
225	70254.0
226	70254.0
227	70254.0
228	70254.0
229	70254.0
230	303943.0
231	303943.0
232	303943.0
233	303943.0
234	303943.0
235	294678.0
236	294678.0
237	294678.0
238	294678.0
239	294678.0
240	54825.0
241	54825.0
242	54825.0
243	54825.0
244	54825.0
245	146076.0
246	146076.0
247	146076.0
248	146076.0
249	146076.0
