0	379448.0
1	379448.0
2	379448.0
3	379448.0
4	379448.0
5	131033.0
6	131033.0
7	131033.0
8	131033.0
9	131033.0
10	256169.0
11	256169.0
12	256169.0
13	256169.0
14	256169.0
15	90465.0
16	90465.0
17	90465.0
18	90465.0
19	90465.0
20	279739.0
21	279739.0
22	279739.0
23	279739.0
24	279739.0
25	46782.0
26	46782.0
27	46782.0
28	46782.0
29	46782.0
30	315238.0
31	315238.0
32	315238.0
33	315238.0
34	315238.0
35	161943.0
36	161943.0
37	161943.0
38	161943.0
39	161943.0
40	151777.0
41	151777.0
42	151777.0
43	151777.0
44	151777.0
45	178695.0
46	178695.0
47	178695.0
48	178695.0
49	178695.0
50	373097.0
51	373097.0
52	373097.0
53	373097.0
54	373097.0
55	178064.0
56	178064.0
57	178064.0
58	178064.0
59	178064.0
60	244529.0
61	244529.0
62	244529.0
63	244529.0
64	244529.0
65	369406.0
66	369406.0
67	369406.0
68	369406.0
69	369406.0
70	147612.0
71	147612.0
72	147612.0
73	147612.0
74	147612.0
75	243794.0
76	243794.0
77	243794.0
78	243794.0
79	243794.0
80	162800.0
81	162800.0
82	162800.0
83	162800.0
84	162800.0
85	357375.0
86	357375.0
87	357375.0
88	357375.0
89	357375.0
90	324362.0
91	324362.0
92	324362.0
93	324362.0
94	324362.0
95	103761.0
96	103761.0
97	103761.0
98	103761.0
99	103761.0
100	315500.0
101	315500.0
102	315500.0
103	315500.0
104	315500.0
105	225135.0
106	225135.0
107	225135.0
108	225135.0
109	225135.0
110	380215.0
111	380215.0
112	380215.0
113	380215.0
114	380215.0
115	100077.0
116	100077.0
117	100077.0
118	100077.0
119	100077.0
120	178267.0
121	178267.0
122	178267.0
123	178267.0
124	178267.0
125	146975.0
126	146975.0
127	146975.0
128	146975.0
129	146975.0
130	69499.0
131	69499.0
132	69499.0
133	69499.0
134	69499.0
135	324844.0
136	324844.0
137	324844.0
138	324844.0
139	324844.0
140	103950.0
141	103950.0
142	103950.0
143	103950.0
144	103950.0
145	376646.0
146	376646.0
147	376646.0
148	376646.0
149	376646.0
150	235500.0
151	235500.0
152	235500.0
153	235500.0
154	235500.0
155	213535.0
156	213535.0
157	213535.0
158	213535.0
159	213535.0
160	76035.0
161	76035.0
162	76035.0
163	76035.0
164	76035.0
165	16151.0
166	16151.0
167	16151.0
168	16151.0
169	16151.0
170	395994.0
171	395994.0
172	395994.0
173	395994.0
174	395994.0
175	199915.0
176	199915.0
177	199915.0
178	199915.0
179	199915.0
180	260264.0
181	260264.0
182	260264.0
183	260264.0
184	260264.0
185	361480.0
186	361480.0
187	361480.0
188	361480.0
189	361480.0
190	191273.0
191	191273.0
192	191273.0
193	191273.0
194	191273.0
195	242176.0
196	242176.0
197	242176.0
198	242176.0
199	242176.0
200	243635.0
201	243635.0
202	243635.0
203	243635.0
204	243635.0
205	319003.0
206	319003.0
207	319003.0
208	319003.0
209	319003.0
210	283544.0
211	283544.0
212	283544.0
213	283544.0
214	283544.0
215	143245.0
216	143245.0
217	143245.0
218	143245.0
219	143245.0
220	155152.0
221	155152.0
222	155152.0
223	155152.0
224	155152.0
225	146866.0
226	146866.0
227	146866.0
228	146866.0
229	146866.0
230	114106.0
231	114106.0
232	114106.0
233	114106.0
234	114106.0
235	56105.0
236	56105.0
237	56105.0
238	56105.0
239	56105.0
240	198528.0
241	198528.0
242	198528.0
243	198528.0
244	198528.0
245	375950.0
246	375950.0
247	375950.0
248	375950.0
249	375950.0
