0	461403.0
1	461403.0
2	461403.0
3	461403.0
4	461403.0
5	499009.0
6	499009.0
7	499009.0
8	499009.0
9	499009.0
10	426375.0
11	426375.0
12	426375.0
13	426375.0
14	426375.0
15	302348.0
16	302348.0
17	302348.0
18	302348.0
19	302348.0
20	56983.0
21	56983.0
22	56983.0
23	56983.0
24	56983.0
25	169478.0
26	169478.0
27	169478.0
28	169478.0
29	169478.0
30	640408.0
31	640408.0
32	640408.0
33	640408.0
34	640408.0
35	141376.0
36	141376.0
37	141376.0
38	141376.0
39	141376.0
40	624305.0
41	624305.0
42	624305.0
43	624305.0
44	624305.0
45	475163.0
46	475163.0
47	475163.0
48	475163.0
49	475163.0
50	164989.0
51	164989.0
52	164989.0
53	164989.0
54	164989.0
55	501620.0
56	501620.0
57	501620.0
58	501620.0
59	501620.0
60	758832.0
61	758832.0
62	758832.0
63	758832.0
64	758832.0
65	56858.0
66	56858.0
67	56858.0
68	56858.0
69	56858.0
70	283414.0
71	283414.0
72	283414.0
73	283414.0
74	283414.0
75	40382.0
76	40382.0
77	40382.0
78	40382.0
79	40382.0
80	662827.0
81	662827.0
82	662827.0
83	662827.0
84	662827.0
85	526464.0
86	526464.0
87	526464.0
88	526464.0
89	526464.0
90	535348.0
91	535348.0
92	535348.0
93	535348.0
94	535348.0
95	748419.0
96	748419.0
97	748419.0
98	748419.0
99	748419.0
100	639888.0
101	639888.0
102	639888.0
103	639888.0
104	639888.0
105	393104.0
106	393104.0
107	393104.0
108	393104.0
109	393104.0
110	735184.0
111	735184.0
112	735184.0
113	735184.0
114	735184.0
115	66366.0
116	66366.0
117	66366.0
118	66366.0
119	66366.0
120	184350.0
121	184350.0
122	184350.0
123	184350.0
124	184350.0
125	433255.0
126	433255.0
127	433255.0
128	433255.0
129	433255.0
130	219976.0
131	219976.0
132	219976.0
133	219976.0
134	219976.0
135	314695.0
136	314695.0
137	314695.0
138	314695.0
139	314695.0
140	3159.0
141	3159.0
142	3159.0
143	3159.0
144	3159.0
145	102553.0
146	102553.0
147	102553.0
148	102553.0
149	102553.0
150	227358.0
151	227358.0
152	227358.0
153	227358.0
154	227358.0
155	382585.0
156	382585.0
157	382585.0
158	382585.0
159	382585.0
160	479146.0
161	479146.0
162	479146.0
163	479146.0
164	479146.0
165	69126.0
166	69126.0
167	69126.0
168	69126.0
169	69126.0
170	680417.0
171	680417.0
172	680417.0
173	680417.0
174	680417.0
175	351404.0
176	351404.0
177	351404.0
178	351404.0
179	351404.0
180	132763.0
181	132763.0
182	132763.0
183	132763.0
184	132763.0
185	410722.0
186	410722.0
187	410722.0
188	410722.0
189	410722.0
190	220260.0
191	220260.0
192	220260.0
193	220260.0
194	220260.0
195	715115.0
196	715115.0
197	715115.0
198	715115.0
199	715115.0
200	754490.0
201	754490.0
202	754490.0
203	754490.0
204	754490.0
205	332613.0
206	332613.0
207	332613.0
208	332613.0
209	332613.0
210	725488.0
211	725488.0
212	725488.0
213	725488.0
214	725488.0
215	78130.0
216	78130.0
217	78130.0
218	78130.0
219	78130.0
220	278469.0
221	278469.0
222	278469.0
223	278469.0
224	278469.0
225	133072.0
226	133072.0
227	133072.0
228	133072.0
229	133072.0
230	239751.0
231	239751.0
232	239751.0
233	239751.0
234	239751.0
235	121587.0
236	121587.0
237	121587.0
238	121587.0
239	121587.0
240	54895.0
241	54895.0
242	54895.0
243	54895.0
244	54895.0
245	645410.0
246	645410.0
247	645410.0
248	645410.0
249	645410.0
