0	139234.0
1	139234.0
2	139234.0
3	139234.0
4	139234.0
5	233640.0
6	233640.0
7	233640.0
8	233640.0
9	233640.0
10	7699.0
11	7699.0
12	7699.0
13	7699.0
14	7699.0
15	166571.0
16	166571.0
17	166571.0
18	166571.0
19	166571.0
20	365727.0
21	365727.0
22	365727.0
23	365727.0
24	365727.0
25	315252.0
26	315252.0
27	315252.0
28	315252.0
29	315252.0
30	507745.0
31	507745.0
32	507745.0
33	507745.0
34	507745.0
35	165961.0
36	165961.0
37	165961.0
38	165961.0
39	165961.0
40	42711.0
41	42711.0
42	42711.0
43	42711.0
44	42711.0
45	435113.0
46	435113.0
47	435113.0
48	435113.0
49	435113.0
50	146531.0
51	146531.0
52	146531.0
53	146531.0
54	146531.0
55	746202.0
56	746202.0
57	746202.0
58	746202.0
59	746202.0
60	735091.0
61	735091.0
62	735091.0
63	735091.0
64	735091.0
65	86029.0
66	86029.0
67	86029.0
68	86029.0
69	86029.0
70	248139.0
71	248139.0
72	248139.0
73	248139.0
74	248139.0
75	672986.0
76	672986.0
77	672986.0
78	672986.0
79	672986.0
80	491842.0
81	491842.0
82	491842.0
83	491842.0
84	491842.0
85	193405.0
86	193405.0
87	193405.0
88	193405.0
89	193405.0
90	303702.0
91	303702.0
92	303702.0
93	303702.0
94	303702.0
95	503229.0
96	503229.0
97	503229.0
98	503229.0
99	503229.0
100	195137.0
101	195137.0
102	195137.0
103	195137.0
104	195137.0
105	336058.0
106	336058.0
107	336058.0
108	336058.0
109	336058.0
110	457510.0
111	457510.0
112	457510.0
113	457510.0
114	457510.0
115	569104.0
116	569104.0
117	569104.0
118	569104.0
119	569104.0
120	622113.0
121	622113.0
122	622113.0
123	622113.0
124	622113.0
125	359275.0
126	359275.0
127	359275.0
128	359275.0
129	359275.0
130	606858.0
131	606858.0
132	606858.0
133	606858.0
134	606858.0
135	509239.0
136	509239.0
137	509239.0
138	509239.0
139	509239.0
140	715143.0
141	715143.0
142	715143.0
143	715143.0
144	715143.0
145	311040.0
146	311040.0
147	311040.0
148	311040.0
149	311040.0
150	480542.0
151	480542.0
152	480542.0
153	480542.0
154	480542.0
155	278947.0
156	278947.0
157	278947.0
158	278947.0
159	278947.0
160	555390.0
161	555390.0
162	555390.0
163	555390.0
164	555390.0
165	462204.0
166	462204.0
167	462204.0
168	462204.0
169	462204.0
170	626481.0
171	626481.0
172	626481.0
173	626481.0
174	626481.0
175	772994.0
176	772994.0
177	772994.0
178	772994.0
179	772994.0
180	296529.0
181	296529.0
182	296529.0
183	296529.0
184	296529.0
185	350473.0
186	350473.0
187	350473.0
188	350473.0
189	350473.0
190	485264.0
191	485264.0
192	485264.0
193	485264.0
194	485264.0
195	474633.0
196	474633.0
197	474633.0
198	474633.0
199	474633.0
200	565305.0
201	565305.0
202	565305.0
203	565305.0
204	565305.0
205	594197.0
206	594197.0
207	594197.0
208	594197.0
209	594197.0
210	218501.0
211	218501.0
212	218501.0
213	218501.0
214	218501.0
215	239242.0
216	239242.0
217	239242.0
218	239242.0
219	239242.0
220	726732.0
221	726732.0
222	726732.0
223	726732.0
224	726732.0
225	303190.0
226	303190.0
227	303190.0
228	303190.0
229	303190.0
230	348770.0
231	348770.0
232	348770.0
233	348770.0
234	348770.0
235	747711.0
236	747711.0
237	747711.0
238	747711.0
239	747711.0
240	151713.0
241	151713.0
242	151713.0
243	151713.0
244	151713.0
245	14583.0
246	14583.0
247	14583.0
248	14583.0
249	14583.0
