0	493718.0
1	493718.0
2	493718.0
3	493718.0
4	493718.0
5	130533.0
6	130533.0
7	130533.0
8	130533.0
9	130533.0
10	82816.0
11	82816.0
12	82816.0
13	82816.0
14	82816.0
15	106297.0
16	106297.0
17	106297.0
18	106297.0
19	106297.0
20	5484.0
21	5484.0
22	5484.0
23	5484.0
24	5484.0
25	489248.0
26	489248.0
27	489248.0
28	489248.0
29	489248.0
30	475952.0
31	475952.0
32	475952.0
33	475952.0
34	475952.0
35	498634.0
36	498634.0
37	498634.0
38	498634.0
39	498634.0
40	365123.0
41	365123.0
42	365123.0
43	365123.0
44	365123.0
45	406550.0
46	406550.0
47	406550.0
48	406550.0
49	406550.0
50	501056.0
51	501056.0
52	501056.0
53	501056.0
54	501056.0
55	81260.0
56	81260.0
57	81260.0
58	81260.0
59	81260.0
60	366185.0
61	366185.0
62	366185.0
63	366185.0
64	366185.0
65	279735.0
66	279735.0
67	279735.0
68	279735.0
69	279735.0
70	327717.0
71	327717.0
72	327717.0
73	327717.0
74	327717.0
75	587111.0
76	587111.0
77	587111.0
78	587111.0
79	587111.0
80	27700.0
81	27700.0
82	27700.0
83	27700.0
84	27700.0
85	469252.0
86	469252.0
87	469252.0
88	469252.0
89	469252.0
90	231966.0
91	231966.0
92	231966.0
93	231966.0
94	231966.0
95	568498.0
96	568498.0
97	568498.0
98	568498.0
99	568498.0
100	24339.0
101	24339.0
102	24339.0
103	24339.0
104	24339.0
105	269242.0
106	269242.0
107	269242.0
108	269242.0
109	269242.0
110	45721.0
111	45721.0
112	45721.0
113	45721.0
114	45721.0
115	349968.0
116	349968.0
117	349968.0
118	349968.0
119	349968.0
120	393906.0
121	393906.0
122	393906.0
123	393906.0
124	393906.0
125	466000.0
126	466000.0
127	466000.0
128	466000.0
129	466000.0
130	420024.0
131	420024.0
132	420024.0
133	420024.0
134	420024.0
135	52006.0
136	52006.0
137	52006.0
138	52006.0
139	52006.0
140	189341.0
141	189341.0
142	189341.0
143	189341.0
144	189341.0
145	92201.0
146	92201.0
147	92201.0
148	92201.0
149	92201.0
150	35041.0
151	35041.0
152	35041.0
153	35041.0
154	35041.0
155	504253.0
156	504253.0
157	504253.0
158	504253.0
159	504253.0
160	425972.0
161	425972.0
162	425972.0
163	425972.0
164	425972.0
165	439355.0
166	439355.0
167	439355.0
168	439355.0
169	439355.0
170	402606.0
171	402606.0
172	402606.0
173	402606.0
174	402606.0
175	383328.0
176	383328.0
177	383328.0
178	383328.0
179	383328.0
180	412752.0
181	412752.0
182	412752.0
183	412752.0
184	412752.0
185	380315.0
186	380315.0
187	380315.0
188	380315.0
189	380315.0
190	226739.0
191	226739.0
192	226739.0
193	226739.0
194	226739.0
195	30060.0
196	30060.0
197	30060.0
198	30060.0
199	30060.0
200	21061.0
201	21061.0
202	21061.0
203	21061.0
204	21061.0
205	200449.0
206	200449.0
207	200449.0
208	200449.0
209	200449.0
210	78950.0
211	78950.0
212	78950.0
213	78950.0
214	78950.0
215	309837.0
216	309837.0
217	309837.0
218	309837.0
219	309837.0
220	401924.0
221	401924.0
222	401924.0
223	401924.0
224	401924.0
225	577703.0
226	577703.0
227	577703.0
228	577703.0
229	577703.0
230	274667.0
231	274667.0
232	274667.0
233	274667.0
234	274667.0
235	170829.0
236	170829.0
237	170829.0
238	170829.0
239	170829.0
240	67904.0
241	67904.0
242	67904.0
243	67904.0
244	67904.0
245	488206.0
246	488206.0
247	488206.0
248	488206.0
249	488206.0
