0	188788.0
1	188788.0
2	188788.0
3	188788.0
4	188788.0
5	133918.0
6	133918.0
7	133918.0
8	133918.0
9	133918.0
10	621776.0
11	621776.0
12	621776.0
13	621776.0
14	621776.0
15	679006.0
16	679006.0
17	679006.0
18	679006.0
19	679006.0
20	34858.0
21	34858.0
22	34858.0
23	34858.0
24	34858.0
25	41903.0
26	41903.0
27	41903.0
28	41903.0
29	41903.0
30	73852.0
31	73852.0
32	73852.0
33	73852.0
34	73852.0
35	203936.0
36	203936.0
37	203936.0
38	203936.0
39	203936.0
40	776989.0
41	776989.0
42	776989.0
43	776989.0
44	776989.0
45	522890.0
46	522890.0
47	522890.0
48	522890.0
49	522890.0
50	668873.0
51	668873.0
52	668873.0
53	668873.0
54	668873.0
55	487348.0
56	487348.0
57	487348.0
58	487348.0
59	487348.0
60	629200.0
61	629200.0
62	629200.0
63	629200.0
64	629200.0
65	717650.0
66	717650.0
67	717650.0
68	717650.0
69	717650.0
70	243792.0
71	243792.0
72	243792.0
73	243792.0
74	243792.0
75	527546.0
76	527546.0
77	527546.0
78	527546.0
79	527546.0
80	616077.0
81	616077.0
82	616077.0
83	616077.0
84	616077.0
85	123436.0
86	123436.0
87	123436.0
88	123436.0
89	123436.0
90	140961.0
91	140961.0
92	140961.0
93	140961.0
94	140961.0
95	366462.0
96	366462.0
97	366462.0
98	366462.0
99	366462.0
100	223600.0
101	223600.0
102	223600.0
103	223600.0
104	223600.0
105	499387.0
106	499387.0
107	499387.0
108	499387.0
109	499387.0
110	775220.0
111	775220.0
112	775220.0
113	775220.0
114	775220.0
115	431840.0
116	431840.0
117	431840.0
118	431840.0
119	431840.0
120	531290.0
121	531290.0
122	531290.0
123	531290.0
124	531290.0
125	206309.0
126	206309.0
127	206309.0
128	206309.0
129	206309.0
130	294569.0
131	294569.0
132	294569.0
133	294569.0
134	294569.0
135	534584.0
136	534584.0
137	534584.0
138	534584.0
139	534584.0
140	447073.0
141	447073.0
142	447073.0
143	447073.0
144	447073.0
145	338251.0
146	338251.0
147	338251.0
148	338251.0
149	338251.0
150	115779.0
151	115779.0
152	115779.0
153	115779.0
154	115779.0
155	29841.0
156	29841.0
157	29841.0
158	29841.0
159	29841.0
160	671137.0
161	671137.0
162	671137.0
163	671137.0
164	671137.0
165	474048.0
166	474048.0
167	474048.0
168	474048.0
169	474048.0
170	325089.0
171	325089.0
172	325089.0
173	325089.0
174	325089.0
175	565657.0
176	565657.0
177	565657.0
178	565657.0
179	565657.0
180	315186.0
181	315186.0
182	315186.0
183	315186.0
184	315186.0
185	23971.0
186	23971.0
187	23971.0
188	23971.0
189	23971.0
190	789842.0
191	789842.0
192	789842.0
193	789842.0
194	789842.0
195	762181.0
196	762181.0
197	762181.0
198	762181.0
199	762181.0
200	203001.0
201	203001.0
202	203001.0
203	203001.0
204	203001.0
205	811981.0
206	811981.0
207	811981.0
208	811981.0
209	811981.0
210	71411.0
211	71411.0
212	71411.0
213	71411.0
214	71411.0
215	370712.0
216	370712.0
217	370712.0
218	370712.0
219	370712.0
220	603176.0
221	603176.0
222	603176.0
223	603176.0
224	603176.0
225	23195.0
226	23195.0
227	23195.0
228	23195.0
229	23195.0
230	445634.0
231	445634.0
232	445634.0
233	445634.0
234	445634.0
235	123905.0
236	123905.0
237	123905.0
238	123905.0
239	123905.0
240	710818.0
241	710818.0
242	710818.0
243	710818.0
244	710818.0
245	821796.0
246	821796.0
247	821796.0
248	821796.0
249	821796.0
