0	865575.0
1	865575.0
2	865575.0
3	865575.0
4	865575.0
5	305442.0
6	305442.0
7	305442.0
8	305442.0
9	305442.0
10	188819.0
11	188819.0
12	188819.0
13	188819.0
14	188819.0
15	141743.0
16	141743.0
17	141743.0
18	141743.0
19	141743.0
20	650545.0
21	650545.0
22	650545.0
23	650545.0
24	650545.0
25	761094.0
26	761094.0
27	761094.0
28	761094.0
29	761094.0
30	35524.0
31	35524.0
32	35524.0
33	35524.0
34	35524.0
35	229769.0
36	229769.0
37	229769.0
38	229769.0
39	229769.0
40	34405.0
41	34405.0
42	34405.0
43	34405.0
44	34405.0
45	330567.0
46	330567.0
47	330567.0
48	330567.0
49	330567.0
50	552091.0
51	552091.0
52	552091.0
53	552091.0
54	552091.0
55	764895.0
56	764895.0
57	764895.0
58	764895.0
59	764895.0
60	828922.0
61	828922.0
62	828922.0
63	828922.0
64	828922.0
65	323357.0
66	323357.0
67	323357.0
68	323357.0
69	323357.0
70	503930.0
71	503930.0
72	503930.0
73	503930.0
74	503930.0
75	477401.0
76	477401.0
77	477401.0
78	477401.0
79	477401.0
80	554227.0
81	554227.0
82	554227.0
83	554227.0
84	554227.0
85	783454.0
86	783454.0
87	783454.0
88	783454.0
89	783454.0
90	724451.0
91	724451.0
92	724451.0
93	724451.0
94	724451.0
95	700306.0
96	700306.0
97	700306.0
98	700306.0
99	700306.0
100	164988.0
101	164988.0
102	164988.0
103	164988.0
104	164988.0
105	15326.0
106	15326.0
107	15326.0
108	15326.0
109	15326.0
110	313247.0
111	313247.0
112	313247.0
113	313247.0
114	313247.0
115	648922.0
116	648922.0
117	648922.0
118	648922.0
119	648922.0
120	170128.0
121	170128.0
122	170128.0
123	170128.0
124	170128.0
125	374306.0
126	374306.0
127	374306.0
128	374306.0
129	374306.0
130	95252.0
131	95252.0
132	95252.0
133	95252.0
134	95252.0
135	610851.0
136	610851.0
137	610851.0
138	610851.0
139	610851.0
140	522342.0
141	522342.0
142	522342.0
143	522342.0
144	522342.0
145	617902.0
146	617902.0
147	617902.0
148	617902.0
149	617902.0
150	330519.0
151	330519.0
152	330519.0
153	330519.0
154	330519.0
155	577487.0
156	577487.0
157	577487.0
158	577487.0
159	577487.0
160	171235.0
161	171235.0
162	171235.0
163	171235.0
164	171235.0
165	6958.0
166	6958.0
167	6958.0
168	6958.0
169	6958.0
170	354809.0
171	354809.0
172	354809.0
173	354809.0
174	354809.0
175	626557.0
176	626557.0
177	626557.0
178	626557.0
179	626557.0
180	641524.0
181	641524.0
182	641524.0
183	641524.0
184	641524.0
185	484978.0
186	484978.0
187	484978.0
188	484978.0
189	484978.0
190	503079.0
191	503079.0
192	503079.0
193	503079.0
194	503079.0
195	160790.0
196	160790.0
197	160790.0
198	160790.0
199	160790.0
200	602470.0
201	602470.0
202	602470.0
203	602470.0
204	602470.0
205	582952.0
206	582952.0
207	582952.0
208	582952.0
209	582952.0
210	624777.0
211	624777.0
212	624777.0
213	624777.0
214	624777.0
215	156152.0
216	156152.0
217	156152.0
218	156152.0
219	156152.0
220	279470.0
221	279470.0
222	279470.0
223	279470.0
224	279470.0
225	667604.0
226	667604.0
227	667604.0
228	667604.0
229	667604.0
230	700461.0
231	700461.0
232	700461.0
233	700461.0
234	700461.0
235	591542.0
236	591542.0
237	591542.0
238	591542.0
239	591542.0
240	497920.0
241	497920.0
242	497920.0
243	497920.0
244	497920.0
245	744037.0
246	744037.0
247	744037.0
248	744037.0
249	744037.0
