0	744315.0
1	744315.0
2	744315.0
3	744315.0
4	744315.0
5	687937.0
6	687937.0
7	687937.0
8	687937.0
9	687937.0
10	211595.0
11	211595.0
12	211595.0
13	211595.0
14	211595.0
15	404992.0
16	404992.0
17	404992.0
18	404992.0
19	404992.0
20	408574.0
21	408574.0
22	408574.0
23	408574.0
24	408574.0
25	732821.0
26	732821.0
27	732821.0
28	732821.0
29	732821.0
30	420917.0
31	420917.0
32	420917.0
33	420917.0
34	420917.0
35	641096.0
36	641096.0
37	641096.0
38	641096.0
39	641096.0
40	128640.0
41	128640.0
42	128640.0
43	128640.0
44	128640.0
45	405936.0
46	405936.0
47	405936.0
48	405936.0
49	405936.0
50	827333.0
51	827333.0
52	827333.0
53	827333.0
54	827333.0
55	172876.0
56	172876.0
57	172876.0
58	172876.0
59	172876.0
60	242598.0
61	242598.0
62	242598.0
63	242598.0
64	242598.0
65	419198.0
66	419198.0
67	419198.0
68	419198.0
69	419198.0
70	440928.0
71	440928.0
72	440928.0
73	440928.0
74	440928.0
75	352980.0
76	352980.0
77	352980.0
78	352980.0
79	352980.0
80	650113.0
81	650113.0
82	650113.0
83	650113.0
84	650113.0
85	675633.0
86	675633.0
87	675633.0
88	675633.0
89	675633.0
90	215740.0
91	215740.0
92	215740.0
93	215740.0
94	215740.0
95	817233.0
96	817233.0
97	817233.0
98	817233.0
99	817233.0
100	208802.0
101	208802.0
102	208802.0
103	208802.0
104	208802.0
105	494796.0
106	494796.0
107	494796.0
108	494796.0
109	494796.0
110	834494.0
111	834494.0
112	834494.0
113	834494.0
114	834494.0
115	482237.0
116	482237.0
117	482237.0
118	482237.0
119	482237.0
120	407939.0
121	407939.0
122	407939.0
123	407939.0
124	407939.0
125	171236.0
126	171236.0
127	171236.0
128	171236.0
129	171236.0
130	187728.0
131	187728.0
132	187728.0
133	187728.0
134	187728.0
135	605794.0
136	605794.0
137	605794.0
138	605794.0
139	605794.0
140	407823.0
141	407823.0
142	407823.0
143	407823.0
144	407823.0
145	516904.0
146	516904.0
147	516904.0
148	516904.0
149	516904.0
150	604467.0
151	604467.0
152	604467.0
153	604467.0
154	604467.0
155	122564.0
156	122564.0
157	122564.0
158	122564.0
159	122564.0
160	585234.0
161	585234.0
162	585234.0
163	585234.0
164	585234.0
165	379631.0
166	379631.0
167	379631.0
168	379631.0
169	379631.0
170	348474.0
171	348474.0
172	348474.0
173	348474.0
174	348474.0
175	642964.0
176	642964.0
177	642964.0
178	642964.0
179	642964.0
180	230903.0
181	230903.0
182	230903.0
183	230903.0
184	230903.0
185	378393.0
186	378393.0
187	378393.0
188	378393.0
189	378393.0
190	369502.0
191	369502.0
192	369502.0
193	369502.0
194	369502.0
195	21706.0
196	21706.0
197	21706.0
198	21706.0
199	21706.0
200	746952.0
201	746952.0
202	746952.0
203	746952.0
204	746952.0
205	829803.0
206	829803.0
207	829803.0
208	829803.0
209	829803.0
210	659866.0
211	659866.0
212	659866.0
213	659866.0
214	659866.0
215	414552.0
216	414552.0
217	414552.0
218	414552.0
219	414552.0
220	345521.0
221	345521.0
222	345521.0
223	345521.0
224	345521.0
225	503303.0
226	503303.0
227	503303.0
228	503303.0
229	503303.0
230	343845.0
231	343845.0
232	343845.0
233	343845.0
234	343845.0
235	168447.0
236	168447.0
237	168447.0
238	168447.0
239	168447.0
240	158231.0
241	158231.0
242	158231.0
243	158231.0
244	158231.0
245	804822.0
246	804822.0
247	804822.0
248	804822.0
249	804822.0
