0	249580.0
1	249580.0
2	249580.0
3	249580.0
4	249580.0
5	5993.0
6	5993.0
7	5993.0
8	5993.0
9	5993.0
10	21977.0
11	21977.0
12	21977.0
13	21977.0
14	21977.0
15	282756.0
16	282756.0
17	282756.0
18	282756.0
19	282756.0
20	216570.0
21	216570.0
22	216570.0
23	216570.0
24	216570.0
25	444591.0
26	444591.0
27	444591.0
28	444591.0
29	444591.0
30	28502.0
31	28502.0
32	28502.0
33	28502.0
34	28502.0
35	239408.0
36	239408.0
37	239408.0
38	239408.0
39	239408.0
40	272227.0
41	272227.0
42	272227.0
43	272227.0
44	272227.0
45	408718.0
46	408718.0
47	408718.0
48	408718.0
49	408718.0
50	299669.0
51	299669.0
52	299669.0
53	299669.0
54	299669.0
55	413877.0
56	413877.0
57	413877.0
58	413877.0
59	413877.0
60	316850.0
61	316850.0
62	316850.0
63	316850.0
64	316850.0
65	454037.0
66	454037.0
67	454037.0
68	454037.0
69	454037.0
70	104638.0
71	104638.0
72	104638.0
73	104638.0
74	104638.0
75	492822.0
76	492822.0
77	492822.0
78	492822.0
79	492822.0
80	167100.0
81	167100.0
82	167100.0
83	167100.0
84	167100.0
85	227045.0
86	227045.0
87	227045.0
88	227045.0
89	227045.0
90	217657.0
91	217657.0
92	217657.0
93	217657.0
94	217657.0
95	118733.0
96	118733.0
97	118733.0
98	118733.0
99	118733.0
100	299165.0
101	299165.0
102	299165.0
103	299165.0
104	299165.0
105	285821.0
106	285821.0
107	285821.0
108	285821.0
109	285821.0
110	38713.0
111	38713.0
112	38713.0
113	38713.0
114	38713.0
115	67606.0
116	67606.0
117	67606.0
118	67606.0
119	67606.0
120	436284.0
121	436284.0
122	436284.0
123	436284.0
124	436284.0
125	321542.0
126	321542.0
127	321542.0
128	321542.0
129	321542.0
130	69044.0
131	69044.0
132	69044.0
133	69044.0
134	69044.0
135	48544.0
136	48544.0
137	48544.0
138	48544.0
139	48544.0
140	216082.0
141	216082.0
142	216082.0
143	216082.0
144	216082.0
145	446146.0
146	446146.0
147	446146.0
148	446146.0
149	446146.0
150	460964.0
151	460964.0
152	460964.0
153	460964.0
154	460964.0
155	103687.0
156	103687.0
157	103687.0
158	103687.0
159	103687.0
160	159845.0
161	159845.0
162	159845.0
163	159845.0
164	159845.0
165	198785.0
166	198785.0
167	198785.0
168	198785.0
169	198785.0
170	172837.0
171	172837.0
172	172837.0
173	172837.0
174	172837.0
175	58892.0
176	58892.0
177	58892.0
178	58892.0
179	58892.0
180	139841.0
181	139841.0
182	139841.0
183	139841.0
184	139841.0
185	145540.0
186	145540.0
187	145540.0
188	145540.0
189	145540.0
190	135335.0
191	135335.0
192	135335.0
193	135335.0
194	135335.0
195	378033.0
196	378033.0
197	378033.0
198	378033.0
199	378033.0
200	30186.0
201	30186.0
202	30186.0
203	30186.0
204	30186.0
205	1677.0
206	1677.0
207	1677.0
208	1677.0
209	1677.0
210	292431.0
211	292431.0
212	292431.0
213	292431.0
214	292431.0
215	208145.0
216	208145.0
217	208145.0
218	208145.0
219	208145.0
220	344704.0
221	344704.0
222	344704.0
223	344704.0
224	344704.0
225	223546.0
226	223546.0
227	223546.0
228	223546.0
229	223546.0
230	71168.0
231	71168.0
232	71168.0
233	71168.0
234	71168.0
235	29457.0
236	29457.0
237	29457.0
238	29457.0
239	29457.0
240	177820.0
241	177820.0
242	177820.0
243	177820.0
244	177820.0
245	457217.0
246	457217.0
247	457217.0
248	457217.0
249	457217.0
