0	218429.0
1	218429.0
2	218429.0
3	218429.0
4	218429.0
5	316597.0
6	316597.0
7	316597.0
8	316597.0
9	316597.0
10	319577.0
11	319577.0
12	319577.0
13	319577.0
14	319577.0
15	83669.0
16	83669.0
17	83669.0
18	83669.0
19	83669.0
20	299662.0
21	299662.0
22	299662.0
23	299662.0
24	299662.0
25	215583.0
26	215583.0
27	215583.0
28	215583.0
29	215583.0
30	75381.0
31	75381.0
32	75381.0
33	75381.0
34	75381.0
35	4367.0
36	4367.0
37	4367.0
38	4367.0
39	4367.0
40	319291.0
41	319291.0
42	319291.0
43	319291.0
44	319291.0
45	47241.0
46	47241.0
47	47241.0
48	47241.0
49	47241.0
50	118710.0
51	118710.0
52	118710.0
53	118710.0
54	118710.0
55	17794.0
56	17794.0
57	17794.0
58	17794.0
59	17794.0
60	275936.0
61	275936.0
62	275936.0
63	275936.0
64	275936.0
65	291970.0
66	291970.0
67	291970.0
68	291970.0
69	291970.0
70	374827.0
71	374827.0
72	374827.0
73	374827.0
74	374827.0
75	349760.0
76	349760.0
77	349760.0
78	349760.0
79	349760.0
80	306683.0
81	306683.0
82	306683.0
83	306683.0
84	306683.0
85	451168.0
86	451168.0
87	451168.0
88	451168.0
89	451168.0
90	371684.0
91	371684.0
92	371684.0
93	371684.0
94	371684.0
95	403987.0
96	403987.0
97	403987.0
98	403987.0
99	403987.0
100	91205.0
101	91205.0
102	91205.0
103	91205.0
104	91205.0
105	3769.0
106	3769.0
107	3769.0
108	3769.0
109	3769.0
110	16189.0
111	16189.0
112	16189.0
113	16189.0
114	16189.0
115	139932.0
116	139932.0
117	139932.0
118	139932.0
119	139932.0
120	37710.0
121	37710.0
122	37710.0
123	37710.0
124	37710.0
125	22057.0
126	22057.0
127	22057.0
128	22057.0
129	22057.0
130	545.0
131	545.0
132	545.0
133	545.0
134	545.0
135	118303.0
136	118303.0
137	118303.0
138	118303.0
139	118303.0
140	151089.0
141	151089.0
142	151089.0
143	151089.0
144	151089.0
145	471306.0
146	471306.0
147	471306.0
148	471306.0
149	471306.0
150	474755.0
151	474755.0
152	474755.0
153	474755.0
154	474755.0
155	35409.0
156	35409.0
157	35409.0
158	35409.0
159	35409.0
160	7946.0
161	7946.0
162	7946.0
163	7946.0
164	7946.0
165	321127.0
166	321127.0
167	321127.0
168	321127.0
169	321127.0
170	112634.0
171	112634.0
172	112634.0
173	112634.0
174	112634.0
175	187807.0
176	187807.0
177	187807.0
178	187807.0
179	187807.0
180	177518.0
181	177518.0
182	177518.0
183	177518.0
184	177518.0
185	98466.0
186	98466.0
187	98466.0
188	98466.0
189	98466.0
190	359339.0
191	359339.0
192	359339.0
193	359339.0
194	359339.0
195	189407.0
196	189407.0
197	189407.0
198	189407.0
199	189407.0
200	281343.0
201	281343.0
202	281343.0
203	281343.0
204	281343.0
205	51537.0
206	51537.0
207	51537.0
208	51537.0
209	51537.0
210	108047.0
211	108047.0
212	108047.0
213	108047.0
214	108047.0
215	73827.0
216	73827.0
217	73827.0
218	73827.0
219	73827.0
220	386731.0
221	386731.0
222	386731.0
223	386731.0
224	386731.0
225	310042.0
226	310042.0
227	310042.0
228	310042.0
229	310042.0
230	372093.0
231	372093.0
232	372093.0
233	372093.0
234	372093.0
235	385098.0
236	385098.0
237	385098.0
238	385098.0
239	385098.0
240	456264.0
241	456264.0
242	456264.0
243	456264.0
244	456264.0
245	281701.0
246	281701.0
247	281701.0
248	281701.0
249	281701.0
