0	360379.0
1	360379.0
2	360379.0
3	360379.0
4	360379.0
5	112567.0
6	112567.0
7	112567.0
8	112567.0
9	112567.0
10	71179.0
11	71179.0
12	71179.0
13	71179.0
14	71179.0
15	91921.0
16	91921.0
17	91921.0
18	91921.0
19	91921.0
20	453112.0
21	453112.0
22	453112.0
23	453112.0
24	453112.0
25	392498.0
26	392498.0
27	392498.0
28	392498.0
29	392498.0
30	181152.0
31	181152.0
32	181152.0
33	181152.0
34	181152.0
35	335523.0
36	335523.0
37	335523.0
38	335523.0
39	335523.0
40	53961.0
41	53961.0
42	53961.0
43	53961.0
44	53961.0
45	113889.0
46	113889.0
47	113889.0
48	113889.0
49	113889.0
50	438760.0
51	438760.0
52	438760.0
53	438760.0
54	438760.0
55	242114.0
56	242114.0
57	242114.0
58	242114.0
59	242114.0
60	2366.0
61	2366.0
62	2366.0
63	2366.0
64	2366.0
65	209917.0
66	209917.0
67	209917.0
68	209917.0
69	209917.0
70	49254.0
71	49254.0
72	49254.0
73	49254.0
74	49254.0
75	76289.0
76	76289.0
77	76289.0
78	76289.0
79	76289.0
80	39037.0
81	39037.0
82	39037.0
83	39037.0
84	39037.0
85	282316.0
86	282316.0
87	282316.0
88	282316.0
89	282316.0
90	85609.0
91	85609.0
92	85609.0
93	85609.0
94	85609.0
95	477665.0
96	477665.0
97	477665.0
98	477665.0
99	477665.0
100	169528.0
101	169528.0
102	169528.0
103	169528.0
104	169528.0
105	82379.0
106	82379.0
107	82379.0
108	82379.0
109	82379.0
110	453677.0
111	453677.0
112	453677.0
113	453677.0
114	453677.0
115	224575.0
116	224575.0
117	224575.0
118	224575.0
119	224575.0
120	325702.0
121	325702.0
122	325702.0
123	325702.0
124	325702.0
125	456192.0
126	456192.0
127	456192.0
128	456192.0
129	456192.0
130	332416.0
131	332416.0
132	332416.0
133	332416.0
134	332416.0
135	292412.0
136	292412.0
137	292412.0
138	292412.0
139	292412.0
140	188722.0
141	188722.0
142	188722.0
143	188722.0
144	188722.0
145	3035.0
146	3035.0
147	3035.0
148	3035.0
149	3035.0
150	242419.0
151	242419.0
152	242419.0
153	242419.0
154	242419.0
155	330409.0
156	330409.0
157	330409.0
158	330409.0
159	330409.0
160	312589.0
161	312589.0
162	312589.0
163	312589.0
164	312589.0
165	248683.0
166	248683.0
167	248683.0
168	248683.0
169	248683.0
170	56389.0
171	56389.0
172	56389.0
173	56389.0
174	56389.0
175	151134.0
176	151134.0
177	151134.0
178	151134.0
179	151134.0
180	334292.0
181	334292.0
182	334292.0
183	334292.0
184	334292.0
185	97724.0
186	97724.0
187	97724.0
188	97724.0
189	97724.0
190	10405.0
191	10405.0
192	10405.0
193	10405.0
194	10405.0
195	64395.0
196	64395.0
197	64395.0
198	64395.0
199	64395.0
200	194136.0
201	194136.0
202	194136.0
203	194136.0
204	194136.0
205	152990.0
206	152990.0
207	152990.0
208	152990.0
209	152990.0
210	368623.0
211	368623.0
212	368623.0
213	368623.0
214	368623.0
215	357378.0
216	357378.0
217	357378.0
218	357378.0
219	357378.0
220	348209.0
221	348209.0
222	348209.0
223	348209.0
224	348209.0
225	462423.0
226	462423.0
227	462423.0
228	462423.0
229	462423.0
230	290278.0
231	290278.0
232	290278.0
233	290278.0
234	290278.0
235	117760.0
236	117760.0
237	117760.0
238	117760.0
239	117760.0
240	329266.0
241	329266.0
242	329266.0
243	329266.0
244	329266.0
245	279343.0
246	279343.0
247	279343.0
248	279343.0
249	279343.0
