0	469429.0
1	469429.0
2	469429.0
3	469429.0
4	469429.0
5	181825.0
6	181825.0
7	181825.0
8	181825.0
9	181825.0
10	315432.0
11	315432.0
12	315432.0
13	315432.0
14	315432.0
15	216277.0
16	216277.0
17	216277.0
18	216277.0
19	216277.0
20	431175.0
21	431175.0
22	431175.0
23	431175.0
24	431175.0
25	471640.0
26	471640.0
27	471640.0
28	471640.0
29	471640.0
30	395685.0
31	395685.0
32	395685.0
33	395685.0
34	395685.0
35	110552.0
36	110552.0
37	110552.0
38	110552.0
39	110552.0
40	297711.0
41	297711.0
42	297711.0
43	297711.0
44	297711.0
45	336544.0
46	336544.0
47	336544.0
48	336544.0
49	336544.0
50	472655.0
51	472655.0
52	472655.0
53	472655.0
54	472655.0
55	276229.0
56	276229.0
57	276229.0
58	276229.0
59	276229.0
60	256853.0
61	256853.0
62	256853.0
63	256853.0
64	256853.0
65	284008.0
66	284008.0
67	284008.0
68	284008.0
69	284008.0
70	19598.0
71	19598.0
72	19598.0
73	19598.0
74	19598.0
75	109168.0
76	109168.0
77	109168.0
78	109168.0
79	109168.0
80	105852.0
81	105852.0
82	105852.0
83	105852.0
84	105852.0
85	451252.0
86	451252.0
87	451252.0
88	451252.0
89	451252.0
90	161005.0
91	161005.0
92	161005.0
93	161005.0
94	161005.0
95	469073.0
96	469073.0
97	469073.0
98	469073.0
99	469073.0
100	156556.0
101	156556.0
102	156556.0
103	156556.0
104	156556.0
105	125609.0
106	125609.0
107	125609.0
108	125609.0
109	125609.0
110	56222.0
111	56222.0
112	56222.0
113	56222.0
114	56222.0
115	219607.0
116	219607.0
117	219607.0
118	219607.0
119	219607.0
120	468689.0
121	468689.0
122	468689.0
123	468689.0
124	468689.0
125	280155.0
126	280155.0
127	280155.0
128	280155.0
129	280155.0
130	303119.0
131	303119.0
132	303119.0
133	303119.0
134	303119.0
135	48874.0
136	48874.0
137	48874.0
138	48874.0
139	48874.0
140	293593.0
141	293593.0
142	293593.0
143	293593.0
144	293593.0
145	295159.0
146	295159.0
147	295159.0
148	295159.0
149	295159.0
150	129024.0
151	129024.0
152	129024.0
153	129024.0
154	129024.0
155	372417.0
156	372417.0
157	372417.0
158	372417.0
159	372417.0
160	190272.0
161	190272.0
162	190272.0
163	190272.0
164	190272.0
165	8226.0
166	8226.0
167	8226.0
168	8226.0
169	8226.0
170	191248.0
171	191248.0
172	191248.0
173	191248.0
174	191248.0
175	75170.0
176	75170.0
177	75170.0
178	75170.0
179	75170.0
180	115822.0
181	115822.0
182	115822.0
183	115822.0
184	115822.0
185	112059.0
186	112059.0
187	112059.0
188	112059.0
189	112059.0
190	221939.0
191	221939.0
192	221939.0
193	221939.0
194	221939.0
195	178667.0
196	178667.0
197	178667.0
198	178667.0
199	178667.0
200	102960.0
201	102960.0
202	102960.0
203	102960.0
204	102960.0
205	2436.0
206	2436.0
207	2436.0
208	2436.0
209	2436.0
210	427390.0
211	427390.0
212	427390.0
213	427390.0
214	427390.0
215	370246.0
216	370246.0
217	370246.0
218	370246.0
219	370246.0
220	252079.0
221	252079.0
222	252079.0
223	252079.0
224	252079.0
225	427860.0
226	427860.0
227	427860.0
228	427860.0
229	427860.0
230	135262.0
231	135262.0
232	135262.0
233	135262.0
234	135262.0
235	112916.0
236	112916.0
237	112916.0
238	112916.0
239	112916.0
240	111614.0
241	111614.0
242	111614.0
243	111614.0
244	111614.0
245	39986.0
246	39986.0
247	39986.0
248	39986.0
249	39986.0
