0	212850.0
1	212850.0
2	212850.0
3	212850.0
4	212850.0
5	391786.0
6	391786.0
7	391786.0
8	391786.0
9	391786.0
10	62339.0
11	62339.0
12	62339.0
13	62339.0
14	62339.0
15	464775.0
16	464775.0
17	464775.0
18	464775.0
19	464775.0
20	262971.0
21	262971.0
22	262971.0
23	262971.0
24	262971.0
25	308474.0
26	308474.0
27	308474.0
28	308474.0
29	308474.0
30	433338.0
31	433338.0
32	433338.0
33	433338.0
34	433338.0
35	339921.0
36	339921.0
37	339921.0
38	339921.0
39	339921.0
40	84033.0
41	84033.0
42	84033.0
43	84033.0
44	84033.0
45	486251.0
46	486251.0
47	486251.0
48	486251.0
49	486251.0
50	70644.0
51	70644.0
52	70644.0
53	70644.0
54	70644.0
55	20737.0
56	20737.0
57	20737.0
58	20737.0
59	20737.0
60	390808.0
61	390808.0
62	390808.0
63	390808.0
64	390808.0
65	257780.0
66	257780.0
67	257780.0
68	257780.0
69	257780.0
70	466162.0
71	466162.0
72	466162.0
73	466162.0
74	466162.0
75	416650.0
76	416650.0
77	416650.0
78	416650.0
79	416650.0
80	288528.0
81	288528.0
82	288528.0
83	288528.0
84	288528.0
85	248690.0
86	248690.0
87	248690.0
88	248690.0
89	248690.0
90	279559.0
91	279559.0
92	279559.0
93	279559.0
94	279559.0
95	102127.0
96	102127.0
97	102127.0
98	102127.0
99	102127.0
100	268874.0
101	268874.0
102	268874.0
103	268874.0
104	268874.0
105	16893.0
106	16893.0
107	16893.0
108	16893.0
109	16893.0
110	360361.0
111	360361.0
112	360361.0
113	360361.0
114	360361.0
115	159419.0
116	159419.0
117	159419.0
118	159419.0
119	159419.0
120	171946.0
121	171946.0
122	171946.0
123	171946.0
124	171946.0
125	150573.0
126	150573.0
127	150573.0
128	150573.0
129	150573.0
130	463629.0
131	463629.0
132	463629.0
133	463629.0
134	463629.0
135	264647.0
136	264647.0
137	264647.0
138	264647.0
139	264647.0
140	239546.0
141	239546.0
142	239546.0
143	239546.0
144	239546.0
145	113842.0
146	113842.0
147	113842.0
148	113842.0
149	113842.0
150	416549.0
151	416549.0
152	416549.0
153	416549.0
154	416549.0
155	779.0
156	779.0
157	779.0
158	779.0
159	779.0
160	241172.0
161	241172.0
162	241172.0
163	241172.0
164	241172.0
165	92982.0
166	92982.0
167	92982.0
168	92982.0
169	92982.0
170	436594.0
171	436594.0
172	436594.0
173	436594.0
174	436594.0
175	228301.0
176	228301.0
177	228301.0
178	228301.0
179	228301.0
180	303847.0
181	303847.0
182	303847.0
183	303847.0
184	303847.0
185	136339.0
186	136339.0
187	136339.0
188	136339.0
189	136339.0
190	338597.0
191	338597.0
192	338597.0
193	338597.0
194	338597.0
195	119192.0
196	119192.0
197	119192.0
198	119192.0
199	119192.0
200	333557.0
201	333557.0
202	333557.0
203	333557.0
204	333557.0
205	222127.0
206	222127.0
207	222127.0
208	222127.0
209	222127.0
210	154553.0
211	154553.0
212	154553.0
213	154553.0
214	154553.0
215	26624.0
216	26624.0
217	26624.0
218	26624.0
219	26624.0
220	339742.0
221	339742.0
222	339742.0
223	339742.0
224	339742.0
225	145609.0
226	145609.0
227	145609.0
228	145609.0
229	145609.0
230	271158.0
231	271158.0
232	271158.0
233	271158.0
234	271158.0
235	426144.0
236	426144.0
237	426144.0
238	426144.0
239	426144.0
240	435311.0
241	435311.0
242	435311.0
243	435311.0
244	435311.0
245	70187.0
246	70187.0
247	70187.0
248	70187.0
249	70187.0
