0	658824.0
1	658824.0
2	658824.0
3	658824.0
4	658824.0
5	188386.0
6	188386.0
7	188386.0
8	188386.0
9	188386.0
10	129181.0
11	129181.0
12	129181.0
13	129181.0
14	129181.0
15	535120.0
16	535120.0
17	535120.0
18	535120.0
19	535120.0
20	533719.0
21	533719.0
22	533719.0
23	533719.0
24	533719.0
25	79474.0
26	79474.0
27	79474.0
28	79474.0
29	79474.0
30	213429.0
31	213429.0
32	213429.0
33	213429.0
34	213429.0
35	533524.0
36	533524.0
37	533524.0
38	533524.0
39	533524.0
40	337519.0
41	337519.0
42	337519.0
43	337519.0
44	337519.0
45	751537.0
46	751537.0
47	751537.0
48	751537.0
49	751537.0
50	666940.0
51	666940.0
52	666940.0
53	666940.0
54	666940.0
55	671659.0
56	671659.0
57	671659.0
58	671659.0
59	671659.0
60	246910.0
61	246910.0
62	246910.0
63	246910.0
64	246910.0
65	150341.0
66	150341.0
67	150341.0
68	150341.0
69	150341.0
70	571719.0
71	571719.0
72	571719.0
73	571719.0
74	571719.0
75	325466.0
76	325466.0
77	325466.0
78	325466.0
79	325466.0
80	481964.0
81	481964.0
82	481964.0
83	481964.0
84	481964.0
85	96002.0
86	96002.0
87	96002.0
88	96002.0
89	96002.0
90	223755.0
91	223755.0
92	223755.0
93	223755.0
94	223755.0
95	226407.0
96	226407.0
97	226407.0
98	226407.0
99	226407.0
100	350516.0
101	350516.0
102	350516.0
103	350516.0
104	350516.0
105	604633.0
106	604633.0
107	604633.0
108	604633.0
109	604633.0
110	636715.0
111	636715.0
112	636715.0
113	636715.0
114	636715.0
115	651528.0
116	651528.0
117	651528.0
118	651528.0
119	651528.0
120	74768.0
121	74768.0
122	74768.0
123	74768.0
124	74768.0
125	577429.0
126	577429.0
127	577429.0
128	577429.0
129	577429.0
130	702480.0
131	702480.0
132	702480.0
133	702480.0
134	702480.0
135	135082.0
136	135082.0
137	135082.0
138	135082.0
139	135082.0
140	149968.0
141	149968.0
142	149968.0
143	149968.0
144	149968.0
145	560990.0
146	560990.0
147	560990.0
148	560990.0
149	560990.0
150	277409.0
151	277409.0
152	277409.0
153	277409.0
154	277409.0
155	765809.0
156	765809.0
157	765809.0
158	765809.0
159	765809.0
160	266953.0
161	266953.0
162	266953.0
163	266953.0
164	266953.0
165	46162.0
166	46162.0
167	46162.0
168	46162.0
169	46162.0
170	207355.0
171	207355.0
172	207355.0
173	207355.0
174	207355.0
175	657342.0
176	657342.0
177	657342.0
178	657342.0
179	657342.0
180	107120.0
181	107120.0
182	107120.0
183	107120.0
184	107120.0
185	629532.0
186	629532.0
187	629532.0
188	629532.0
189	629532.0
190	600752.0
191	600752.0
192	600752.0
193	600752.0
194	600752.0
195	71664.0
196	71664.0
197	71664.0
198	71664.0
199	71664.0
200	701568.0
201	701568.0
202	701568.0
203	701568.0
204	701568.0
205	72959.0
206	72959.0
207	72959.0
208	72959.0
209	72959.0
210	164786.0
211	164786.0
212	164786.0
213	164786.0
214	164786.0
215	670048.0
216	670048.0
217	670048.0
218	670048.0
219	670048.0
220	463767.0
221	463767.0
222	463767.0
223	463767.0
224	463767.0
225	2413.0
226	2413.0
227	2413.0
228	2413.0
229	2413.0
230	432258.0
231	432258.0
232	432258.0
233	432258.0
234	432258.0
235	145391.0
236	145391.0
237	145391.0
238	145391.0
239	145391.0
240	481689.0
241	481689.0
242	481689.0
243	481689.0
244	481689.0
245	343325.0
246	343325.0
247	343325.0
248	343325.0
249	343325.0
