0	759814.0
1	759814.0
2	759814.0
3	759814.0
4	759814.0
5	385273.0
6	385273.0
7	385273.0
8	385273.0
9	385273.0
10	110746.0
11	110746.0
12	110746.0
13	110746.0
14	110746.0
15	240267.0
16	240267.0
17	240267.0
18	240267.0
19	240267.0
20	588661.0
21	588661.0
22	588661.0
23	588661.0
24	588661.0
25	516615.0
26	516615.0
27	516615.0
28	516615.0
29	516615.0
30	81486.0
31	81486.0
32	81486.0
33	81486.0
34	81486.0
35	724340.0
36	724340.0
37	724340.0
38	724340.0
39	724340.0
40	137594.0
41	137594.0
42	137594.0
43	137594.0
44	137594.0
45	292924.0
46	292924.0
47	292924.0
48	292924.0
49	292924.0
50	167623.0
51	167623.0
52	167623.0
53	167623.0
54	167623.0
55	613293.0
56	613293.0
57	613293.0
58	613293.0
59	613293.0
60	214001.0
61	214001.0
62	214001.0
63	214001.0
64	214001.0
65	481810.0
66	481810.0
67	481810.0
68	481810.0
69	481810.0
70	133970.0
71	133970.0
72	133970.0
73	133970.0
74	133970.0
75	203193.0
76	203193.0
77	203193.0
78	203193.0
79	203193.0
80	297841.0
81	297841.0
82	297841.0
83	297841.0
84	297841.0
85	382232.0
86	382232.0
87	382232.0
88	382232.0
89	382232.0
90	424847.0
91	424847.0
92	424847.0
93	424847.0
94	424847.0
95	653149.0
96	653149.0
97	653149.0
98	653149.0
99	653149.0
100	318187.0
101	318187.0
102	318187.0
103	318187.0
104	318187.0
105	418228.0
106	418228.0
107	418228.0
108	418228.0
109	418228.0
110	598050.0
111	598050.0
112	598050.0
113	598050.0
114	598050.0
115	548167.0
116	548167.0
117	548167.0
118	548167.0
119	548167.0
120	622499.0
121	622499.0
122	622499.0
123	622499.0
124	622499.0
125	157612.0
126	157612.0
127	157612.0
128	157612.0
129	157612.0
130	344641.0
131	344641.0
132	344641.0
133	344641.0
134	344641.0
135	165707.0
136	165707.0
137	165707.0
138	165707.0
139	165707.0
140	28714.0
141	28714.0
142	28714.0
143	28714.0
144	28714.0
145	605314.0
146	605314.0
147	605314.0
148	605314.0
149	605314.0
150	276851.0
151	276851.0
152	276851.0
153	276851.0
154	276851.0
155	519230.0
156	519230.0
157	519230.0
158	519230.0
159	519230.0
160	82376.0
161	82376.0
162	82376.0
163	82376.0
164	82376.0
165	773453.0
166	773453.0
167	773453.0
168	773453.0
169	773453.0
170	117318.0
171	117318.0
172	117318.0
173	117318.0
174	117318.0
175	74546.0
176	74546.0
177	74546.0
178	74546.0
179	74546.0
180	178951.0
181	178951.0
182	178951.0
183	178951.0
184	178951.0
185	358590.0
186	358590.0
187	358590.0
188	358590.0
189	358590.0
190	630114.0
191	630114.0
192	630114.0
193	630114.0
194	630114.0
195	582990.0
196	582990.0
197	582990.0
198	582990.0
199	582990.0
200	166516.0
201	166516.0
202	166516.0
203	166516.0
204	166516.0
205	401701.0
206	401701.0
207	401701.0
208	401701.0
209	401701.0
210	262098.0
211	262098.0
212	262098.0
213	262098.0
214	262098.0
215	2919.0
216	2919.0
217	2919.0
218	2919.0
219	2919.0
220	596357.0
221	596357.0
222	596357.0
223	596357.0
224	596357.0
225	486981.0
226	486981.0
227	486981.0
228	486981.0
229	486981.0
230	354263.0
231	354263.0
232	354263.0
233	354263.0
234	354263.0
235	658542.0
236	658542.0
237	658542.0
238	658542.0
239	658542.0
240	682598.0
241	682598.0
242	682598.0
243	682598.0
244	682598.0
245	762688.0
246	762688.0
247	762688.0
248	762688.0
249	762688.0
