0	731470.0
1	731470.0
2	731470.0
3	731470.0
4	731470.0
5	99318.0
6	99318.0
7	99318.0
8	99318.0
9	99318.0
10	907301.0
11	907301.0
12	907301.0
13	907301.0
14	907301.0
15	19963.0
16	19963.0
17	19963.0
18	19963.0
19	19963.0
20	809543.0
21	809543.0
22	809543.0
23	809543.0
24	809543.0
25	853872.0
26	853872.0
27	853872.0
28	853872.0
29	853872.0
30	31355.0
31	31355.0
32	31355.0
33	31355.0
34	31355.0
35	832030.0
36	832030.0
37	832030.0
38	832030.0
39	832030.0
40	685230.0
41	685230.0
42	685230.0
43	685230.0
44	685230.0
45	868495.0
46	868495.0
47	868495.0
48	868495.0
49	868495.0
50	753936.0
51	753936.0
52	753936.0
53	753936.0
54	753936.0
55	370309.0
56	370309.0
57	370309.0
58	370309.0
59	370309.0
60	677509.0
61	677509.0
62	677509.0
63	677509.0
64	677509.0
65	833176.0
66	833176.0
67	833176.0
68	833176.0
69	833176.0
70	905521.0
71	905521.0
72	905521.0
73	905521.0
74	905521.0
75	441708.0
76	441708.0
77	441708.0
78	441708.0
79	441708.0
80	768424.0
81	768424.0
82	768424.0
83	768424.0
84	768424.0
85	587246.0
86	587246.0
87	587246.0
88	587246.0
89	587246.0
90	706583.0
91	706583.0
92	706583.0
93	706583.0
94	706583.0
95	350606.0
96	350606.0
97	350606.0
98	350606.0
99	350606.0
100	40035.0
101	40035.0
102	40035.0
103	40035.0
104	40035.0
105	199555.0
106	199555.0
107	199555.0
108	199555.0
109	199555.0
110	262703.0
111	262703.0
112	262703.0
113	262703.0
114	262703.0
115	279805.0
116	279805.0
117	279805.0
118	279805.0
119	279805.0
120	2762.0
121	2762.0
122	2762.0
123	2762.0
124	2762.0
125	377363.0
126	377363.0
127	377363.0
128	377363.0
129	377363.0
130	135675.0
131	135675.0
132	135675.0
133	135675.0
134	135675.0
135	681644.0
136	681644.0
137	681644.0
138	681644.0
139	681644.0
140	912556.0
141	912556.0
142	912556.0
143	912556.0
144	912556.0
145	956962.0
146	956962.0
147	956962.0
148	956962.0
149	956962.0
150	669643.0
151	669643.0
152	669643.0
153	669643.0
154	669643.0
155	530873.0
156	530873.0
157	530873.0
158	530873.0
159	530873.0
160	45642.0
161	45642.0
162	45642.0
163	45642.0
164	45642.0
165	505213.0
166	505213.0
167	505213.0
168	505213.0
169	505213.0
170	34052.0
171	34052.0
172	34052.0
173	34052.0
174	34052.0
175	204894.0
176	204894.0
177	204894.0
178	204894.0
179	204894.0
180	316137.0
181	316137.0
182	316137.0
183	316137.0
184	316137.0
185	772179.0
186	772179.0
187	772179.0
188	772179.0
189	772179.0
190	7522.0
191	7522.0
192	7522.0
193	7522.0
194	7522.0
195	339856.0
196	339856.0
197	339856.0
198	339856.0
199	339856.0
200	129932.0
201	129932.0
202	129932.0
203	129932.0
204	129932.0
205	978741.0
206	978741.0
207	978741.0
208	978741.0
209	978741.0
210	741616.0
211	741616.0
212	741616.0
213	741616.0
214	741616.0
215	426296.0
216	426296.0
217	426296.0
218	426296.0
219	426296.0
220	189075.0
221	189075.0
222	189075.0
223	189075.0
224	189075.0
225	930992.0
226	930992.0
227	930992.0
228	930992.0
229	930992.0
230	11023.0
231	11023.0
232	11023.0
233	11023.0
234	11023.0
235	809840.0
236	809840.0
237	809840.0
238	809840.0
239	809840.0
240	201435.0
241	201435.0
242	201435.0
243	201435.0
244	201435.0
245	242510.0
246	242510.0
247	242510.0
248	242510.0
249	242510.0
