0	87906.0
1	87906.0
2	87906.0
3	87906.0
4	87906.0
5	61524.0
6	61524.0
7	61524.0
8	61524.0
9	61524.0
10	25198.0
11	25198.0
12	25198.0
13	25198.0
14	25198.0
15	63197.0
16	63197.0
17	63197.0
18	63197.0
19	63197.0
20	6614.0
21	6614.0
22	6614.0
23	6614.0
24	6614.0
25	113908.0
26	113908.0
27	113908.0
28	113908.0
29	113908.0
30	110865.0
31	110865.0
32	110865.0
33	110865.0
34	110865.0
35	50701.0
36	50701.0
37	50701.0
38	50701.0
39	50701.0
40	94009.0
41	94009.0
42	94009.0
43	94009.0
44	94009.0
45	67333.0
46	67333.0
47	67333.0
48	67333.0
49	67333.0
50	77475.0
51	77475.0
52	77475.0
53	77475.0
54	77475.0
55	31753.0
56	31753.0
57	31753.0
58	31753.0
59	31753.0
60	4535.0
61	4535.0
62	4535.0
63	4535.0
64	4535.0
65	117817.0
66	117817.0
67	117817.0
68	117817.0
69	117817.0
70	108209.0
71	108209.0
72	108209.0
73	108209.0
74	108209.0
75	65948.0
76	65948.0
77	65948.0
78	65948.0
79	65948.0
80	75883.0
81	75883.0
82	75883.0
83	75883.0
84	75883.0
85	11451.0
86	11451.0
87	11451.0
88	11451.0
89	11451.0
90	18508.0
91	18508.0
92	18508.0
93	18508.0
94	18508.0
95	47817.0
96	47817.0
97	47817.0
98	47817.0
99	47817.0
100	118891.0
101	118891.0
102	118891.0
103	118891.0
104	118891.0
105	109761.0
106	109761.0
107	109761.0
108	109761.0
109	109761.0
110	41405.0
111	41405.0
112	41405.0
113	41405.0
114	41405.0
115	73930.0
116	73930.0
117	73930.0
118	73930.0
119	73930.0
120	58243.0
121	58243.0
122	58243.0
123	58243.0
124	58243.0
125	27482.0
126	27482.0
127	27482.0
128	27482.0
129	27482.0
130	58740.0
131	58740.0
132	58740.0
133	58740.0
134	58740.0
135	27431.0
136	27431.0
137	27431.0
138	27431.0
139	27431.0
140	103622.0
141	103622.0
142	103622.0
143	103622.0
144	103622.0
145	3345.0
146	3345.0
147	3345.0
148	3345.0
149	3345.0
150	115657.0
151	115657.0
152	115657.0
153	115657.0
154	115657.0
155	33629.0
156	33629.0
157	33629.0
158	33629.0
159	33629.0
160	79192.0
161	79192.0
162	79192.0
163	79192.0
164	79192.0
165	101197.0
166	101197.0
167	101197.0
168	101197.0
169	101197.0
170	11626.0
171	11626.0
172	11626.0
173	11626.0
174	11626.0
175	99674.0
176	99674.0
177	99674.0
178	99674.0
179	99674.0
180	73154.0
181	73154.0
182	73154.0
183	73154.0
184	73154.0
185	101111.0
186	101111.0
187	101111.0
188	101111.0
189	101111.0
190	25332.0
191	25332.0
192	25332.0
193	25332.0
194	25332.0
195	120339.0
196	120339.0
197	120339.0
198	120339.0
199	120339.0
200	79622.0
201	79622.0
202	79622.0
203	79622.0
204	79622.0
205	6701.0
206	6701.0
207	6701.0
208	6701.0
209	6701.0
210	28036.0
211	28036.0
212	28036.0
213	28036.0
214	28036.0
215	59439.0
216	59439.0
217	59439.0
218	59439.0
219	59439.0
220	28965.0
221	28965.0
222	28965.0
223	28965.0
224	28965.0
225	20806.0
226	20806.0
227	20806.0
228	20806.0
229	20806.0
230	26420.0
231	26420.0
232	26420.0
233	26420.0
234	26420.0
235	62507.0
236	62507.0
237	62507.0
238	62507.0
239	62507.0
240	16403.0
241	16403.0
242	16403.0
243	16403.0
244	16403.0
245	78239.0
246	78239.0
247	78239.0
248	78239.0
249	78239.0
