0	13379.0
1	13379.0
2	13379.0
3	13379.0
4	13379.0
5	80055.0
6	80055.0
7	80055.0
8	80055.0
9	80055.0
10	85705.0
11	85705.0
12	85705.0
13	85705.0
14	85705.0
15	3340.0
16	3340.0
17	3340.0
18	3340.0
19	3340.0
20	43808.0
21	43808.0
22	43808.0
23	43808.0
24	43808.0
25	67302.0
26	67302.0
27	67302.0
28	67302.0
29	67302.0
30	30203.0
31	30203.0
32	30203.0
33	30203.0
34	30203.0
35	9188.0
36	9188.0
37	9188.0
38	9188.0
39	9188.0
40	6776.0
41	6776.0
42	6776.0
43	6776.0
44	6776.0
45	14608.0
46	14608.0
47	14608.0
48	14608.0
49	14608.0
50	3065.0
51	3065.0
52	3065.0
53	3065.0
54	3065.0
55	20587.0
56	20587.0
57	20587.0
58	20587.0
59	20587.0
60	127302.0
61	127302.0
62	127302.0
63	127302.0
64	127302.0
65	116480.0
66	116480.0
67	116480.0
68	116480.0
69	116480.0
70	43268.0
71	43268.0
72	43268.0
73	43268.0
74	43268.0
75	102071.0
76	102071.0
77	102071.0
78	102071.0
79	102071.0
80	98220.0
81	98220.0
82	98220.0
83	98220.0
84	98220.0
85	4378.0
86	4378.0
87	4378.0
88	4378.0
89	4378.0
90	36332.0
91	36332.0
92	36332.0
93	36332.0
94	36332.0
95	25848.0
96	25848.0
97	25848.0
98	25848.0
99	25848.0
100	73768.0
101	73768.0
102	73768.0
103	73768.0
104	73768.0
105	84673.0
106	84673.0
107	84673.0
108	84673.0
109	84673.0
110	77067.0
111	77067.0
112	77067.0
113	77067.0
114	77067.0
115	45576.0
116	45576.0
117	45576.0
118	45576.0
119	45576.0
120	109868.0
121	109868.0
122	109868.0
123	109868.0
124	109868.0
125	89657.0
126	89657.0
127	89657.0
128	89657.0
129	89657.0
130	84850.0
131	84850.0
132	84850.0
133	84850.0
134	84850.0
135	80815.0
136	80815.0
137	80815.0
138	80815.0
139	80815.0
140	126330.0
141	126330.0
142	126330.0
143	126330.0
144	126330.0
145	25450.0
146	25450.0
147	25450.0
148	25450.0
149	25450.0
150	17407.0
151	17407.0
152	17407.0
153	17407.0
154	17407.0
155	53645.0
156	53645.0
157	53645.0
158	53645.0
159	53645.0
160	36107.0
161	36107.0
162	36107.0
163	36107.0
164	36107.0
165	63714.0
166	63714.0
167	63714.0
168	63714.0
169	63714.0
170	53676.0
171	53676.0
172	53676.0
173	53676.0
174	53676.0
175	6249.0
176	6249.0
177	6249.0
178	6249.0
179	6249.0
180	31528.0
181	31528.0
182	31528.0
183	31528.0
184	31528.0
185	89635.0
186	89635.0
187	89635.0
188	89635.0
189	89635.0
190	66154.0
191	66154.0
192	66154.0
193	66154.0
194	66154.0
195	74248.0
196	74248.0
197	74248.0
198	74248.0
199	74248.0
200	125636.0
201	125636.0
202	125636.0
203	125636.0
204	125636.0
205	12609.0
206	12609.0
207	12609.0
208	12609.0
209	12609.0
210	100272.0
211	100272.0
212	100272.0
213	100272.0
214	100272.0
215	110442.0
216	110442.0
217	110442.0
218	110442.0
219	110442.0
220	90518.0
221	90518.0
222	90518.0
223	90518.0
224	90518.0
225	127817.0
226	127817.0
227	127817.0
228	127817.0
229	127817.0
230	23977.0
231	23977.0
232	23977.0
233	23977.0
234	23977.0
235	29405.0
236	29405.0
237	29405.0
238	29405.0
239	29405.0
240	105959.0
241	105959.0
242	105959.0
243	105959.0
244	105959.0
245	78248.0
246	78248.0
247	78248.0
248	78248.0
249	78248.0
