0	80173.0
1	80173.0
2	80173.0
3	80173.0
4	80173.0
5	65685.0
6	65685.0
7	65685.0
8	65685.0
9	65685.0
10	79886.0
11	79886.0
12	79886.0
13	79886.0
14	79886.0
15	47295.0
16	47295.0
17	47295.0
18	47295.0
19	47295.0
20	21812.0
21	21812.0
22	21812.0
23	21812.0
24	21812.0
25	91561.0
26	91561.0
27	91561.0
28	91561.0
29	91561.0
30	112092.0
31	112092.0
32	112092.0
33	112092.0
34	112092.0
35	2500.0
36	2500.0
37	2500.0
38	2500.0
39	2500.0
40	114050.0
41	114050.0
42	114050.0
43	114050.0
44	114050.0
45	99301.0
46	99301.0
47	99301.0
48	99301.0
49	99301.0
50	16483.0
51	16483.0
52	16483.0
53	16483.0
54	16483.0
55	108166.0
56	108166.0
57	108166.0
58	108166.0
59	108166.0
60	37473.0
61	37473.0
62	37473.0
63	37473.0
64	37473.0
65	16442.0
66	16442.0
67	16442.0
68	16442.0
69	16442.0
70	2656.0
71	2656.0
72	2656.0
73	2656.0
74	2656.0
75	34934.0
76	34934.0
77	34934.0
78	34934.0
79	34934.0
80	81630.0
81	81630.0
82	81630.0
83	81630.0
84	81630.0
85	72920.0
86	72920.0
87	72920.0
88	72920.0
89	72920.0
90	4353.0
91	4353.0
92	4353.0
93	4353.0
94	4353.0
95	23667.0
96	23667.0
97	23667.0
98	23667.0
99	23667.0
100	111123.0
101	111123.0
102	111123.0
103	111123.0
104	111123.0
105	67973.0
106	67973.0
107	67973.0
108	67973.0
109	67973.0
110	91257.0
111	91257.0
112	91257.0
113	91257.0
114	91257.0
115	42932.0
116	42932.0
117	42932.0
118	42932.0
119	42932.0
120	106226.0
121	106226.0
122	106226.0
123	106226.0
124	106226.0
125	53351.0
126	53351.0
127	53351.0
128	53351.0
129	53351.0
130	81441.0
131	81441.0
132	81441.0
133	81441.0
134	81441.0
135	97558.0
136	97558.0
137	97558.0
138	97558.0
139	97558.0
140	11694.0
141	11694.0
142	11694.0
143	11694.0
144	11694.0
145	89796.0
146	89796.0
147	89796.0
148	89796.0
149	89796.0
150	27408.0
151	27408.0
152	27408.0
153	27408.0
154	27408.0
155	69740.0
156	69740.0
157	69740.0
158	69740.0
159	69740.0
160	72586.0
161	72586.0
162	72586.0
163	72586.0
164	72586.0
165	38361.0
166	38361.0
167	38361.0
168	38361.0
169	38361.0
170	117018.0
171	117018.0
172	117018.0
173	117018.0
174	117018.0
175	42555.0
176	42555.0
177	42555.0
178	42555.0
179	42555.0
180	46182.0
181	46182.0
182	46182.0
183	46182.0
184	46182.0
185	76808.0
186	76808.0
187	76808.0
188	76808.0
189	76808.0
190	63954.0
191	63954.0
192	63954.0
193	63954.0
194	63954.0
195	85309.0
196	85309.0
197	85309.0
198	85309.0
199	85309.0
200	114587.0
201	114587.0
202	114587.0
203	114587.0
204	114587.0
205	90266.0
206	90266.0
207	90266.0
208	90266.0
209	90266.0
210	61170.0
211	61170.0
212	61170.0
213	61170.0
214	61170.0
215	53360.0
216	53360.0
217	53360.0
218	53360.0
219	53360.0
220	29301.0
221	29301.0
222	29301.0
223	29301.0
224	29301.0
225	3820.0
226	3820.0
227	3820.0
228	3820.0
229	3820.0
230	50686.0
231	50686.0
232	50686.0
233	50686.0
234	50686.0
235	27200.0
236	27200.0
237	27200.0
238	27200.0
239	27200.0
240	51446.0
241	51446.0
242	51446.0
243	51446.0
244	51446.0
245	73734.0
246	73734.0
247	73734.0
248	73734.0
249	73734.0
