0	544969.0
1	544969.0
2	544969.0
3	544969.0
4	544969.0
5	363153.0
6	363153.0
7	363153.0
8	363153.0
9	363153.0
10	142279.0
11	142279.0
12	142279.0
13	142279.0
14	142279.0
15	347331.0
16	347331.0
17	347331.0
18	347331.0
19	347331.0
20	465242.0
21	465242.0
22	465242.0
23	465242.0
24	465242.0
25	541364.0
26	541364.0
27	541364.0
28	541364.0
29	541364.0
30	702879.0
31	702879.0
32	702879.0
33	702879.0
34	702879.0
35	128284.0
36	128284.0
37	128284.0
38	128284.0
39	128284.0
40	413634.0
41	413634.0
42	413634.0
43	413634.0
44	413634.0
45	696088.0
46	696088.0
47	696088.0
48	696088.0
49	696088.0
50	37017.0
51	37017.0
52	37017.0
53	37017.0
54	37017.0
55	517333.0
56	517333.0
57	517333.0
58	517333.0
59	517333.0
60	695227.0
61	695227.0
62	695227.0
63	695227.0
64	695227.0
65	60886.0
66	60886.0
67	60886.0
68	60886.0
69	60886.0
70	541304.0
71	541304.0
72	541304.0
73	541304.0
74	541304.0
75	373098.0
76	373098.0
77	373098.0
78	373098.0
79	373098.0
80	203234.0
81	203234.0
82	203234.0
83	203234.0
84	203234.0
85	49775.0
86	49775.0
87	49775.0
88	49775.0
89	49775.0
90	14144.0
91	14144.0
92	14144.0
93	14144.0
94	14144.0
95	53886.0
96	53886.0
97	53886.0
98	53886.0
99	53886.0
100	531485.0
101	531485.0
102	531485.0
103	531485.0
104	531485.0
105	593438.0
106	593438.0
107	593438.0
108	593438.0
109	593438.0
110	317603.0
111	317603.0
112	317603.0
113	317603.0
114	317603.0
115	901957.0
116	901957.0
117	901957.0
118	901957.0
119	901957.0
120	861512.0
121	861512.0
122	861512.0
123	861512.0
124	861512.0
125	906454.0
126	906454.0
127	906454.0
128	906454.0
129	906454.0
130	594956.0
131	594956.0
132	594956.0
133	594956.0
134	594956.0
135	435454.0
136	435454.0
137	435454.0
138	435454.0
139	435454.0
140	849620.0
141	849620.0
142	849620.0
143	849620.0
144	849620.0
145	96130.0
146	96130.0
147	96130.0
148	96130.0
149	96130.0
150	667845.0
151	667845.0
152	667845.0
153	667845.0
154	667845.0
155	718245.0
156	718245.0
157	718245.0
158	718245.0
159	718245.0
160	170848.0
161	170848.0
162	170848.0
163	170848.0
164	170848.0
165	425109.0
166	425109.0
167	425109.0
168	425109.0
169	425109.0
170	741871.0
171	741871.0
172	741871.0
173	741871.0
174	741871.0
175	478727.0
176	478727.0
177	478727.0
178	478727.0
179	478727.0
180	504878.0
181	504878.0
182	504878.0
183	504878.0
184	504878.0
185	378194.0
186	378194.0
187	378194.0
188	378194.0
189	378194.0
190	18060.0
191	18060.0
192	18060.0
193	18060.0
194	18060.0
195	395112.0
196	395112.0
197	395112.0
198	395112.0
199	395112.0
200	897149.0
201	897149.0
202	897149.0
203	897149.0
204	897149.0
205	93434.0
206	93434.0
207	93434.0
208	93434.0
209	93434.0
210	5120.0
211	5120.0
212	5120.0
213	5120.0
214	5120.0
215	48761.0
216	48761.0
217	48761.0
218	48761.0
219	48761.0
220	789151.0
221	789151.0
222	789151.0
223	789151.0
224	789151.0
225	295363.0
226	295363.0
227	295363.0
228	295363.0
229	295363.0
230	271526.0
231	271526.0
232	271526.0
233	271526.0
234	271526.0
235	706224.0
236	706224.0
237	706224.0
238	706224.0
239	706224.0
240	871776.0
241	871776.0
242	871776.0
243	871776.0
244	871776.0
245	343928.0
246	343928.0
247	343928.0
248	343928.0
249	343928.0
