0	390821.0
1	390821.0
2	390821.0
3	390821.0
4	390821.0
5	815889.0
6	815889.0
7	815889.0
8	815889.0
9	815889.0
10	917563.0
11	917563.0
12	917563.0
13	917563.0
14	917563.0
15	167913.0
16	167913.0
17	167913.0
18	167913.0
19	167913.0
20	442188.0
21	442188.0
22	442188.0
23	442188.0
24	442188.0
25	13816.0
26	13816.0
27	13816.0
28	13816.0
29	13816.0
30	20324.0
31	20324.0
32	20324.0
33	20324.0
34	20324.0
35	886187.0
36	886187.0
37	886187.0
38	886187.0
39	886187.0
40	77372.0
41	77372.0
42	77372.0
43	77372.0
44	77372.0
45	654824.0
46	654824.0
47	654824.0
48	654824.0
49	654824.0
50	800212.0
51	800212.0
52	800212.0
53	800212.0
54	800212.0
55	328150.0
56	328150.0
57	328150.0
58	328150.0
59	328150.0
60	594581.0
61	594581.0
62	594581.0
63	594581.0
64	594581.0
65	297710.0
66	297710.0
67	297710.0
68	297710.0
69	297710.0
70	200356.0
71	200356.0
72	200356.0
73	200356.0
74	200356.0
75	525876.0
76	525876.0
77	525876.0
78	525876.0
79	525876.0
80	794568.0
81	794568.0
82	794568.0
83	794568.0
84	794568.0
85	112623.0
86	112623.0
87	112623.0
88	112623.0
89	112623.0
90	584922.0
91	584922.0
92	584922.0
93	584922.0
94	584922.0
95	262310.0
96	262310.0
97	262310.0
98	262310.0
99	262310.0
100	904543.0
101	904543.0
102	904543.0
103	904543.0
104	904543.0
105	592395.0
106	592395.0
107	592395.0
108	592395.0
109	592395.0
110	909930.0
111	909930.0
112	909930.0
113	909930.0
114	909930.0
115	884201.0
116	884201.0
117	884201.0
118	884201.0
119	884201.0
120	116152.0
121	116152.0
122	116152.0
123	116152.0
124	116152.0
125	185505.0
126	185505.0
127	185505.0
128	185505.0
129	185505.0
130	493865.0
131	493865.0
132	493865.0
133	493865.0
134	493865.0
135	762455.0
136	762455.0
137	762455.0
138	762455.0
139	762455.0
140	501806.0
141	501806.0
142	501806.0
143	501806.0
144	501806.0
145	634514.0
146	634514.0
147	634514.0
148	634514.0
149	634514.0
150	10229.0
151	10229.0
152	10229.0
153	10229.0
154	10229.0
155	783704.0
156	783704.0
157	783704.0
158	783704.0
159	783704.0
160	91524.0
161	91524.0
162	91524.0
163	91524.0
164	91524.0
165	221414.0
166	221414.0
167	221414.0
168	221414.0
169	221414.0
170	689708.0
171	689708.0
172	689708.0
173	689708.0
174	689708.0
175	234362.0
176	234362.0
177	234362.0
178	234362.0
179	234362.0
180	178167.0
181	178167.0
182	178167.0
183	178167.0
184	178167.0
185	158543.0
186	158543.0
187	158543.0
188	158543.0
189	158543.0
190	9851.0
191	9851.0
192	9851.0
193	9851.0
194	9851.0
195	204743.0
196	204743.0
197	204743.0
198	204743.0
199	204743.0
200	387529.0
201	387529.0
202	387529.0
203	387529.0
204	387529.0
205	295810.0
206	295810.0
207	295810.0
208	295810.0
209	295810.0
210	867611.0
211	867611.0
212	867611.0
213	867611.0
214	867611.0
215	73335.0
216	73335.0
217	73335.0
218	73335.0
219	73335.0
220	815427.0
221	815427.0
222	815427.0
223	815427.0
224	815427.0
225	675665.0
226	675665.0
227	675665.0
228	675665.0
229	675665.0
230	568305.0
231	568305.0
232	568305.0
233	568305.0
234	568305.0
235	762210.0
236	762210.0
237	762210.0
238	762210.0
239	762210.0
240	365962.0
241	365962.0
242	365962.0
243	365962.0
244	365962.0
245	637340.0
246	637340.0
247	637340.0
248	637340.0
249	637340.0
