0	552875.0
1	552875.0
2	552875.0
3	552875.0
4	552875.0
5	764295.0
6	764295.0
7	764295.0
8	764295.0
9	764295.0
10	916718.0
11	916718.0
12	916718.0
13	916718.0
14	916718.0
15	12574.0
16	12574.0
17	12574.0
18	12574.0
19	12574.0
20	119692.0
21	119692.0
22	119692.0
23	119692.0
24	119692.0
25	751723.0
26	751723.0
27	751723.0
28	751723.0
29	751723.0
30	32086.0
31	32086.0
32	32086.0
33	32086.0
34	32086.0
35	565706.0
36	565706.0
37	565706.0
38	565706.0
39	565706.0
40	828153.0
41	828153.0
42	828153.0
43	828153.0
44	828153.0
45	317597.0
46	317597.0
47	317597.0
48	317597.0
49	317597.0
50	144128.0
51	144128.0
52	144128.0
53	144128.0
54	144128.0
55	482371.0
56	482371.0
57	482371.0
58	482371.0
59	482371.0
60	583762.0
61	583762.0
62	583762.0
63	583762.0
64	583762.0
65	253269.0
66	253269.0
67	253269.0
68	253269.0
69	253269.0
70	248416.0
71	248416.0
72	248416.0
73	248416.0
74	248416.0
75	475673.0
76	475673.0
77	475673.0
78	475673.0
79	475673.0
80	922584.0
81	922584.0
82	922584.0
83	922584.0
84	922584.0
85	558255.0
86	558255.0
87	558255.0
88	558255.0
89	558255.0
90	438039.0
91	438039.0
92	438039.0
93	438039.0
94	438039.0
95	146299.0
96	146299.0
97	146299.0
98	146299.0
99	146299.0
100	554196.0
101	554196.0
102	554196.0
103	554196.0
104	554196.0
105	192792.0
106	192792.0
107	192792.0
108	192792.0
109	192792.0
110	631145.0
111	631145.0
112	631145.0
113	631145.0
114	631145.0
115	589209.0
116	589209.0
117	589209.0
118	589209.0
119	589209.0
120	436750.0
121	436750.0
122	436750.0
123	436750.0
124	436750.0
125	887435.0
126	887435.0
127	887435.0
128	887435.0
129	887435.0
130	594649.0
131	594649.0
132	594649.0
133	594649.0
134	594649.0
135	761336.0
136	761336.0
137	761336.0
138	761336.0
139	761336.0
140	145053.0
141	145053.0
142	145053.0
143	145053.0
144	145053.0
145	150794.0
146	150794.0
147	150794.0
148	150794.0
149	150794.0
150	303235.0
151	303235.0
152	303235.0
153	303235.0
154	303235.0
155	41678.0
156	41678.0
157	41678.0
158	41678.0
159	41678.0
160	648447.0
161	648447.0
162	648447.0
163	648447.0
164	648447.0
165	91238.0
166	91238.0
167	91238.0
168	91238.0
169	91238.0
170	906735.0
171	906735.0
172	906735.0
173	906735.0
174	906735.0
175	922318.0
176	922318.0
177	922318.0
178	922318.0
179	922318.0
180	400814.0
181	400814.0
182	400814.0
183	400814.0
184	400814.0
185	737014.0
186	737014.0
187	737014.0
188	737014.0
189	737014.0
190	197685.0
191	197685.0
192	197685.0
193	197685.0
194	197685.0
195	694623.0
196	694623.0
197	694623.0
198	694623.0
199	694623.0
200	110335.0
201	110335.0
202	110335.0
203	110335.0
204	110335.0
205	639137.0
206	639137.0
207	639137.0
208	639137.0
209	639137.0
210	202466.0
211	202466.0
212	202466.0
213	202466.0
214	202466.0
215	725221.0
216	725221.0
217	725221.0
218	725221.0
219	725221.0
220	236011.0
221	236011.0
222	236011.0
223	236011.0
224	236011.0
225	736934.0
226	736934.0
227	736934.0
228	736934.0
229	736934.0
230	242349.0
231	242349.0
232	242349.0
233	242349.0
234	242349.0
235	607802.0
236	607802.0
237	607802.0
238	607802.0
239	607802.0
240	559157.0
241	559157.0
242	559157.0
243	559157.0
244	559157.0
245	765438.0
246	765438.0
247	765438.0
248	765438.0
249	765438.0
