0	370996.0
1	370996.0
2	370996.0
3	370996.0
4	370996.0
5	751583.0
6	751583.0
7	751583.0
8	751583.0
9	751583.0
10	8483.0
11	8483.0
12	8483.0
13	8483.0
14	8483.0
15	724306.0
16	724306.0
17	724306.0
18	724306.0
19	724306.0
20	291316.0
21	291316.0
22	291316.0
23	291316.0
24	291316.0
25	170837.0
26	170837.0
27	170837.0
28	170837.0
29	170837.0
30	879904.0
31	879904.0
32	879904.0
33	879904.0
34	879904.0
35	914942.0
36	914942.0
37	914942.0
38	914942.0
39	914942.0
40	455689.0
41	455689.0
42	455689.0
43	455689.0
44	455689.0
45	465014.0
46	465014.0
47	465014.0
48	465014.0
49	465014.0
50	180330.0
51	180330.0
52	180330.0
53	180330.0
54	180330.0
55	126281.0
56	126281.0
57	126281.0
58	126281.0
59	126281.0
60	800549.0
61	800549.0
62	800549.0
63	800549.0
64	800549.0
65	385718.0
66	385718.0
67	385718.0
68	385718.0
69	385718.0
70	860398.0
71	860398.0
72	860398.0
73	860398.0
74	860398.0
75	879564.0
76	879564.0
77	879564.0
78	879564.0
79	879564.0
80	183105.0
81	183105.0
82	183105.0
83	183105.0
84	183105.0
85	274751.0
86	274751.0
87	274751.0
88	274751.0
89	274751.0
90	724829.0
91	724829.0
92	724829.0
93	724829.0
94	724829.0
95	508468.0
96	508468.0
97	508468.0
98	508468.0
99	508468.0
100	316338.0
101	316338.0
102	316338.0
103	316338.0
104	316338.0
105	923165.0
106	923165.0
107	923165.0
108	923165.0
109	923165.0
110	262772.0
111	262772.0
112	262772.0
113	262772.0
114	262772.0
115	615529.0
116	615529.0
117	615529.0
118	615529.0
119	615529.0
120	128185.0
121	128185.0
122	128185.0
123	128185.0
124	128185.0
125	850495.0
126	850495.0
127	850495.0
128	850495.0
129	850495.0
130	330514.0
131	330514.0
132	330514.0
133	330514.0
134	330514.0
135	675080.0
136	675080.0
137	675080.0
138	675080.0
139	675080.0
140	121726.0
141	121726.0
142	121726.0
143	121726.0
144	121726.0
145	120724.0
146	120724.0
147	120724.0
148	120724.0
149	120724.0
150	116482.0
151	116482.0
152	116482.0
153	116482.0
154	116482.0
155	642162.0
156	642162.0
157	642162.0
158	642162.0
159	642162.0
160	857731.0
161	857731.0
162	857731.0
163	857731.0
164	857731.0
165	406326.0
166	406326.0
167	406326.0
168	406326.0
169	406326.0
170	328814.0
171	328814.0
172	328814.0
173	328814.0
174	328814.0
175	34156.0
176	34156.0
177	34156.0
178	34156.0
179	34156.0
180	186626.0
181	186626.0
182	186626.0
183	186626.0
184	186626.0
185	261652.0
186	261652.0
187	261652.0
188	261652.0
189	261652.0
190	485470.0
191	485470.0
192	485470.0
193	485470.0
194	485470.0
195	324020.0
196	324020.0
197	324020.0
198	324020.0
199	324020.0
200	299685.0
201	299685.0
202	299685.0
203	299685.0
204	299685.0
205	894537.0
206	894537.0
207	894537.0
208	894537.0
209	894537.0
210	78516.0
211	78516.0
212	78516.0
213	78516.0
214	78516.0
215	689986.0
216	689986.0
217	689986.0
218	689986.0
219	689986.0
220	448441.0
221	448441.0
222	448441.0
223	448441.0
224	448441.0
225	770434.0
226	770434.0
227	770434.0
228	770434.0
229	770434.0
230	903986.0
231	903986.0
232	903986.0
233	903986.0
234	903986.0
235	535937.0
236	535937.0
237	535937.0
238	535937.0
239	535937.0
240	352847.0
241	352847.0
242	352847.0
243	352847.0
244	352847.0
245	182388.0
246	182388.0
247	182388.0
248	182388.0
249	182388.0
