0	220269.0
1	220269.0
2	220269.0
3	220269.0
4	220269.0
5	105173.0
6	105173.0
7	105173.0
8	105173.0
9	105173.0
10	257901.0
11	257901.0
12	257901.0
13	257901.0
14	257901.0
15	76983.0
16	76983.0
17	76983.0
18	76983.0
19	76983.0
20	252287.0
21	252287.0
22	252287.0
23	252287.0
24	252287.0
25	130014.0
26	130014.0
27	130014.0
28	130014.0
29	130014.0
30	141629.0
31	141629.0
32	141629.0
33	141629.0
34	141629.0
35	239691.0
36	239691.0
37	239691.0
38	239691.0
39	239691.0
40	212257.0
41	212257.0
42	212257.0
43	212257.0
44	212257.0
45	147721.0
46	147721.0
47	147721.0
48	147721.0
49	147721.0
50	242512.0
51	242512.0
52	242512.0
53	242512.0
54	242512.0
55	23115.0
56	23115.0
57	23115.0
58	23115.0
59	23115.0
60	90273.0
61	90273.0
62	90273.0
63	90273.0
64	90273.0
65	71267.0
66	71267.0
67	71267.0
68	71267.0
69	71267.0
70	35466.0
71	35466.0
72	35466.0
73	35466.0
74	35466.0
75	27642.0
76	27642.0
77	27642.0
78	27642.0
79	27642.0
80	28165.0
81	28165.0
82	28165.0
83	28165.0
84	28165.0
85	79790.0
86	79790.0
87	79790.0
88	79790.0
89	79790.0
90	135564.0
91	135564.0
92	135564.0
93	135564.0
94	135564.0
95	3564.0
96	3564.0
97	3564.0
98	3564.0
99	3564.0
100	85952.0
101	85952.0
102	85952.0
103	85952.0
104	85952.0
105	80275.0
106	80275.0
107	80275.0
108	80275.0
109	80275.0
110	8023.0
111	8023.0
112	8023.0
113	8023.0
114	8023.0
115	236657.0
116	236657.0
117	236657.0
118	236657.0
119	236657.0
120	131654.0
121	131654.0
122	131654.0
123	131654.0
124	131654.0
125	214812.0
126	214812.0
127	214812.0
128	214812.0
129	214812.0
130	178742.0
131	178742.0
132	178742.0
133	178742.0
134	178742.0
135	115319.0
136	115319.0
137	115319.0
138	115319.0
139	115319.0
140	118126.0
141	118126.0
142	118126.0
143	118126.0
144	118126.0
145	149606.0
146	149606.0
147	149606.0
148	149606.0
149	149606.0
150	71443.0
151	71443.0
152	71443.0
153	71443.0
154	71443.0
155	101019.0
156	101019.0
157	101019.0
158	101019.0
159	101019.0
160	55758.0
161	55758.0
162	55758.0
163	55758.0
164	55758.0
165	250350.0
166	250350.0
167	250350.0
168	250350.0
169	250350.0
170	29169.0
171	29169.0
172	29169.0
173	29169.0
174	29169.0
175	218230.0
176	218230.0
177	218230.0
178	218230.0
179	218230.0
180	127116.0
181	127116.0
182	127116.0
183	127116.0
184	127116.0
185	74478.0
186	74478.0
187	74478.0
188	74478.0
189	74478.0
190	215495.0
191	215495.0
192	215495.0
193	215495.0
194	215495.0
195	260083.0
196	260083.0
197	260083.0
198	260083.0
199	260083.0
200	260409.0
201	260409.0
202	260409.0
203	260409.0
204	260409.0
205	87263.0
206	87263.0
207	87263.0
208	87263.0
209	87263.0
210	70349.0
211	70349.0
212	70349.0
213	70349.0
214	70349.0
215	86914.0
216	86914.0
217	86914.0
218	86914.0
219	86914.0
220	207427.0
221	207427.0
222	207427.0
223	207427.0
224	207427.0
225	178547.0
226	178547.0
227	178547.0
228	178547.0
229	178547.0
230	238007.0
231	238007.0
232	238007.0
233	238007.0
234	238007.0
235	124377.0
236	124377.0
237	124377.0
238	124377.0
239	124377.0
240	246590.0
241	246590.0
242	246590.0
243	246590.0
244	246590.0
245	186500.0
246	186500.0
247	186500.0
248	186500.0
249	186500.0
