0	245478.0
1	245478.0
2	245478.0
3	245478.0
4	245478.0
5	116871.0
6	116871.0
7	116871.0
8	116871.0
9	116871.0
10	171471.0
11	171471.0
12	171471.0
13	171471.0
14	171471.0
15	238639.0
16	238639.0
17	238639.0
18	238639.0
19	238639.0
20	195176.0
21	195176.0
22	195176.0
23	195176.0
24	195176.0
25	155261.0
26	155261.0
27	155261.0
28	155261.0
29	155261.0
30	149804.0
31	149804.0
32	149804.0
33	149804.0
34	149804.0
35	226949.0
36	226949.0
37	226949.0
38	226949.0
39	226949.0
40	154325.0
41	154325.0
42	154325.0
43	154325.0
44	154325.0
45	174949.0
46	174949.0
47	174949.0
48	174949.0
49	174949.0
50	178133.0
51	178133.0
52	178133.0
53	178133.0
54	178133.0
55	5526.0
56	5526.0
57	5526.0
58	5526.0
59	5526.0
60	89003.0
61	89003.0
62	89003.0
63	89003.0
64	89003.0
65	159144.0
66	159144.0
67	159144.0
68	159144.0
69	159144.0
70	216962.0
71	216962.0
72	216962.0
73	216962.0
74	216962.0
75	44458.0
76	44458.0
77	44458.0
78	44458.0
79	44458.0
80	11123.0
81	11123.0
82	11123.0
83	11123.0
84	11123.0
85	153236.0
86	153236.0
87	153236.0
88	153236.0
89	153236.0
90	187731.0
91	187731.0
92	187731.0
93	187731.0
94	187731.0
95	57066.0
96	57066.0
97	57066.0
98	57066.0
99	57066.0
100	4792.0
101	4792.0
102	4792.0
103	4792.0
104	4792.0
105	178544.0
106	178544.0
107	178544.0
108	178544.0
109	178544.0
110	46912.0
111	46912.0
112	46912.0
113	46912.0
114	46912.0
115	35258.0
116	35258.0
117	35258.0
118	35258.0
119	35258.0
120	180683.0
121	180683.0
122	180683.0
123	180683.0
124	180683.0
125	214388.0
126	214388.0
127	214388.0
128	214388.0
129	214388.0
130	255776.0
131	255776.0
132	255776.0
133	255776.0
134	255776.0
135	174757.0
136	174757.0
137	174757.0
138	174757.0
139	174757.0
140	7408.0
141	7408.0
142	7408.0
143	7408.0
144	7408.0
145	147896.0
146	147896.0
147	147896.0
148	147896.0
149	147896.0
150	267944.0
151	267944.0
152	267944.0
153	267944.0
154	267944.0
155	274488.0
156	274488.0
157	274488.0
158	274488.0
159	274488.0
160	247798.0
161	247798.0
162	247798.0
163	247798.0
164	247798.0
165	2294.0
166	2294.0
167	2294.0
168	2294.0
169	2294.0
170	50085.0
171	50085.0
172	50085.0
173	50085.0
174	50085.0
175	36117.0
176	36117.0
177	36117.0
178	36117.0
179	36117.0
180	139001.0
181	139001.0
182	139001.0
183	139001.0
184	139001.0
185	67479.0
186	67479.0
187	67479.0
188	67479.0
189	67479.0
190	164162.0
191	164162.0
192	164162.0
193	164162.0
194	164162.0
195	71144.0
196	71144.0
197	71144.0
198	71144.0
199	71144.0
200	3247.0
201	3247.0
202	3247.0
203	3247.0
204	3247.0
205	214893.0
206	214893.0
207	214893.0
208	214893.0
209	214893.0
210	174236.0
211	174236.0
212	174236.0
213	174236.0
214	174236.0
215	40737.0
216	40737.0
217	40737.0
218	40737.0
219	40737.0
220	242134.0
221	242134.0
222	242134.0
223	242134.0
224	242134.0
225	117099.0
226	117099.0
227	117099.0
228	117099.0
229	117099.0
230	80761.0
231	80761.0
232	80761.0
233	80761.0
234	80761.0
235	191473.0
236	191473.0
237	191473.0
238	191473.0
239	191473.0
240	35378.0
241	35378.0
242	35378.0
243	35378.0
244	35378.0
245	274317.0
246	274317.0
247	274317.0
248	274317.0
249	274317.0
