0	16309.0
1	16309.0
2	16309.0
3	16309.0
4	16309.0
5	268536.0
6	268536.0
7	268536.0
8	268536.0
9	268536.0
10	87083.0
11	87083.0
12	87083.0
13	87083.0
14	87083.0
15	59537.0
16	59537.0
17	59537.0
18	59537.0
19	59537.0
20	95836.0
21	95836.0
22	95836.0
23	95836.0
24	95836.0
25	239385.0
26	239385.0
27	239385.0
28	239385.0
29	239385.0
30	231786.0
31	231786.0
32	231786.0
33	231786.0
34	231786.0
35	78520.0
36	78520.0
37	78520.0
38	78520.0
39	78520.0
40	206448.0
41	206448.0
42	206448.0
43	206448.0
44	206448.0
45	168701.0
46	168701.0
47	168701.0
48	168701.0
49	168701.0
50	2957.0
51	2957.0
52	2957.0
53	2957.0
54	2957.0
55	274823.0
56	274823.0
57	274823.0
58	274823.0
59	274823.0
60	46792.0
61	46792.0
62	46792.0
63	46792.0
64	46792.0
65	240704.0
66	240704.0
67	240704.0
68	240704.0
69	240704.0
70	183762.0
71	183762.0
72	183762.0
73	183762.0
74	183762.0
75	205438.0
76	205438.0
77	205438.0
78	205438.0
79	205438.0
80	58092.0
81	58092.0
82	58092.0
83	58092.0
84	58092.0
85	251091.0
86	251091.0
87	251091.0
88	251091.0
89	251091.0
90	59881.0
91	59881.0
92	59881.0
93	59881.0
94	59881.0
95	117184.0
96	117184.0
97	117184.0
98	117184.0
99	117184.0
100	202519.0
101	202519.0
102	202519.0
103	202519.0
104	202519.0
105	91207.0
106	91207.0
107	91207.0
108	91207.0
109	91207.0
110	2648.0
111	2648.0
112	2648.0
113	2648.0
114	2648.0
115	213509.0
116	213509.0
117	213509.0
118	213509.0
119	213509.0
120	139690.0
121	139690.0
122	139690.0
123	139690.0
124	139690.0
125	14087.0
126	14087.0
127	14087.0
128	14087.0
129	14087.0
130	249031.0
131	249031.0
132	249031.0
133	249031.0
134	249031.0
135	35229.0
136	35229.0
137	35229.0
138	35229.0
139	35229.0
140	227215.0
141	227215.0
142	227215.0
143	227215.0
144	227215.0
145	214845.0
146	214845.0
147	214845.0
148	214845.0
149	214845.0
150	154848.0
151	154848.0
152	154848.0
153	154848.0
154	154848.0
155	268840.0
156	268840.0
157	268840.0
158	268840.0
159	268840.0
160	163105.0
161	163105.0
162	163105.0
163	163105.0
164	163105.0
165	46119.0
166	46119.0
167	46119.0
168	46119.0
169	46119.0
170	99386.0
171	99386.0
172	99386.0
173	99386.0
174	99386.0
175	70643.0
176	70643.0
177	70643.0
178	70643.0
179	70643.0
180	192098.0
181	192098.0
182	192098.0
183	192098.0
184	192098.0
185	186339.0
186	186339.0
187	186339.0
188	186339.0
189	186339.0
190	4668.0
191	4668.0
192	4668.0
193	4668.0
194	4668.0
195	78455.0
196	78455.0
197	78455.0
198	78455.0
199	78455.0
200	258289.0
201	258289.0
202	258289.0
203	258289.0
204	258289.0
205	132346.0
206	132346.0
207	132346.0
208	132346.0
209	132346.0
210	274485.0
211	274485.0
212	274485.0
213	274485.0
214	274485.0
215	268364.0
216	268364.0
217	268364.0
218	268364.0
219	268364.0
220	54500.0
221	54500.0
222	54500.0
223	54500.0
224	54500.0
225	15721.0
226	15721.0
227	15721.0
228	15721.0
229	15721.0
230	194394.0
231	194394.0
232	194394.0
233	194394.0
234	194394.0
235	179668.0
236	179668.0
237	179668.0
238	179668.0
239	179668.0
240	96811.0
241	96811.0
242	96811.0
243	96811.0
244	96811.0
245	61325.0
246	61325.0
247	61325.0
248	61325.0
249	61325.0
