0	190885.0
1	190885.0
2	190885.0
3	190885.0
4	190885.0
5	273741.0
6	273741.0
7	273741.0
8	273741.0
9	273741.0
10	117952.0
11	117952.0
12	117952.0
13	117952.0
14	117952.0
15	210262.0
16	210262.0
17	210262.0
18	210262.0
19	210262.0
20	137554.0
21	137554.0
22	137554.0
23	137554.0
24	137554.0
25	269273.0
26	269273.0
27	269273.0
28	269273.0
29	269273.0
30	228462.0
31	228462.0
32	228462.0
33	228462.0
34	228462.0
35	252048.0
36	252048.0
37	252048.0
38	252048.0
39	252048.0
40	99070.0
41	99070.0
42	99070.0
43	99070.0
44	99070.0
45	211696.0
46	211696.0
47	211696.0
48	211696.0
49	211696.0
50	193554.0
51	193554.0
52	193554.0
53	193554.0
54	193554.0
55	120703.0
56	120703.0
57	120703.0
58	120703.0
59	120703.0
60	242754.0
61	242754.0
62	242754.0
63	242754.0
64	242754.0
65	132117.0
66	132117.0
67	132117.0
68	132117.0
69	132117.0
70	117754.0
71	117754.0
72	117754.0
73	117754.0
74	117754.0
75	2258.0
76	2258.0
77	2258.0
78	2258.0
79	2258.0
80	126886.0
81	126886.0
82	126886.0
83	126886.0
84	126886.0
85	106044.0
86	106044.0
87	106044.0
88	106044.0
89	106044.0
90	152035.0
91	152035.0
92	152035.0
93	152035.0
94	152035.0
95	109829.0
96	109829.0
97	109829.0
98	109829.0
99	109829.0
100	142287.0
101	142287.0
102	142287.0
103	142287.0
104	142287.0
105	100023.0
106	100023.0
107	100023.0
108	100023.0
109	100023.0
110	70935.0
111	70935.0
112	70935.0
113	70935.0
114	70935.0
115	70787.0
116	70787.0
117	70787.0
118	70787.0
119	70787.0
120	180679.0
121	180679.0
122	180679.0
123	180679.0
124	180679.0
125	26574.0
126	26574.0
127	26574.0
128	26574.0
129	26574.0
130	102066.0
131	102066.0
132	102066.0
133	102066.0
134	102066.0
135	176698.0
136	176698.0
137	176698.0
138	176698.0
139	176698.0
140	112327.0
141	112327.0
142	112327.0
143	112327.0
144	112327.0
145	272580.0
146	272580.0
147	272580.0
148	272580.0
149	272580.0
150	126680.0
151	126680.0
152	126680.0
153	126680.0
154	126680.0
155	31872.0
156	31872.0
157	31872.0
158	31872.0
159	31872.0
160	108538.0
161	108538.0
162	108538.0
163	108538.0
164	108538.0
165	199082.0
166	199082.0
167	199082.0
168	199082.0
169	199082.0
170	255789.0
171	255789.0
172	255789.0
173	255789.0
174	255789.0
175	5903.0
176	5903.0
177	5903.0
178	5903.0
179	5903.0
180	246845.0
181	246845.0
182	246845.0
183	246845.0
184	246845.0
185	68416.0
186	68416.0
187	68416.0
188	68416.0
189	68416.0
190	158352.0
191	158352.0
192	158352.0
193	158352.0
194	158352.0
195	270131.0
196	270131.0
197	270131.0
198	270131.0
199	270131.0
200	64489.0
201	64489.0
202	64489.0
203	64489.0
204	64489.0
205	129965.0
206	129965.0
207	129965.0
208	129965.0
209	129965.0
210	225934.0
211	225934.0
212	225934.0
213	225934.0
214	225934.0
215	247268.0
216	247268.0
217	247268.0
218	247268.0
219	247268.0
220	165103.0
221	165103.0
222	165103.0
223	165103.0
224	165103.0
225	97185.0
226	97185.0
227	97185.0
228	97185.0
229	97185.0
230	118910.0
231	118910.0
232	118910.0
233	118910.0
234	118910.0
235	124338.0
236	124338.0
237	124338.0
238	124338.0
239	124338.0
240	248667.0
241	248667.0
242	248667.0
243	248667.0
244	248667.0
245	102699.0
246	102699.0
247	102699.0
248	102699.0
249	102699.0
