0	31832.0
1	31832.0
2	31832.0
3	31832.0
4	31832.0
5	51224.0
6	51224.0
7	51224.0
8	51224.0
9	51224.0
10	4523.0
11	4523.0
12	4523.0
13	4523.0
14	4523.0
15	5781.0
16	5781.0
17	5781.0
18	5781.0
19	5781.0
20	19029.0
21	19029.0
22	19029.0
23	19029.0
24	19029.0
25	1975.0
26	1975.0
27	1975.0
28	1975.0
29	1975.0
30	60588.0
31	60588.0
32	60588.0
33	60588.0
34	60588.0
35	17055.0
36	17055.0
37	17055.0
38	17055.0
39	17055.0
40	58649.0
41	58649.0
42	58649.0
43	58649.0
44	58649.0
45	66696.0
46	66696.0
47	66696.0
48	66696.0
49	66696.0
50	26699.0
51	26699.0
52	26699.0
53	26699.0
54	26699.0
55	71270.0
56	71270.0
57	71270.0
58	71270.0
59	71270.0
60	42401.0
61	42401.0
62	42401.0
63	42401.0
64	42401.0
65	12761.0
66	12761.0
67	12761.0
68	12761.0
69	12761.0
70	53085.0
71	53085.0
72	53085.0
73	53085.0
74	53085.0
75	35891.0
76	35891.0
77	35891.0
78	35891.0
79	35891.0
80	35723.0
81	35723.0
82	35723.0
83	35723.0
84	35723.0
85	72139.0
86	72139.0
87	72139.0
88	72139.0
89	72139.0
90	60583.0
91	60583.0
92	60583.0
93	60583.0
94	60583.0
95	19140.0
96	19140.0
97	19140.0
98	19140.0
99	19140.0
100	13055.0
101	13055.0
102	13055.0
103	13055.0
104	13055.0
105	39409.0
106	39409.0
107	39409.0
108	39409.0
109	39409.0
110	9220.0
111	9220.0
112	9220.0
113	9220.0
114	9220.0
115	53151.0
116	53151.0
117	53151.0
118	53151.0
119	53151.0
120	41348.0
121	41348.0
122	41348.0
123	41348.0
124	41348.0
125	13838.0
126	13838.0
127	13838.0
128	13838.0
129	13838.0
130	29694.0
131	29694.0
132	29694.0
133	29694.0
134	29694.0
135	9168.0
136	9168.0
137	9168.0
138	9168.0
139	9168.0
140	64372.0
141	64372.0
142	64372.0
143	64372.0
144	64372.0
145	55386.0
146	55386.0
147	55386.0
148	55386.0
149	55386.0
150	72373.0
151	72373.0
152	72373.0
153	72373.0
154	72373.0
155	61306.0
156	61306.0
157	61306.0
158	61306.0
159	61306.0
160	51325.0
161	51325.0
162	51325.0
163	51325.0
164	51325.0
165	71370.0
166	71370.0
167	71370.0
168	71370.0
169	71370.0
170	29915.0
171	29915.0
172	29915.0
173	29915.0
174	29915.0
175	36807.0
176	36807.0
177	36807.0
178	36807.0
179	36807.0
180	61485.0
181	61485.0
182	61485.0
183	61485.0
184	61485.0
185	9239.0
186	9239.0
187	9239.0
188	9239.0
189	9239.0
190	23804.0
191	23804.0
192	23804.0
193	23804.0
194	23804.0
195	5836.0
196	5836.0
197	5836.0
198	5836.0
199	5836.0
200	65818.0
201	65818.0
202	65818.0
203	65818.0
204	65818.0
205	60992.0
206	60992.0
207	60992.0
208	60992.0
209	60992.0
210	46406.0
211	46406.0
212	46406.0
213	46406.0
214	46406.0
215	29906.0
216	29906.0
217	29906.0
218	29906.0
219	29906.0
220	1233.0
221	1233.0
222	1233.0
223	1233.0
224	1233.0
225	42144.0
226	42144.0
227	42144.0
228	42144.0
229	42144.0
230	59307.0
231	59307.0
232	59307.0
233	59307.0
234	59307.0
235	25832.0
236	25832.0
237	25832.0
238	25832.0
239	25832.0
240	56562.0
241	56562.0
242	56562.0
243	56562.0
244	56562.0
245	13190.0
246	13190.0
247	13190.0
248	13190.0
249	13190.0
