0	7740.0
1	7740.0
2	7740.0
3	7740.0
4	7740.0
5	63398.0
6	63398.0
7	63398.0
8	63398.0
9	63398.0
10	31802.0
11	31802.0
12	31802.0
13	31802.0
14	31802.0
15	51644.0
16	51644.0
17	51644.0
18	51644.0
19	51644.0
20	15029.0
21	15029.0
22	15029.0
23	15029.0
24	15029.0
25	49385.0
26	49385.0
27	49385.0
28	49385.0
29	49385.0
30	51769.0
31	51769.0
32	51769.0
33	51769.0
34	51769.0
35	20917.0
36	20917.0
37	20917.0
38	20917.0
39	20917.0
40	29386.0
41	29386.0
42	29386.0
43	29386.0
44	29386.0
45	24593.0
46	24593.0
47	24593.0
48	24593.0
49	24593.0
50	1369.0
51	1369.0
52	1369.0
53	1369.0
54	1369.0
55	61417.0
56	61417.0
57	61417.0
58	61417.0
59	61417.0
60	40604.0
61	40604.0
62	40604.0
63	40604.0
64	40604.0
65	7540.0
66	7540.0
67	7540.0
68	7540.0
69	7540.0
70	64608.0
71	64608.0
72	64608.0
73	64608.0
74	64608.0
75	58569.0
76	58569.0
77	58569.0
78	58569.0
79	58569.0
80	61739.0
81	61739.0
82	61739.0
83	61739.0
84	61739.0
85	50989.0
86	50989.0
87	50989.0
88	50989.0
89	50989.0
90	22192.0
91	22192.0
92	22192.0
93	22192.0
94	22192.0
95	54606.0
96	54606.0
97	54606.0
98	54606.0
99	54606.0
100	27515.0
101	27515.0
102	27515.0
103	27515.0
104	27515.0
105	56504.0
106	56504.0
107	56504.0
108	56504.0
109	56504.0
110	12949.0
111	12949.0
112	12949.0
113	12949.0
114	12949.0
115	21368.0
116	21368.0
117	21368.0
118	21368.0
119	21368.0
120	59642.0
121	59642.0
122	59642.0
123	59642.0
124	59642.0
125	8641.0
126	8641.0
127	8641.0
128	8641.0
129	8641.0
130	46442.0
131	46442.0
132	46442.0
133	46442.0
134	46442.0
135	5573.0
136	5573.0
137	5573.0
138	5573.0
139	5573.0
140	1903.0
141	1903.0
142	1903.0
143	1903.0
144	1903.0
145	13286.0
146	13286.0
147	13286.0
148	13286.0
149	13286.0
150	3692.0
151	3692.0
152	3692.0
153	3692.0
154	3692.0
155	21509.0
156	21509.0
157	21509.0
158	21509.0
159	21509.0
160	36195.0
161	36195.0
162	36195.0
163	36195.0
164	36195.0
165	6438.0
166	6438.0
167	6438.0
168	6438.0
169	6438.0
170	4806.0
171	4806.0
172	4806.0
173	4806.0
174	4806.0
175	26324.0
176	26324.0
177	26324.0
178	26324.0
179	26324.0
180	41417.0
181	41417.0
182	41417.0
183	41417.0
184	41417.0
185	20841.0
186	20841.0
187	20841.0
188	20841.0
189	20841.0
190	41499.0
191	41499.0
192	41499.0
193	41499.0
194	41499.0
195	176.0
196	176.0
197	176.0
198	176.0
199	176.0
200	49457.0
201	49457.0
202	49457.0
203	49457.0
204	49457.0
205	31935.0
206	31935.0
207	31935.0
208	31935.0
209	31935.0
210	40719.0
211	40719.0
212	40719.0
213	40719.0
214	40719.0
215	40036.0
216	40036.0
217	40036.0
218	40036.0
219	40036.0
220	25153.0
221	25153.0
222	25153.0
223	25153.0
224	25153.0
225	22282.0
226	22282.0
227	22282.0
228	22282.0
229	22282.0
230	56755.0
231	56755.0
232	56755.0
233	56755.0
234	56755.0
235	42001.0
236	42001.0
237	42001.0
238	42001.0
239	42001.0
240	36411.0
241	36411.0
242	36411.0
243	36411.0
244	36411.0
245	9095.0
246	9095.0
247	9095.0
248	9095.0
249	9095.0
