0	64935.0
1	64935.0
2	64935.0
3	64935.0
4	64935.0
5	26477.0
6	26477.0
7	26477.0
8	26477.0
9	26477.0
10	59362.0
11	59362.0
12	59362.0
13	59362.0
14	59362.0
15	15734.0
16	15734.0
17	15734.0
18	15734.0
19	15734.0
20	31781.0
21	31781.0
22	31781.0
23	31781.0
24	31781.0
25	23882.0
26	23882.0
27	23882.0
28	23882.0
29	23882.0
30	37967.0
31	37967.0
32	37967.0
33	37967.0
34	37967.0
35	31349.0
36	31349.0
37	31349.0
38	31349.0
39	31349.0
40	31601.0
41	31601.0
42	31601.0
43	31601.0
44	31601.0
45	74392.0
46	74392.0
47	74392.0
48	74392.0
49	74392.0
50	11330.0
51	11330.0
52	11330.0
53	11330.0
54	11330.0
55	10890.0
56	10890.0
57	10890.0
58	10890.0
59	10890.0
60	5512.0
61	5512.0
62	5512.0
63	5512.0
64	5512.0
65	59692.0
66	59692.0
67	59692.0
68	59692.0
69	59692.0
70	40364.0
71	40364.0
72	40364.0
73	40364.0
74	40364.0
75	47756.0
76	47756.0
77	47756.0
78	47756.0
79	47756.0
80	7682.0
81	7682.0
82	7682.0
83	7682.0
84	7682.0
85	23451.0
86	23451.0
87	23451.0
88	23451.0
89	23451.0
90	55137.0
91	55137.0
92	55137.0
93	55137.0
94	55137.0
95	72438.0
96	72438.0
97	72438.0
98	72438.0
99	72438.0
100	62703.0
101	62703.0
102	62703.0
103	62703.0
104	62703.0
105	5845.0
106	5845.0
107	5845.0
108	5845.0
109	5845.0
110	73890.0
111	73890.0
112	73890.0
113	73890.0
114	73890.0
115	49826.0
116	49826.0
117	49826.0
118	49826.0
119	49826.0
120	33594.0
121	33594.0
122	33594.0
123	33594.0
124	33594.0
125	58408.0
126	58408.0
127	58408.0
128	58408.0
129	58408.0
130	24506.0
131	24506.0
132	24506.0
133	24506.0
134	24506.0
135	19981.0
136	19981.0
137	19981.0
138	19981.0
139	19981.0
140	68930.0
141	68930.0
142	68930.0
143	68930.0
144	68930.0
145	43250.0
146	43250.0
147	43250.0
148	43250.0
149	43250.0
150	66102.0
151	66102.0
152	66102.0
153	66102.0
154	66102.0
155	32436.0
156	32436.0
157	32436.0
158	32436.0
159	32436.0
160	42920.0
161	42920.0
162	42920.0
163	42920.0
164	42920.0
165	24593.0
166	24593.0
167	24593.0
168	24593.0
169	24593.0
170	39090.0
171	39090.0
172	39090.0
173	39090.0
174	39090.0
175	26646.0
176	26646.0
177	26646.0
178	26646.0
179	26646.0
180	13806.0
181	13806.0
182	13806.0
183	13806.0
184	13806.0
185	73926.0
186	73926.0
187	73926.0
188	73926.0
189	73926.0
190	62411.0
191	62411.0
192	62411.0
193	62411.0
194	62411.0
195	62848.0
196	62848.0
197	62848.0
198	62848.0
199	62848.0
200	40211.0
201	40211.0
202	40211.0
203	40211.0
204	40211.0
205	34381.0
206	34381.0
207	34381.0
208	34381.0
209	34381.0
210	58989.0
211	58989.0
212	58989.0
213	58989.0
214	58989.0
215	29568.0
216	29568.0
217	29568.0
218	29568.0
219	29568.0
220	45756.0
221	45756.0
222	45756.0
223	45756.0
224	45756.0
225	74219.0
226	74219.0
227	74219.0
228	74219.0
229	74219.0
230	65023.0
231	65023.0
232	65023.0
233	65023.0
234	65023.0
235	2384.0
236	2384.0
237	2384.0
238	2384.0
239	2384.0
240	71011.0
241	71011.0
242	71011.0
243	71011.0
244	71011.0
245	57498.0
246	57498.0
247	57498.0
248	57498.0
249	57498.0
