0	372925.0
1	372925.0
2	372925.0
3	372925.0
4	372925.0
5	174898.0
6	174898.0
7	174898.0
8	174898.0
9	174898.0
10	115050.0
11	115050.0
12	115050.0
13	115050.0
14	115050.0
15	217479.0
16	217479.0
17	217479.0
18	217479.0
19	217479.0
20	169014.0
21	169014.0
22	169014.0
23	169014.0
24	169014.0
25	286016.0
26	286016.0
27	286016.0
28	286016.0
29	286016.0
30	91388.0
31	91388.0
32	91388.0
33	91388.0
34	91388.0
35	293463.0
36	293463.0
37	293463.0
38	293463.0
39	293463.0
40	127410.0
41	127410.0
42	127410.0
43	127410.0
44	127410.0
45	228937.0
46	228937.0
47	228937.0
48	228937.0
49	228937.0
50	227469.0
51	227469.0
52	227469.0
53	227469.0
54	227469.0
55	84095.0
56	84095.0
57	84095.0
58	84095.0
59	84095.0
60	250783.0
61	250783.0
62	250783.0
63	250783.0
64	250783.0
65	247584.0
66	247584.0
67	247584.0
68	247584.0
69	247584.0
70	67787.0
71	67787.0
72	67787.0
73	67787.0
74	67787.0
75	265044.0
76	265044.0
77	265044.0
78	265044.0
79	265044.0
80	33805.0
81	33805.0
82	33805.0
83	33805.0
84	33805.0
85	100804.0
86	100804.0
87	100804.0
88	100804.0
89	100804.0
90	347755.0
91	347755.0
92	347755.0
93	347755.0
94	347755.0
95	60539.0
96	60539.0
97	60539.0
98	60539.0
99	60539.0
100	351360.0
101	351360.0
102	351360.0
103	351360.0
104	351360.0
105	25379.0
106	25379.0
107	25379.0
108	25379.0
109	25379.0
110	29769.0
111	29769.0
112	29769.0
113	29769.0
114	29769.0
115	223599.0
116	223599.0
117	223599.0
118	223599.0
119	223599.0
120	65109.0
121	65109.0
122	65109.0
123	65109.0
124	65109.0
125	227063.0
126	227063.0
127	227063.0
128	227063.0
129	227063.0
130	304168.0
131	304168.0
132	304168.0
133	304168.0
134	304168.0
135	67196.0
136	67196.0
137	67196.0
138	67196.0
139	67196.0
140	252300.0
141	252300.0
142	252300.0
143	252300.0
144	252300.0
145	328837.0
146	328837.0
147	328837.0
148	328837.0
149	328837.0
150	199586.0
151	199586.0
152	199586.0
153	199586.0
154	199586.0
155	171722.0
156	171722.0
157	171722.0
158	171722.0
159	171722.0
160	347022.0
161	347022.0
162	347022.0
163	347022.0
164	347022.0
165	21406.0
166	21406.0
167	21406.0
168	21406.0
169	21406.0
170	133632.0
171	133632.0
172	133632.0
173	133632.0
174	133632.0
175	93128.0
176	93128.0
177	93128.0
178	93128.0
179	93128.0
180	249394.0
181	249394.0
182	249394.0
183	249394.0
184	249394.0
185	341309.0
186	341309.0
187	341309.0
188	341309.0
189	341309.0
190	349527.0
191	349527.0
192	349527.0
193	349527.0
194	349527.0
195	162439.0
196	162439.0
197	162439.0
198	162439.0
199	162439.0
200	16978.0
201	16978.0
202	16978.0
203	16978.0
204	16978.0
205	247235.0
206	247235.0
207	247235.0
208	247235.0
209	247235.0
210	287327.0
211	287327.0
212	287327.0
213	287327.0
214	287327.0
215	43269.0
216	43269.0
217	43269.0
218	43269.0
219	43269.0
220	237218.0
221	237218.0
222	237218.0
223	237218.0
224	237218.0
225	166799.0
226	166799.0
227	166799.0
228	166799.0
229	166799.0
230	26496.0
231	26496.0
232	26496.0
233	26496.0
234	26496.0
235	306432.0
236	306432.0
237	306432.0
238	306432.0
239	306432.0
240	23163.0
241	23163.0
242	23163.0
243	23163.0
244	23163.0
245	359967.0
246	359967.0
247	359967.0
248	359967.0
249	359967.0
