0	285128.0
1	285128.0
2	285128.0
3	285128.0
4	285128.0
5	126687.0
6	126687.0
7	126687.0
8	126687.0
9	126687.0
10	297273.0
11	297273.0
12	297273.0
13	297273.0
14	297273.0
15	173694.0
16	173694.0
17	173694.0
18	173694.0
19	173694.0
20	112108.0
21	112108.0
22	112108.0
23	112108.0
24	112108.0
25	325293.0
26	325293.0
27	325293.0
28	325293.0
29	325293.0
30	249214.0
31	249214.0
32	249214.0
33	249214.0
34	249214.0
35	340804.0
36	340804.0
37	340804.0
38	340804.0
39	340804.0
40	60154.0
41	60154.0
42	60154.0
43	60154.0
44	60154.0
45	236691.0
46	236691.0
47	236691.0
48	236691.0
49	236691.0
50	282447.0
51	282447.0
52	282447.0
53	282447.0
54	282447.0
55	259347.0
56	259347.0
57	259347.0
58	259347.0
59	259347.0
60	227199.0
61	227199.0
62	227199.0
63	227199.0
64	227199.0
65	161452.0
66	161452.0
67	161452.0
68	161452.0
69	161452.0
70	301397.0
71	301397.0
72	301397.0
73	301397.0
74	301397.0
75	99093.0
76	99093.0
77	99093.0
78	99093.0
79	99093.0
80	242600.0
81	242600.0
82	242600.0
83	242600.0
84	242600.0
85	211989.0
86	211989.0
87	211989.0
88	211989.0
89	211989.0
90	183586.0
91	183586.0
92	183586.0
93	183586.0
94	183586.0
95	84852.0
96	84852.0
97	84852.0
98	84852.0
99	84852.0
100	269454.0
101	269454.0
102	269454.0
103	269454.0
104	269454.0
105	81098.0
106	81098.0
107	81098.0
108	81098.0
109	81098.0
110	243237.0
111	243237.0
112	243237.0
113	243237.0
114	243237.0
115	319689.0
116	319689.0
117	319689.0
118	319689.0
119	319689.0
120	238061.0
121	238061.0
122	238061.0
123	238061.0
124	238061.0
125	174606.0
126	174606.0
127	174606.0
128	174606.0
129	174606.0
130	59946.0
131	59946.0
132	59946.0
133	59946.0
134	59946.0
135	304200.0
136	304200.0
137	304200.0
138	304200.0
139	304200.0
140	106013.0
141	106013.0
142	106013.0
143	106013.0
144	106013.0
145	106979.0
146	106979.0
147	106979.0
148	106979.0
149	106979.0
150	318128.0
151	318128.0
152	318128.0
153	318128.0
154	318128.0
155	275493.0
156	275493.0
157	275493.0
158	275493.0
159	275493.0
160	295045.0
161	295045.0
162	295045.0
163	295045.0
164	295045.0
165	98533.0
166	98533.0
167	98533.0
168	98533.0
169	98533.0
170	78000.0
171	78000.0
172	78000.0
173	78000.0
174	78000.0
175	233736.0
176	233736.0
177	233736.0
178	233736.0
179	233736.0
180	1847.0
181	1847.0
182	1847.0
183	1847.0
184	1847.0
185	283205.0
186	283205.0
187	283205.0
188	283205.0
189	283205.0
190	60370.0
191	60370.0
192	60370.0
193	60370.0
194	60370.0
195	259066.0
196	259066.0
197	259066.0
198	259066.0
199	259066.0
200	134740.0
201	134740.0
202	134740.0
203	134740.0
204	134740.0
205	122483.0
206	122483.0
207	122483.0
208	122483.0
209	122483.0
210	42901.0
211	42901.0
212	42901.0
213	42901.0
214	42901.0
215	284468.0
216	284468.0
217	284468.0
218	284468.0
219	284468.0
220	158337.0
221	158337.0
222	158337.0
223	158337.0
224	158337.0
225	207918.0
226	207918.0
227	207918.0
228	207918.0
229	207918.0
230	307405.0
231	307405.0
232	307405.0
233	307405.0
234	307405.0
235	203025.0
236	203025.0
237	203025.0
238	203025.0
239	203025.0
240	20648.0
241	20648.0
242	20648.0
243	20648.0
244	20648.0
245	28119.0
246	28119.0
247	28119.0
248	28119.0
249	28119.0
