0	62188.0
1	62188.0
2	62188.0
3	62188.0
4	62188.0
5	348442.0
6	348442.0
7	348442.0
8	348442.0
9	348442.0
10	40849.0
11	40849.0
12	40849.0
13	40849.0
14	40849.0
15	241068.0
16	241068.0
17	241068.0
18	241068.0
19	241068.0
20	227573.0
21	227573.0
22	227573.0
23	227573.0
24	227573.0
25	63153.0
26	63153.0
27	63153.0
28	63153.0
29	63153.0
30	326167.0
31	326167.0
32	326167.0
33	326167.0
34	326167.0
35	4738.0
36	4738.0
37	4738.0
38	4738.0
39	4738.0
40	15263.0
41	15263.0
42	15263.0
43	15263.0
44	15263.0
45	84286.0
46	84286.0
47	84286.0
48	84286.0
49	84286.0
50	224503.0
51	224503.0
52	224503.0
53	224503.0
54	224503.0
55	320597.0
56	320597.0
57	320597.0
58	320597.0
59	320597.0
60	221116.0
61	221116.0
62	221116.0
63	221116.0
64	221116.0
65	194070.0
66	194070.0
67	194070.0
68	194070.0
69	194070.0
70	297875.0
71	297875.0
72	297875.0
73	297875.0
74	297875.0
75	126480.0
76	126480.0
77	126480.0
78	126480.0
79	126480.0
80	211588.0
81	211588.0
82	211588.0
83	211588.0
84	211588.0
85	278848.0
86	278848.0
87	278848.0
88	278848.0
89	278848.0
90	173020.0
91	173020.0
92	173020.0
93	173020.0
94	173020.0
95	51874.0
96	51874.0
97	51874.0
98	51874.0
99	51874.0
100	137537.0
101	137537.0
102	137537.0
103	137537.0
104	137537.0
105	381934.0
106	381934.0
107	381934.0
108	381934.0
109	381934.0
110	119934.0
111	119934.0
112	119934.0
113	119934.0
114	119934.0
115	17811.0
116	17811.0
117	17811.0
118	17811.0
119	17811.0
120	217396.0
121	217396.0
122	217396.0
123	217396.0
124	217396.0
125	180937.0
126	180937.0
127	180937.0
128	180937.0
129	180937.0
130	344893.0
131	344893.0
132	344893.0
133	344893.0
134	344893.0
135	312422.0
136	312422.0
137	312422.0
138	312422.0
139	312422.0
140	187882.0
141	187882.0
142	187882.0
143	187882.0
144	187882.0
145	36954.0
146	36954.0
147	36954.0
148	36954.0
149	36954.0
150	382813.0
151	382813.0
152	382813.0
153	382813.0
154	382813.0
155	208359.0
156	208359.0
157	208359.0
158	208359.0
159	208359.0
160	83998.0
161	83998.0
162	83998.0
163	83998.0
164	83998.0
165	6441.0
166	6441.0
167	6441.0
168	6441.0
169	6441.0
170	301332.0
171	301332.0
172	301332.0
173	301332.0
174	301332.0
175	295145.0
176	295145.0
177	295145.0
178	295145.0
179	295145.0
180	383512.0
181	383512.0
182	383512.0
183	383512.0
184	383512.0
185	177925.0
186	177925.0
187	177925.0
188	177925.0
189	177925.0
190	135258.0
191	135258.0
192	135258.0
193	135258.0
194	135258.0
195	66959.0
196	66959.0
197	66959.0
198	66959.0
199	66959.0
200	291424.0
201	291424.0
202	291424.0
203	291424.0
204	291424.0
205	197253.0
206	197253.0
207	197253.0
208	197253.0
209	197253.0
210	73847.0
211	73847.0
212	73847.0
213	73847.0
214	73847.0
215	288879.0
216	288879.0
217	288879.0
218	288879.0
219	288879.0
220	251357.0
221	251357.0
222	251357.0
223	251357.0
224	251357.0
225	20492.0
226	20492.0
227	20492.0
228	20492.0
229	20492.0
230	167637.0
231	167637.0
232	167637.0
233	167637.0
234	167637.0
235	236860.0
236	236860.0
237	236860.0
238	236860.0
239	236860.0
240	188455.0
241	188455.0
242	188455.0
243	188455.0
244	188455.0
245	283701.0
246	283701.0
247	283701.0
248	283701.0
249	283701.0
