0	62592.0
1	62592.0
2	62592.0
3	62592.0
4	62592.0
5	338645.0
6	338645.0
7	338645.0
8	338645.0
9	338645.0
10	221572.0
11	221572.0
12	221572.0
13	221572.0
14	221572.0
15	117874.0
16	117874.0
17	117874.0
18	117874.0
19	117874.0
20	256670.0
21	256670.0
22	256670.0
23	256670.0
24	256670.0
25	337936.0
26	337936.0
27	337936.0
28	337936.0
29	337936.0
30	25029.0
31	25029.0
32	25029.0
33	25029.0
34	25029.0
35	276980.0
36	276980.0
37	276980.0
38	276980.0
39	276980.0
40	96874.0
41	96874.0
42	96874.0
43	96874.0
44	96874.0
45	313345.0
46	313345.0
47	313345.0
48	313345.0
49	313345.0
50	184880.0
51	184880.0
52	184880.0
53	184880.0
54	184880.0
55	338917.0
56	338917.0
57	338917.0
58	338917.0
59	338917.0
60	274208.0
61	274208.0
62	274208.0
63	274208.0
64	274208.0
65	276408.0
66	276408.0
67	276408.0
68	276408.0
69	276408.0
70	311571.0
71	311571.0
72	311571.0
73	311571.0
74	311571.0
75	77586.0
76	77586.0
77	77586.0
78	77586.0
79	77586.0
80	357718.0
81	357718.0
82	357718.0
83	357718.0
84	357718.0
85	153824.0
86	153824.0
87	153824.0
88	153824.0
89	153824.0
90	332989.0
91	332989.0
92	332989.0
93	332989.0
94	332989.0
95	206825.0
96	206825.0
97	206825.0
98	206825.0
99	206825.0
100	117461.0
101	117461.0
102	117461.0
103	117461.0
104	117461.0
105	154364.0
106	154364.0
107	154364.0
108	154364.0
109	154364.0
110	194822.0
111	194822.0
112	194822.0
113	194822.0
114	194822.0
115	284281.0
116	284281.0
117	284281.0
118	284281.0
119	284281.0
120	357166.0
121	357166.0
122	357166.0
123	357166.0
124	357166.0
125	132268.0
126	132268.0
127	132268.0
128	132268.0
129	132268.0
130	184225.0
131	184225.0
132	184225.0
133	184225.0
134	184225.0
135	355672.0
136	355672.0
137	355672.0
138	355672.0
139	355672.0
140	11749.0
141	11749.0
142	11749.0
143	11749.0
144	11749.0
145	15015.0
146	15015.0
147	15015.0
148	15015.0
149	15015.0
150	183584.0
151	183584.0
152	183584.0
153	183584.0
154	183584.0
155	152354.0
156	152354.0
157	152354.0
158	152354.0
159	152354.0
160	317547.0
161	317547.0
162	317547.0
163	317547.0
164	317547.0
165	240327.0
166	240327.0
167	240327.0
168	240327.0
169	240327.0
170	19762.0
171	19762.0
172	19762.0
173	19762.0
174	19762.0
175	22531.0
176	22531.0
177	22531.0
178	22531.0
179	22531.0
180	285272.0
181	285272.0
182	285272.0
183	285272.0
184	285272.0
185	121744.0
186	121744.0
187	121744.0
188	121744.0
189	121744.0
190	132326.0
191	132326.0
192	132326.0
193	132326.0
194	132326.0
195	357684.0
196	357684.0
197	357684.0
198	357684.0
199	357684.0
200	198584.0
201	198584.0
202	198584.0
203	198584.0
204	198584.0
205	375408.0
206	375408.0
207	375408.0
208	375408.0
209	375408.0
210	173198.0
211	173198.0
212	173198.0
213	173198.0
214	173198.0
215	151765.0
216	151765.0
217	151765.0
218	151765.0
219	151765.0
220	27061.0
221	27061.0
222	27061.0
223	27061.0
224	27061.0
225	89333.0
226	89333.0
227	89333.0
228	89333.0
229	89333.0
230	292895.0
231	292895.0
232	292895.0
233	292895.0
234	292895.0
235	199087.0
236	199087.0
237	199087.0
238	199087.0
239	199087.0
240	216157.0
241	216157.0
242	216157.0
243	216157.0
244	216157.0
245	145181.0
246	145181.0
247	145181.0
248	145181.0
249	145181.0
