0	304577.0
1	304577.0
2	304577.0
3	304577.0
4	304577.0
5	245798.0
6	245798.0
7	245798.0
8	245798.0
9	245798.0
10	199781.0
11	199781.0
12	199781.0
13	199781.0
14	199781.0
15	20178.0
16	20178.0
17	20178.0
18	20178.0
19	20178.0
20	265609.0
21	265609.0
22	265609.0
23	265609.0
24	265609.0
25	248055.0
26	248055.0
27	248055.0
28	248055.0
29	248055.0
30	173398.0
31	173398.0
32	173398.0
33	173398.0
34	173398.0
35	222117.0
36	222117.0
37	222117.0
38	222117.0
39	222117.0
40	87608.0
41	87608.0
42	87608.0
43	87608.0
44	87608.0
45	157242.0
46	157242.0
47	157242.0
48	157242.0
49	157242.0
50	161489.0
51	161489.0
52	161489.0
53	161489.0
54	161489.0
55	287659.0
56	287659.0
57	287659.0
58	287659.0
59	287659.0
60	206534.0
61	206534.0
62	206534.0
63	206534.0
64	206534.0
65	273557.0
66	273557.0
67	273557.0
68	273557.0
69	273557.0
70	92076.0
71	92076.0
72	92076.0
73	92076.0
74	92076.0
75	66267.0
76	66267.0
77	66267.0
78	66267.0
79	66267.0
80	96202.0
81	96202.0
82	96202.0
83	96202.0
84	96202.0
85	194578.0
86	194578.0
87	194578.0
88	194578.0
89	194578.0
90	211847.0
91	211847.0
92	211847.0
93	211847.0
94	211847.0
95	241698.0
96	241698.0
97	241698.0
98	241698.0
99	241698.0
100	306515.0
101	306515.0
102	306515.0
103	306515.0
104	306515.0
105	114807.0
106	114807.0
107	114807.0
108	114807.0
109	114807.0
110	109034.0
111	109034.0
112	109034.0
113	109034.0
114	109034.0
115	247019.0
116	247019.0
117	247019.0
118	247019.0
119	247019.0
120	49366.0
121	49366.0
122	49366.0
123	49366.0
124	49366.0
125	211337.0
126	211337.0
127	211337.0
128	211337.0
129	211337.0
130	100022.0
131	100022.0
132	100022.0
133	100022.0
134	100022.0
135	142403.0
136	142403.0
137	142403.0
138	142403.0
139	142403.0
140	64611.0
141	64611.0
142	64611.0
143	64611.0
144	64611.0
145	258979.0
146	258979.0
147	258979.0
148	258979.0
149	258979.0
150	170501.0
151	170501.0
152	170501.0
153	170501.0
154	170501.0
155	169372.0
156	169372.0
157	169372.0
158	169372.0
159	169372.0
160	236565.0
161	236565.0
162	236565.0
163	236565.0
164	236565.0
165	245710.0
166	245710.0
167	245710.0
168	245710.0
169	245710.0
170	118733.0
171	118733.0
172	118733.0
173	118733.0
174	118733.0
175	18991.0
176	18991.0
177	18991.0
178	18991.0
179	18991.0
180	269547.0
181	269547.0
182	269547.0
183	269547.0
184	269547.0
185	272354.0
186	272354.0
187	272354.0
188	272354.0
189	272354.0
190	63472.0
191	63472.0
192	63472.0
193	63472.0
194	63472.0
195	306285.0
196	306285.0
197	306285.0
198	306285.0
199	306285.0
200	93475.0
201	93475.0
202	93475.0
203	93475.0
204	93475.0
205	52715.0
206	52715.0
207	52715.0
208	52715.0
209	52715.0
210	113474.0
211	113474.0
212	113474.0
213	113474.0
214	113474.0
215	299734.0
216	299734.0
217	299734.0
218	299734.0
219	299734.0
220	171414.0
221	171414.0
222	171414.0
223	171414.0
224	171414.0
225	175843.0
226	175843.0
227	175843.0
228	175843.0
229	175843.0
230	17211.0
231	17211.0
232	17211.0
233	17211.0
234	17211.0
235	62339.0
236	62339.0
237	62339.0
238	62339.0
239	62339.0
240	5011.0
241	5011.0
242	5011.0
243	5011.0
244	5011.0
245	106451.0
246	106451.0
247	106451.0
248	106451.0
249	106451.0
