0	87366.0
1	87366.0
2	87366.0
3	87366.0
4	87366.0
5	242321.0
6	242321.0
7	242321.0
8	242321.0
9	242321.0
10	198280.0
11	198280.0
12	198280.0
13	198280.0
14	198280.0
15	8397.0
16	8397.0
17	8397.0
18	8397.0
19	8397.0
20	136108.0
21	136108.0
22	136108.0
23	136108.0
24	136108.0
25	26797.0
26	26797.0
27	26797.0
28	26797.0
29	26797.0
30	198054.0
31	198054.0
32	198054.0
33	198054.0
34	198054.0
35	214180.0
36	214180.0
37	214180.0
38	214180.0
39	214180.0
40	79850.0
41	79850.0
42	79850.0
43	79850.0
44	79850.0
45	309188.0
46	309188.0
47	309188.0
48	309188.0
49	309188.0
50	76290.0
51	76290.0
52	76290.0
53	76290.0
54	76290.0
55	135729.0
56	135729.0
57	135729.0
58	135729.0
59	135729.0
60	155310.0
61	155310.0
62	155310.0
63	155310.0
64	155310.0
65	239114.0
66	239114.0
67	239114.0
68	239114.0
69	239114.0
70	254511.0
71	254511.0
72	254511.0
73	254511.0
74	254511.0
75	51265.0
76	51265.0
77	51265.0
78	51265.0
79	51265.0
80	219448.0
81	219448.0
82	219448.0
83	219448.0
84	219448.0
85	181884.0
86	181884.0
87	181884.0
88	181884.0
89	181884.0
90	274134.0
91	274134.0
92	274134.0
93	274134.0
94	274134.0
95	297218.0
96	297218.0
97	297218.0
98	297218.0
99	297218.0
100	300017.0
101	300017.0
102	300017.0
103	300017.0
104	300017.0
105	83224.0
106	83224.0
107	83224.0
108	83224.0
109	83224.0
110	163597.0
111	163597.0
112	163597.0
113	163597.0
114	163597.0
115	194167.0
116	194167.0
117	194167.0
118	194167.0
119	194167.0
120	185443.0
121	185443.0
122	185443.0
123	185443.0
124	185443.0
125	68187.0
126	68187.0
127	68187.0
128	68187.0
129	68187.0
130	70763.0
131	70763.0
132	70763.0
133	70763.0
134	70763.0
135	263976.0
136	263976.0
137	263976.0
138	263976.0
139	263976.0
140	52347.0
141	52347.0
142	52347.0
143	52347.0
144	52347.0
145	162876.0
146	162876.0
147	162876.0
148	162876.0
149	162876.0
150	20702.0
151	20702.0
152	20702.0
153	20702.0
154	20702.0
155	21992.0
156	21992.0
157	21992.0
158	21992.0
159	21992.0
160	76972.0
161	76972.0
162	76972.0
163	76972.0
164	76972.0
165	309016.0
166	309016.0
167	309016.0
168	309016.0
169	309016.0
170	237513.0
171	237513.0
172	237513.0
173	237513.0
174	237513.0
175	194061.0
176	194061.0
177	194061.0
178	194061.0
179	194061.0
180	20055.0
181	20055.0
182	20055.0
183	20055.0
184	20055.0
185	45947.0
186	45947.0
187	45947.0
188	45947.0
189	45947.0
190	76352.0
191	76352.0
192	76352.0
193	76352.0
194	76352.0
195	70565.0
196	70565.0
197	70565.0
198	70565.0
199	70565.0
200	152037.0
201	152037.0
202	152037.0
203	152037.0
204	152037.0
205	77612.0
206	77612.0
207	77612.0
208	77612.0
209	77612.0
210	247782.0
211	247782.0
212	247782.0
213	247782.0
214	247782.0
215	137365.0
216	137365.0
217	137365.0
218	137365.0
219	137365.0
220	245492.0
221	245492.0
222	245492.0
223	245492.0
224	245492.0
225	120963.0
226	120963.0
227	120963.0
228	120963.0
229	120963.0
230	192033.0
231	192033.0
232	192033.0
233	192033.0
234	192033.0
235	17807.0
236	17807.0
237	17807.0
238	17807.0
239	17807.0
240	222976.0
241	222976.0
242	222976.0
243	222976.0
244	222976.0
245	259931.0
246	259931.0
247	259931.0
248	259931.0
249	259931.0
