0	18770.0
1	18770.0
2	18770.0
3	18770.0
4	18770.0
5	303217.0
6	303217.0
7	303217.0
8	303217.0
9	303217.0
10	154454.0
11	154454.0
12	154454.0
13	154454.0
14	154454.0
15	40636.0
16	40636.0
17	40636.0
18	40636.0
19	40636.0
20	17768.0
21	17768.0
22	17768.0
23	17768.0
24	17768.0
25	172317.0
26	172317.0
27	172317.0
28	172317.0
29	172317.0
30	42457.0
31	42457.0
32	42457.0
33	42457.0
34	42457.0
35	215242.0
36	215242.0
37	215242.0
38	215242.0
39	215242.0
40	203936.0
41	203936.0
42	203936.0
43	203936.0
44	203936.0
45	283050.0
46	283050.0
47	283050.0
48	283050.0
49	283050.0
50	122850.0
51	122850.0
52	122850.0
53	122850.0
54	122850.0
55	301783.0
56	301783.0
57	301783.0
58	301783.0
59	301783.0
60	53017.0
61	53017.0
62	53017.0
63	53017.0
64	53017.0
65	128862.0
66	128862.0
67	128862.0
68	128862.0
69	128862.0
70	6097.0
71	6097.0
72	6097.0
73	6097.0
74	6097.0
75	236553.0
76	236553.0
77	236553.0
78	236553.0
79	236553.0
80	37362.0
81	37362.0
82	37362.0
83	37362.0
84	37362.0
85	256039.0
86	256039.0
87	256039.0
88	256039.0
89	256039.0
90	124034.0
91	124034.0
92	124034.0
93	124034.0
94	124034.0
95	42408.0
96	42408.0
97	42408.0
98	42408.0
99	42408.0
100	316997.0
101	316997.0
102	316997.0
103	316997.0
104	316997.0
105	179676.0
106	179676.0
107	179676.0
108	179676.0
109	179676.0
110	265442.0
111	265442.0
112	265442.0
113	265442.0
114	265442.0
115	144067.0
116	144067.0
117	144067.0
118	144067.0
119	144067.0
120	72820.0
121	72820.0
122	72820.0
123	72820.0
124	72820.0
125	171625.0
126	171625.0
127	171625.0
128	171625.0
129	171625.0
130	258623.0
131	258623.0
132	258623.0
133	258623.0
134	258623.0
135	67093.0
136	67093.0
137	67093.0
138	67093.0
139	67093.0
140	133948.0
141	133948.0
142	133948.0
143	133948.0
144	133948.0
145	126732.0
146	126732.0
147	126732.0
148	126732.0
149	126732.0
150	134092.0
151	134092.0
152	134092.0
153	134092.0
154	134092.0
155	73076.0
156	73076.0
157	73076.0
158	73076.0
159	73076.0
160	38001.0
161	38001.0
162	38001.0
163	38001.0
164	38001.0
165	47192.0
166	47192.0
167	47192.0
168	47192.0
169	47192.0
170	215420.0
171	215420.0
172	215420.0
173	215420.0
174	215420.0
175	8494.0
176	8494.0
177	8494.0
178	8494.0
179	8494.0
180	232481.0
181	232481.0
182	232481.0
183	232481.0
184	232481.0
185	146985.0
186	146985.0
187	146985.0
188	146985.0
189	146985.0
190	279606.0
191	279606.0
192	279606.0
193	279606.0
194	279606.0
195	246849.0
196	246849.0
197	246849.0
198	246849.0
199	246849.0
200	110681.0
201	110681.0
202	110681.0
203	110681.0
204	110681.0
205	89760.0
206	89760.0
207	89760.0
208	89760.0
209	89760.0
210	102563.0
211	102563.0
212	102563.0
213	102563.0
214	102563.0
215	89615.0
216	89615.0
217	89615.0
218	89615.0
219	89615.0
220	246685.0
221	246685.0
222	246685.0
223	246685.0
224	246685.0
225	102198.0
226	102198.0
227	102198.0
228	102198.0
229	102198.0
230	235690.0
231	235690.0
232	235690.0
233	235690.0
234	235690.0
235	302336.0
236	302336.0
237	302336.0
238	302336.0
239	302336.0
240	173475.0
241	173475.0
242	173475.0
243	173475.0
244	173475.0
245	199255.0
246	199255.0
247	199255.0
248	199255.0
249	199255.0
