0	226682.0
1	226682.0
2	226682.0
3	226682.0
4	226682.0
5	11982.0
6	11982.0
7	11982.0
8	11982.0
9	11982.0
10	161654.0
11	161654.0
12	161654.0
13	161654.0
14	161654.0
15	50967.0
16	50967.0
17	50967.0
18	50967.0
19	50967.0
20	204961.0
21	204961.0
22	204961.0
23	204961.0
24	204961.0
25	72984.0
26	72984.0
27	72984.0
28	72984.0
29	72984.0
30	22092.0
31	22092.0
32	22092.0
33	22092.0
34	22092.0
35	99135.0
36	99135.0
37	99135.0
38	99135.0
39	99135.0
40	34546.0
41	34546.0
42	34546.0
43	34546.0
44	34546.0
45	9211.0
46	9211.0
47	9211.0
48	9211.0
49	9211.0
50	239190.0
51	239190.0
52	239190.0
53	239190.0
54	239190.0
55	137247.0
56	137247.0
57	137247.0
58	137247.0
59	137247.0
60	81179.0
61	81179.0
62	81179.0
63	81179.0
64	81179.0
65	201118.0
66	201118.0
67	201118.0
68	201118.0
69	201118.0
70	247454.0
71	247454.0
72	247454.0
73	247454.0
74	247454.0
75	183661.0
76	183661.0
77	183661.0
78	183661.0
79	183661.0
80	153815.0
81	153815.0
82	153815.0
83	153815.0
84	153815.0
85	214819.0
86	214819.0
87	214819.0
88	214819.0
89	214819.0
90	314826.0
91	314826.0
92	314826.0
93	314826.0
94	314826.0
95	150204.0
96	150204.0
97	150204.0
98	150204.0
99	150204.0
100	189420.0
101	189420.0
102	189420.0
103	189420.0
104	189420.0
105	38117.0
106	38117.0
107	38117.0
108	38117.0
109	38117.0
110	318461.0
111	318461.0
112	318461.0
113	318461.0
114	318461.0
115	296913.0
116	296913.0
117	296913.0
118	296913.0
119	296913.0
120	155204.0
121	155204.0
122	155204.0
123	155204.0
124	155204.0
125	213523.0
126	213523.0
127	213523.0
128	213523.0
129	213523.0
130	5232.0
131	5232.0
132	5232.0
133	5232.0
134	5232.0
135	112545.0
136	112545.0
137	112545.0
138	112545.0
139	112545.0
140	192398.0
141	192398.0
142	192398.0
143	192398.0
144	192398.0
145	243480.0
146	243480.0
147	243480.0
148	243480.0
149	243480.0
150	106515.0
151	106515.0
152	106515.0
153	106515.0
154	106515.0
155	244718.0
156	244718.0
157	244718.0
158	244718.0
159	244718.0
160	29793.0
161	29793.0
162	29793.0
163	29793.0
164	29793.0
165	79302.0
166	79302.0
167	79302.0
168	79302.0
169	79302.0
170	89572.0
171	89572.0
172	89572.0
173	89572.0
174	89572.0
175	94505.0
176	94505.0
177	94505.0
178	94505.0
179	94505.0
180	60374.0
181	60374.0
182	60374.0
183	60374.0
184	60374.0
185	297512.0
186	297512.0
187	297512.0
188	297512.0
189	297512.0
190	318098.0
191	318098.0
192	318098.0
193	318098.0
194	318098.0
195	148457.0
196	148457.0
197	148457.0
198	148457.0
199	148457.0
200	46616.0
201	46616.0
202	46616.0
203	46616.0
204	46616.0
205	170910.0
206	170910.0
207	170910.0
208	170910.0
209	170910.0
210	273130.0
211	273130.0
212	273130.0
213	273130.0
214	273130.0
215	251205.0
216	251205.0
217	251205.0
218	251205.0
219	251205.0
220	271246.0
221	271246.0
222	271246.0
223	271246.0
224	271246.0
225	29733.0
226	29733.0
227	29733.0
228	29733.0
229	29733.0
230	130927.0
231	130927.0
232	130927.0
233	130927.0
234	130927.0
235	142239.0
236	142239.0
237	142239.0
238	142239.0
239	142239.0
240	4862.0
241	4862.0
242	4862.0
243	4862.0
244	4862.0
245	185336.0
246	185336.0
247	185336.0
248	185336.0
249	185336.0
