0	40329.0
1	40329.0
2	40329.0
3	40329.0
4	40329.0
5	14216.0
6	14216.0
7	14216.0
8	14216.0
9	14216.0
10	163376.0
11	163376.0
12	163376.0
13	163376.0
14	163376.0
15	248860.0
16	248860.0
17	248860.0
18	248860.0
19	248860.0
20	144561.0
21	144561.0
22	144561.0
23	144561.0
24	144561.0
25	273073.0
26	273073.0
27	273073.0
28	273073.0
29	273073.0
30	154420.0
31	154420.0
32	154420.0
33	154420.0
34	154420.0
35	279670.0
36	279670.0
37	279670.0
38	279670.0
39	279670.0
40	101411.0
41	101411.0
42	101411.0
43	101411.0
44	101411.0
45	150939.0
46	150939.0
47	150939.0
48	150939.0
49	150939.0
50	84760.0
51	84760.0
52	84760.0
53	84760.0
54	84760.0
55	3457.0
56	3457.0
57	3457.0
58	3457.0
59	3457.0
60	280265.0
61	280265.0
62	280265.0
63	280265.0
64	280265.0
65	27395.0
66	27395.0
67	27395.0
68	27395.0
69	27395.0
70	207281.0
71	207281.0
72	207281.0
73	207281.0
74	207281.0
75	293372.0
76	293372.0
77	293372.0
78	293372.0
79	293372.0
80	285565.0
81	285565.0
82	285565.0
83	285565.0
84	285565.0
85	113134.0
86	113134.0
87	113134.0
88	113134.0
89	113134.0
90	267789.0
91	267789.0
92	267789.0
93	267789.0
94	267789.0
95	247720.0
96	247720.0
97	247720.0
98	247720.0
99	247720.0
100	179575.0
101	179575.0
102	179575.0
103	179575.0
104	179575.0
105	191987.0
106	191987.0
107	191987.0
108	191987.0
109	191987.0
110	107100.0
111	107100.0
112	107100.0
113	107100.0
114	107100.0
115	243494.0
116	243494.0
117	243494.0
118	243494.0
119	243494.0
120	299819.0
121	299819.0
122	299819.0
123	299819.0
124	299819.0
125	167970.0
126	167970.0
127	167970.0
128	167970.0
129	167970.0
130	271094.0
131	271094.0
132	271094.0
133	271094.0
134	271094.0
135	200274.0
136	200274.0
137	200274.0
138	200274.0
139	200274.0
140	99355.0
141	99355.0
142	99355.0
143	99355.0
144	99355.0
145	261562.0
146	261562.0
147	261562.0
148	261562.0
149	261562.0
150	121640.0
151	121640.0
152	121640.0
153	121640.0
154	121640.0
155	170906.0
156	170906.0
157	170906.0
158	170906.0
159	170906.0
160	53828.0
161	53828.0
162	53828.0
163	53828.0
164	53828.0
165	182966.0
166	182966.0
167	182966.0
168	182966.0
169	182966.0
170	47364.0
171	47364.0
172	47364.0
173	47364.0
174	47364.0
175	245330.0
176	245330.0
177	245330.0
178	245330.0
179	245330.0
180	299091.0
181	299091.0
182	299091.0
183	299091.0
184	299091.0
185	282270.0
186	282270.0
187	282270.0
188	282270.0
189	282270.0
190	73908.0
191	73908.0
192	73908.0
193	73908.0
194	73908.0
195	182469.0
196	182469.0
197	182469.0
198	182469.0
199	182469.0
200	114383.0
201	114383.0
202	114383.0
203	114383.0
204	114383.0
205	111167.0
206	111167.0
207	111167.0
208	111167.0
209	111167.0
210	130251.0
211	130251.0
212	130251.0
213	130251.0
214	130251.0
215	230338.0
216	230338.0
217	230338.0
218	230338.0
219	230338.0
220	266039.0
221	266039.0
222	266039.0
223	266039.0
224	266039.0
225	192275.0
226	192275.0
227	192275.0
228	192275.0
229	192275.0
230	12192.0
231	12192.0
232	12192.0
233	12192.0
234	12192.0
235	109303.0
236	109303.0
237	109303.0
238	109303.0
239	109303.0
240	228266.0
241	228266.0
242	228266.0
243	228266.0
244	228266.0
245	40527.0
246	40527.0
247	40527.0
248	40527.0
249	40527.0
