0	235030.0
1	235030.0
2	235030.0
3	235030.0
4	235030.0
5	110808.0
6	110808.0
7	110808.0
8	110808.0
9	110808.0
10	295690.0
11	295690.0
12	295690.0
13	295690.0
14	295690.0
15	282965.0
16	282965.0
17	282965.0
18	282965.0
19	282965.0
20	8493.0
21	8493.0
22	8493.0
23	8493.0
24	8493.0
25	150685.0
26	150685.0
27	150685.0
28	150685.0
29	150685.0
30	87128.0
31	87128.0
32	87128.0
33	87128.0
34	87128.0
35	178517.0
36	178517.0
37	178517.0
38	178517.0
39	178517.0
40	124318.0
41	124318.0
42	124318.0
43	124318.0
44	124318.0
45	147383.0
46	147383.0
47	147383.0
48	147383.0
49	147383.0
50	205790.0
51	205790.0
52	205790.0
53	205790.0
54	205790.0
55	223878.0
56	223878.0
57	223878.0
58	223878.0
59	223878.0
60	15644.0
61	15644.0
62	15644.0
63	15644.0
64	15644.0
65	284617.0
66	284617.0
67	284617.0
68	284617.0
69	284617.0
70	36894.0
71	36894.0
72	36894.0
73	36894.0
74	36894.0
75	239279.0
76	239279.0
77	239279.0
78	239279.0
79	239279.0
80	122283.0
81	122283.0
82	122283.0
83	122283.0
84	122283.0
85	204060.0
86	204060.0
87	204060.0
88	204060.0
89	204060.0
90	131035.0
91	131035.0
92	131035.0
93	131035.0
94	131035.0
95	155166.0
96	155166.0
97	155166.0
98	155166.0
99	155166.0
100	133957.0
101	133957.0
102	133957.0
103	133957.0
104	133957.0
105	276373.0
106	276373.0
107	276373.0
108	276373.0
109	276373.0
110	32190.0
111	32190.0
112	32190.0
113	32190.0
114	32190.0
115	297218.0
116	297218.0
117	297218.0
118	297218.0
119	297218.0
120	158490.0
121	158490.0
122	158490.0
123	158490.0
124	158490.0
125	116281.0
126	116281.0
127	116281.0
128	116281.0
129	116281.0
130	146916.0
131	146916.0
132	146916.0
133	146916.0
134	146916.0
135	25242.0
136	25242.0
137	25242.0
138	25242.0
139	25242.0
140	270372.0
141	270372.0
142	270372.0
143	270372.0
144	270372.0
145	215859.0
146	215859.0
147	215859.0
148	215859.0
149	215859.0
150	305908.0
151	305908.0
152	305908.0
153	305908.0
154	305908.0
155	310255.0
156	310255.0
157	310255.0
158	310255.0
159	310255.0
160	90500.0
161	90500.0
162	90500.0
163	90500.0
164	90500.0
165	226529.0
166	226529.0
167	226529.0
168	226529.0
169	226529.0
170	99775.0
171	99775.0
172	99775.0
173	99775.0
174	99775.0
175	78317.0
176	78317.0
177	78317.0
178	78317.0
179	78317.0
180	316005.0
181	316005.0
182	316005.0
183	316005.0
184	316005.0
185	91453.0
186	91453.0
187	91453.0
188	91453.0
189	91453.0
190	7379.0
191	7379.0
192	7379.0
193	7379.0
194	7379.0
195	161702.0
196	161702.0
197	161702.0
198	161702.0
199	161702.0
200	278541.0
201	278541.0
202	278541.0
203	278541.0
204	278541.0
205	127149.0
206	127149.0
207	127149.0
208	127149.0
209	127149.0
210	313000.0
211	313000.0
212	313000.0
213	313000.0
214	313000.0
215	115055.0
216	115055.0
217	115055.0
218	115055.0
219	115055.0
220	129813.0
221	129813.0
222	129813.0
223	129813.0
224	129813.0
225	156470.0
226	156470.0
227	156470.0
228	156470.0
229	156470.0
230	59994.0
231	59994.0
232	59994.0
233	59994.0
234	59994.0
235	302506.0
236	302506.0
237	302506.0
238	302506.0
239	302506.0
240	222850.0
241	222850.0
242	222850.0
243	222850.0
244	222850.0
245	117497.0
246	117497.0
247	117497.0
248	117497.0
249	117497.0
