0	289990.0
1	289990.0
2	289990.0
3	289990.0
4	289990.0
5	284060.0
6	284060.0
7	284060.0
8	284060.0
9	284060.0
10	232309.0
11	232309.0
12	232309.0
13	232309.0
14	232309.0
15	10654.0
16	10654.0
17	10654.0
18	10654.0
19	10654.0
20	305563.0
21	305563.0
22	305563.0
23	305563.0
24	305563.0
25	259939.0
26	259939.0
27	259939.0
28	259939.0
29	259939.0
30	171153.0
31	171153.0
32	171153.0
33	171153.0
34	171153.0
35	27350.0
36	27350.0
37	27350.0
38	27350.0
39	27350.0
40	92267.0
41	92267.0
42	92267.0
43	92267.0
44	92267.0
45	247723.0
46	247723.0
47	247723.0
48	247723.0
49	247723.0
50	226971.0
51	226971.0
52	226971.0
53	226971.0
54	226971.0
55	206733.0
56	206733.0
57	206733.0
58	206733.0
59	206733.0
60	59192.0
61	59192.0
62	59192.0
63	59192.0
64	59192.0
65	48371.0
66	48371.0
67	48371.0
68	48371.0
69	48371.0
70	134126.0
71	134126.0
72	134126.0
73	134126.0
74	134126.0
75	306742.0
76	306742.0
77	306742.0
78	306742.0
79	306742.0
80	230907.0
81	230907.0
82	230907.0
83	230907.0
84	230907.0
85	86773.0
86	86773.0
87	86773.0
88	86773.0
89	86773.0
90	292835.0
91	292835.0
92	292835.0
93	292835.0
94	292835.0
95	211094.0
96	211094.0
97	211094.0
98	211094.0
99	211094.0
100	200881.0
101	200881.0
102	200881.0
103	200881.0
104	200881.0
105	192920.0
106	192920.0
107	192920.0
108	192920.0
109	192920.0
110	236520.0
111	236520.0
112	236520.0
113	236520.0
114	236520.0
115	211109.0
116	211109.0
117	211109.0
118	211109.0
119	211109.0
120	226505.0
121	226505.0
122	226505.0
123	226505.0
124	226505.0
125	32466.0
126	32466.0
127	32466.0
128	32466.0
129	32466.0
130	16800.0
131	16800.0
132	16800.0
133	16800.0
134	16800.0
135	96904.0
136	96904.0
137	96904.0
138	96904.0
139	96904.0
140	21360.0
141	21360.0
142	21360.0
143	21360.0
144	21360.0
145	302265.0
146	302265.0
147	302265.0
148	302265.0
149	302265.0
150	241646.0
151	241646.0
152	241646.0
153	241646.0
154	241646.0
155	31822.0
156	31822.0
157	31822.0
158	31822.0
159	31822.0
160	17952.0
161	17952.0
162	17952.0
163	17952.0
164	17952.0
165	44640.0
166	44640.0
167	44640.0
168	44640.0
169	44640.0
170	306010.0
171	306010.0
172	306010.0
173	306010.0
174	306010.0
175	94090.0
176	94090.0
177	94090.0
178	94090.0
179	94090.0
180	270840.0
181	270840.0
182	270840.0
183	270840.0
184	270840.0
185	89604.0
186	89604.0
187	89604.0
188	89604.0
189	89604.0
190	292685.0
191	292685.0
192	292685.0
193	292685.0
194	292685.0
195	213169.0
196	213169.0
197	213169.0
198	213169.0
199	213169.0
200	297476.0
201	297476.0
202	297476.0
203	297476.0
204	297476.0
205	272059.0
206	272059.0
207	272059.0
208	272059.0
209	272059.0
210	86055.0
211	86055.0
212	86055.0
213	86055.0
214	86055.0
215	186880.0
216	186880.0
217	186880.0
218	186880.0
219	186880.0
220	130077.0
221	130077.0
222	130077.0
223	130077.0
224	130077.0
225	114252.0
226	114252.0
227	114252.0
228	114252.0
229	114252.0
230	274625.0
231	274625.0
232	274625.0
233	274625.0
234	274625.0
235	73588.0
236	73588.0
237	73588.0
238	73588.0
239	73588.0
240	180261.0
241	180261.0
242	180261.0
243	180261.0
244	180261.0
245	68982.0
246	68982.0
247	68982.0
248	68982.0
249	68982.0
