0	250860.0
1	250860.0
2	250860.0
3	250860.0
4	250860.0
5	270116.0
6	270116.0
7	270116.0
8	270116.0
9	270116.0
10	144430.0
11	144430.0
12	144430.0
13	144430.0
14	144430.0
15	19081.0
16	19081.0
17	19081.0
18	19081.0
19	19081.0
20	314494.0
21	314494.0
22	314494.0
23	314494.0
24	314494.0
25	69843.0
26	69843.0
27	69843.0
28	69843.0
29	69843.0
30	17640.0
31	17640.0
32	17640.0
33	17640.0
34	17640.0
35	270795.0
36	270795.0
37	270795.0
38	270795.0
39	270795.0
40	49847.0
41	49847.0
42	49847.0
43	49847.0
44	49847.0
45	108645.0
46	108645.0
47	108645.0
48	108645.0
49	108645.0
50	255844.0
51	255844.0
52	255844.0
53	255844.0
54	255844.0
55	250342.0
56	250342.0
57	250342.0
58	250342.0
59	250342.0
60	170281.0
61	170281.0
62	170281.0
63	170281.0
64	170281.0
65	305355.0
66	305355.0
67	305355.0
68	305355.0
69	305355.0
70	38098.0
71	38098.0
72	38098.0
73	38098.0
74	38098.0
75	246871.0
76	246871.0
77	246871.0
78	246871.0
79	246871.0
80	79412.0
81	79412.0
82	79412.0
83	79412.0
84	79412.0
85	178354.0
86	178354.0
87	178354.0
88	178354.0
89	178354.0
90	12047.0
91	12047.0
92	12047.0
93	12047.0
94	12047.0
95	118426.0
96	118426.0
97	118426.0
98	118426.0
99	118426.0
100	134032.0
101	134032.0
102	134032.0
103	134032.0
104	134032.0
105	155310.0
106	155310.0
107	155310.0
108	155310.0
109	155310.0
110	85509.0
111	85509.0
112	85509.0
113	85509.0
114	85509.0
115	112612.0
116	112612.0
117	112612.0
118	112612.0
119	112612.0
120	125817.0
121	125817.0
122	125817.0
123	125817.0
124	125817.0
125	79177.0
126	79177.0
127	79177.0
128	79177.0
129	79177.0
130	113784.0
131	113784.0
132	113784.0
133	113784.0
134	113784.0
135	154890.0
136	154890.0
137	154890.0
138	154890.0
139	154890.0
140	232921.0
141	232921.0
142	232921.0
143	232921.0
144	232921.0
145	296917.0
146	296917.0
147	296917.0
148	296917.0
149	296917.0
150	227477.0
151	227477.0
152	227477.0
153	227477.0
154	227477.0
155	233078.0
156	233078.0
157	233078.0
158	233078.0
159	233078.0
160	175501.0
161	175501.0
162	175501.0
163	175501.0
164	175501.0
165	215423.0
166	215423.0
167	215423.0
168	215423.0
169	215423.0
170	172241.0
171	172241.0
172	172241.0
173	172241.0
174	172241.0
175	279757.0
176	279757.0
177	279757.0
178	279757.0
179	279757.0
180	152772.0
181	152772.0
182	152772.0
183	152772.0
184	152772.0
185	157704.0
186	157704.0
187	157704.0
188	157704.0
189	157704.0
190	198340.0
191	198340.0
192	198340.0
193	198340.0
194	198340.0
195	232044.0
196	232044.0
197	232044.0
198	232044.0
199	232044.0
200	127001.0
201	127001.0
202	127001.0
203	127001.0
204	127001.0
205	4759.0
206	4759.0
207	4759.0
208	4759.0
209	4759.0
210	271979.0
211	271979.0
212	271979.0
213	271979.0
214	271979.0
215	213991.0
216	213991.0
217	213991.0
218	213991.0
219	213991.0
220	50785.0
221	50785.0
222	50785.0
223	50785.0
224	50785.0
225	196785.0
226	196785.0
227	196785.0
228	196785.0
229	196785.0
230	116031.0
231	116031.0
232	116031.0
233	116031.0
234	116031.0
235	48070.0
236	48070.0
237	48070.0
238	48070.0
239	48070.0
240	314728.0
241	314728.0
242	314728.0
243	314728.0
244	314728.0
245	131894.0
246	131894.0
247	131894.0
248	131894.0
249	131894.0
