0	76989.0
1	76989.0
2	76989.0
3	76989.0
4	76989.0
5	279862.0
6	279862.0
7	279862.0
8	279862.0
9	279862.0
10	624540.0
11	624540.0
12	624540.0
13	624540.0
14	624540.0
15	281447.0
16	281447.0
17	281447.0
18	281447.0
19	281447.0
20	18207.0
21	18207.0
22	18207.0
23	18207.0
24	18207.0
25	663893.0
26	663893.0
27	663893.0
28	663893.0
29	663893.0
30	756405.0
31	756405.0
32	756405.0
33	756405.0
34	756405.0
35	958365.0
36	958365.0
37	958365.0
38	958365.0
39	958365.0
40	648363.0
41	648363.0
42	648363.0
43	648363.0
44	648363.0
45	713581.0
46	713581.0
47	713581.0
48	713581.0
49	713581.0
50	634764.0
51	634764.0
52	634764.0
53	634764.0
54	634764.0
55	958455.0
56	958455.0
57	958455.0
58	958455.0
59	958455.0
60	802509.0
61	802509.0
62	802509.0
63	802509.0
64	802509.0
65	937724.0
66	937724.0
67	937724.0
68	937724.0
69	937724.0
70	626604.0
71	626604.0
72	626604.0
73	626604.0
74	626604.0
75	267929.0
76	267929.0
77	267929.0
78	267929.0
79	267929.0
80	253708.0
81	253708.0
82	253708.0
83	253708.0
84	253708.0
85	441951.0
86	441951.0
87	441951.0
88	441951.0
89	441951.0
90	241510.0
91	241510.0
92	241510.0
93	241510.0
94	241510.0
95	777171.0
96	777171.0
97	777171.0
98	777171.0
99	777171.0
100	813021.0
101	813021.0
102	813021.0
103	813021.0
104	813021.0
105	104264.0
106	104264.0
107	104264.0
108	104264.0
109	104264.0
110	439368.0
111	439368.0
112	439368.0
113	439368.0
114	439368.0
115	455361.0
116	455361.0
117	455361.0
118	455361.0
119	455361.0
120	34572.0
121	34572.0
122	34572.0
123	34572.0
124	34572.0
125	604260.0
126	604260.0
127	604260.0
128	604260.0
129	604260.0
130	942766.0
131	942766.0
132	942766.0
133	942766.0
134	942766.0
135	682982.0
136	682982.0
137	682982.0
138	682982.0
139	682982.0
140	257677.0
141	257677.0
142	257677.0
143	257677.0
144	257677.0
145	475735.0
146	475735.0
147	475735.0
148	475735.0
149	475735.0
150	285064.0
151	285064.0
152	285064.0
153	285064.0
154	285064.0
155	423222.0
156	423222.0
157	423222.0
158	423222.0
159	423222.0
160	781009.0
161	781009.0
162	781009.0
163	781009.0
164	781009.0
165	480485.0
166	480485.0
167	480485.0
168	480485.0
169	480485.0
170	352931.0
171	352931.0
172	352931.0
173	352931.0
174	352931.0
175	120067.0
176	120067.0
177	120067.0
178	120067.0
179	120067.0
180	951377.0
181	951377.0
182	951377.0
183	951377.0
184	951377.0
185	558940.0
186	558940.0
187	558940.0
188	558940.0
189	558940.0
190	117843.0
191	117843.0
192	117843.0
193	117843.0
194	117843.0
195	928446.0
196	928446.0
197	928446.0
198	928446.0
199	928446.0
200	412531.0
201	412531.0
202	412531.0
203	412531.0
204	412531.0
205	321513.0
206	321513.0
207	321513.0
208	321513.0
209	321513.0
210	658440.0
211	658440.0
212	658440.0
213	658440.0
214	658440.0
215	657500.0
216	657500.0
217	657500.0
218	657500.0
219	657500.0
220	935101.0
221	935101.0
222	935101.0
223	935101.0
224	935101.0
225	884891.0
226	884891.0
227	884891.0
228	884891.0
229	884891.0
230	728841.0
231	728841.0
232	728841.0
233	728841.0
234	728841.0
235	307526.0
236	307526.0
237	307526.0
238	307526.0
239	307526.0
240	361768.0
241	361768.0
242	361768.0
243	361768.0
244	361768.0
245	330560.0
246	330560.0
247	330560.0
248	330560.0
249	330560.0
