0	252883.0
1	252883.0
2	252883.0
3	252883.0
4	252883.0
5	120928.0
6	120928.0
7	120928.0
8	120928.0
9	120928.0
10	398440.0
11	398440.0
12	398440.0
13	398440.0
14	398440.0
15	531338.0
16	531338.0
17	531338.0
18	531338.0
19	531338.0
20	190401.0
21	190401.0
22	190401.0
23	190401.0
24	190401.0
25	815774.0
26	815774.0
27	815774.0
28	815774.0
29	815774.0
30	381967.0
31	381967.0
32	381967.0
33	381967.0
34	381967.0
35	249004.0
36	249004.0
37	249004.0
38	249004.0
39	249004.0
40	733768.0
41	733768.0
42	733768.0
43	733768.0
44	733768.0
45	908177.0
46	908177.0
47	908177.0
48	908177.0
49	908177.0
50	677433.0
51	677433.0
52	677433.0
53	677433.0
54	677433.0
55	679994.0
56	679994.0
57	679994.0
58	679994.0
59	679994.0
60	532481.0
61	532481.0
62	532481.0
63	532481.0
64	532481.0
65	936141.0
66	936141.0
67	936141.0
68	936141.0
69	936141.0
70	192145.0
71	192145.0
72	192145.0
73	192145.0
74	192145.0
75	485591.0
76	485591.0
77	485591.0
78	485591.0
79	485591.0
80	923628.0
81	923628.0
82	923628.0
83	923628.0
84	923628.0
85	622864.0
86	622864.0
87	622864.0
88	622864.0
89	622864.0
90	974253.0
91	974253.0
92	974253.0
93	974253.0
94	974253.0
95	14736.0
96	14736.0
97	14736.0
98	14736.0
99	14736.0
100	642492.0
101	642492.0
102	642492.0
103	642492.0
104	642492.0
105	424190.0
106	424190.0
107	424190.0
108	424190.0
109	424190.0
110	151339.0
111	151339.0
112	151339.0
113	151339.0
114	151339.0
115	85906.0
116	85906.0
117	85906.0
118	85906.0
119	85906.0
120	197335.0
121	197335.0
122	197335.0
123	197335.0
124	197335.0
125	573005.0
126	573005.0
127	573005.0
128	573005.0
129	573005.0
130	234888.0
131	234888.0
132	234888.0
133	234888.0
134	234888.0
135	445489.0
136	445489.0
137	445489.0
138	445489.0
139	445489.0
140	436677.0
141	436677.0
142	436677.0
143	436677.0
144	436677.0
145	972339.0
146	972339.0
147	972339.0
148	972339.0
149	972339.0
150	502061.0
151	502061.0
152	502061.0
153	502061.0
154	502061.0
155	674402.0
156	674402.0
157	674402.0
158	674402.0
159	674402.0
160	374658.0
161	374658.0
162	374658.0
163	374658.0
164	374658.0
165	291348.0
166	291348.0
167	291348.0
168	291348.0
169	291348.0
170	222293.0
171	222293.0
172	222293.0
173	222293.0
174	222293.0
175	946693.0
176	946693.0
177	946693.0
178	946693.0
179	946693.0
180	645349.0
181	645349.0
182	645349.0
183	645349.0
184	645349.0
185	642759.0
186	642759.0
187	642759.0
188	642759.0
189	642759.0
190	940072.0
191	940072.0
192	940072.0
193	940072.0
194	940072.0
195	169648.0
196	169648.0
197	169648.0
198	169648.0
199	169648.0
200	4720.0
201	4720.0
202	4720.0
203	4720.0
204	4720.0
205	270901.0
206	270901.0
207	270901.0
208	270901.0
209	270901.0
210	397032.0
211	397032.0
212	397032.0
213	397032.0
214	397032.0
215	825506.0
216	825506.0
217	825506.0
218	825506.0
219	825506.0
220	274966.0
221	274966.0
222	274966.0
223	274966.0
224	274966.0
225	667070.0
226	667070.0
227	667070.0
228	667070.0
229	667070.0
230	261458.0
231	261458.0
232	261458.0
233	261458.0
234	261458.0
235	916827.0
236	916827.0
237	916827.0
238	916827.0
239	916827.0
240	571310.0
241	571310.0
242	571310.0
243	571310.0
244	571310.0
245	185663.0
246	185663.0
247	185663.0
248	185663.0
249	185663.0
