0	383561.0
1	383561.0
2	383561.0
3	383561.0
4	383561.0
5	235571.0
6	235571.0
7	235571.0
8	235571.0
9	235571.0
10	792581.0
11	792581.0
12	792581.0
13	792581.0
14	792581.0
15	828913.0
16	828913.0
17	828913.0
18	828913.0
19	828913.0
20	610267.0
21	610267.0
22	610267.0
23	610267.0
24	610267.0
25	47149.0
26	47149.0
27	47149.0
28	47149.0
29	47149.0
30	924684.0
31	924684.0
32	924684.0
33	924684.0
34	924684.0
35	421489.0
36	421489.0
37	421489.0
38	421489.0
39	421489.0
40	813502.0
41	813502.0
42	813502.0
43	813502.0
44	813502.0
45	812522.0
46	812522.0
47	812522.0
48	812522.0
49	812522.0
50	628755.0
51	628755.0
52	628755.0
53	628755.0
54	628755.0
55	194052.0
56	194052.0
57	194052.0
58	194052.0
59	194052.0
60	159962.0
61	159962.0
62	159962.0
63	159962.0
64	159962.0
65	799214.0
66	799214.0
67	799214.0
68	799214.0
69	799214.0
70	436113.0
71	436113.0
72	436113.0
73	436113.0
74	436113.0
75	245032.0
76	245032.0
77	245032.0
78	245032.0
79	245032.0
80	498465.0
81	498465.0
82	498465.0
83	498465.0
84	498465.0
85	786387.0
86	786387.0
87	786387.0
88	786387.0
89	786387.0
90	315467.0
91	315467.0
92	315467.0
93	315467.0
94	315467.0
95	934694.0
96	934694.0
97	934694.0
98	934694.0
99	934694.0
100	683096.0
101	683096.0
102	683096.0
103	683096.0
104	683096.0
105	513921.0
106	513921.0
107	513921.0
108	513921.0
109	513921.0
110	443072.0
111	443072.0
112	443072.0
113	443072.0
114	443072.0
115	507242.0
116	507242.0
117	507242.0
118	507242.0
119	507242.0
120	564370.0
121	564370.0
122	564370.0
123	564370.0
124	564370.0
125	897576.0
126	897576.0
127	897576.0
128	897576.0
129	897576.0
130	182237.0
131	182237.0
132	182237.0
133	182237.0
134	182237.0
135	701169.0
136	701169.0
137	701169.0
138	701169.0
139	701169.0
140	264502.0
141	264502.0
142	264502.0
143	264502.0
144	264502.0
145	475211.0
146	475211.0
147	475211.0
148	475211.0
149	475211.0
150	501024.0
151	501024.0
152	501024.0
153	501024.0
154	501024.0
155	571497.0
156	571497.0
157	571497.0
158	571497.0
159	571497.0
160	805362.0
161	805362.0
162	805362.0
163	805362.0
164	805362.0
165	650654.0
166	650654.0
167	650654.0
168	650654.0
169	650654.0
170	615817.0
171	615817.0
172	615817.0
173	615817.0
174	615817.0
175	594250.0
176	594250.0
177	594250.0
178	594250.0
179	594250.0
180	887461.0
181	887461.0
182	887461.0
183	887461.0
184	887461.0
185	878361.0
186	878361.0
187	878361.0
188	878361.0
189	878361.0
190	74518.0
191	74518.0
192	74518.0
193	74518.0
194	74518.0
195	937109.0
196	937109.0
197	937109.0
198	937109.0
199	937109.0
200	869546.0
201	869546.0
202	869546.0
203	869546.0
204	869546.0
205	298993.0
206	298993.0
207	298993.0
208	298993.0
209	298993.0
210	113976.0
211	113976.0
212	113976.0
213	113976.0
214	113976.0
215	522704.0
216	522704.0
217	522704.0
218	522704.0
219	522704.0
220	754632.0
221	754632.0
222	754632.0
223	754632.0
224	754632.0
225	107241.0
226	107241.0
227	107241.0
228	107241.0
229	107241.0
230	782163.0
231	782163.0
232	782163.0
233	782163.0
234	782163.0
235	371189.0
236	371189.0
237	371189.0
238	371189.0
239	371189.0
240	818017.0
241	818017.0
242	818017.0
243	818017.0
244	818017.0
245	803088.0
246	803088.0
247	803088.0
248	803088.0
249	803088.0
