0	822020.0
1	822020.0
2	822020.0
3	822020.0
4	822020.0
5	897297.0
6	897297.0
7	897297.0
8	897297.0
9	897297.0
10	707965.0
11	707965.0
12	707965.0
13	707965.0
14	707965.0
15	551306.0
16	551306.0
17	551306.0
18	551306.0
19	551306.0
20	275051.0
21	275051.0
22	275051.0
23	275051.0
24	275051.0
25	533798.0
26	533798.0
27	533798.0
28	533798.0
29	533798.0
30	505442.0
31	505442.0
32	505442.0
33	505442.0
34	505442.0
35	385676.0
36	385676.0
37	385676.0
38	385676.0
39	385676.0
40	955207.0
41	955207.0
42	955207.0
43	955207.0
44	955207.0
45	577149.0
46	577149.0
47	577149.0
48	577149.0
49	577149.0
50	828500.0
51	828500.0
52	828500.0
53	828500.0
54	828500.0
55	161906.0
56	161906.0
57	161906.0
58	161906.0
59	161906.0
60	751882.0
61	751882.0
62	751882.0
63	751882.0
64	751882.0
65	127746.0
66	127746.0
67	127746.0
68	127746.0
69	127746.0
70	511105.0
71	511105.0
72	511105.0
73	511105.0
74	511105.0
75	962205.0
76	962205.0
77	962205.0
78	962205.0
79	962205.0
80	374413.0
81	374413.0
82	374413.0
83	374413.0
84	374413.0
85	765329.0
86	765329.0
87	765329.0
88	765329.0
89	765329.0
90	671734.0
91	671734.0
92	671734.0
93	671734.0
94	671734.0
95	736203.0
96	736203.0
97	736203.0
98	736203.0
99	736203.0
100	814976.0
101	814976.0
102	814976.0
103	814976.0
104	814976.0
105	655664.0
106	655664.0
107	655664.0
108	655664.0
109	655664.0
110	608941.0
111	608941.0
112	608941.0
113	608941.0
114	608941.0
115	333035.0
116	333035.0
117	333035.0
118	333035.0
119	333035.0
120	44975.0
121	44975.0
122	44975.0
123	44975.0
124	44975.0
125	111493.0
126	111493.0
127	111493.0
128	111493.0
129	111493.0
130	724930.0
131	724930.0
132	724930.0
133	724930.0
134	724930.0
135	660363.0
136	660363.0
137	660363.0
138	660363.0
139	660363.0
140	289414.0
141	289414.0
142	289414.0
143	289414.0
144	289414.0
145	94445.0
146	94445.0
147	94445.0
148	94445.0
149	94445.0
150	665226.0
151	665226.0
152	665226.0
153	665226.0
154	665226.0
155	22512.0
156	22512.0
157	22512.0
158	22512.0
159	22512.0
160	756929.0
161	756929.0
162	756929.0
163	756929.0
164	756929.0
165	243867.0
166	243867.0
167	243867.0
168	243867.0
169	243867.0
170	208613.0
171	208613.0
172	208613.0
173	208613.0
174	208613.0
175	825684.0
176	825684.0
177	825684.0
178	825684.0
179	825684.0
180	443999.0
181	443999.0
182	443999.0
183	443999.0
184	443999.0
185	276388.0
186	276388.0
187	276388.0
188	276388.0
189	276388.0
190	100432.0
191	100432.0
192	100432.0
193	100432.0
194	100432.0
195	109555.0
196	109555.0
197	109555.0
198	109555.0
199	109555.0
200	584133.0
201	584133.0
202	584133.0
203	584133.0
204	584133.0
205	479283.0
206	479283.0
207	479283.0
208	479283.0
209	479283.0
210	564576.0
211	564576.0
212	564576.0
213	564576.0
214	564576.0
215	60029.0
216	60029.0
217	60029.0
218	60029.0
219	60029.0
220	350368.0
221	350368.0
222	350368.0
223	350368.0
224	350368.0
225	919155.0
226	919155.0
227	919155.0
228	919155.0
229	919155.0
230	98111.0
231	98111.0
232	98111.0
233	98111.0
234	98111.0
235	241367.0
236	241367.0
237	241367.0
238	241367.0
239	241367.0
240	391862.0
241	391862.0
242	391862.0
243	391862.0
244	391862.0
245	602552.0
246	602552.0
247	602552.0
248	602552.0
249	602552.0
