0	54682.0
1	54682.0
2	54682.0
3	54682.0
4	54682.0
5	11362.0
6	11362.0
7	11362.0
8	11362.0
9	11362.0
10	620369.0
11	620369.0
12	620369.0
13	620369.0
14	620369.0
15	385270.0
16	385270.0
17	385270.0
18	385270.0
19	385270.0
20	632411.0
21	632411.0
22	632411.0
23	632411.0
24	632411.0
25	655812.0
26	655812.0
27	655812.0
28	655812.0
29	655812.0
30	559307.0
31	559307.0
32	559307.0
33	559307.0
34	559307.0
35	87008.0
36	87008.0
37	87008.0
38	87008.0
39	87008.0
40	386370.0
41	386370.0
42	386370.0
43	386370.0
44	386370.0
45	424375.0
46	424375.0
47	424375.0
48	424375.0
49	424375.0
50	380071.0
51	380071.0
52	380071.0
53	380071.0
54	380071.0
55	250113.0
56	250113.0
57	250113.0
58	250113.0
59	250113.0
60	394916.0
61	394916.0
62	394916.0
63	394916.0
64	394916.0
65	92948.0
66	92948.0
67	92948.0
68	92948.0
69	92948.0
70	837981.0
71	837981.0
72	837981.0
73	837981.0
74	837981.0
75	528068.0
76	528068.0
77	528068.0
78	528068.0
79	528068.0
80	753730.0
81	753730.0
82	753730.0
83	753730.0
84	753730.0
85	124313.0
86	124313.0
87	124313.0
88	124313.0
89	124313.0
90	793347.0
91	793347.0
92	793347.0
93	793347.0
94	793347.0
95	396827.0
96	396827.0
97	396827.0
98	396827.0
99	396827.0
100	714799.0
101	714799.0
102	714799.0
103	714799.0
104	714799.0
105	743142.0
106	743142.0
107	743142.0
108	743142.0
109	743142.0
110	89183.0
111	89183.0
112	89183.0
113	89183.0
114	89183.0
115	19805.0
116	19805.0
117	19805.0
118	19805.0
119	19805.0
120	309262.0
121	309262.0
122	309262.0
123	309262.0
124	309262.0
125	45302.0
126	45302.0
127	45302.0
128	45302.0
129	45302.0
130	338.0
131	338.0
132	338.0
133	338.0
134	338.0
135	565956.0
136	565956.0
137	565956.0
138	565956.0
139	565956.0
140	244258.0
141	244258.0
142	244258.0
143	244258.0
144	244258.0
145	27211.0
146	27211.0
147	27211.0
148	27211.0
149	27211.0
150	604294.0
151	604294.0
152	604294.0
153	604294.0
154	604294.0
155	447003.0
156	447003.0
157	447003.0
158	447003.0
159	447003.0
160	296089.0
161	296089.0
162	296089.0
163	296089.0
164	296089.0
165	44061.0
166	44061.0
167	44061.0
168	44061.0
169	44061.0
170	285210.0
171	285210.0
172	285210.0
173	285210.0
174	285210.0
175	847828.0
176	847828.0
177	847828.0
178	847828.0
179	847828.0
180	793033.0
181	793033.0
182	793033.0
183	793033.0
184	793033.0
185	419299.0
186	419299.0
187	419299.0
188	419299.0
189	419299.0
190	287819.0
191	287819.0
192	287819.0
193	287819.0
194	287819.0
195	283380.0
196	283380.0
197	283380.0
198	283380.0
199	283380.0
200	840316.0
201	840316.0
202	840316.0
203	840316.0
204	840316.0
205	553726.0
206	553726.0
207	553726.0
208	553726.0
209	553726.0
210	180029.0
211	180029.0
212	180029.0
213	180029.0
214	180029.0
215	293358.0
216	293358.0
217	293358.0
218	293358.0
219	293358.0
220	586772.0
221	586772.0
222	586772.0
223	586772.0
224	586772.0
225	59807.0
226	59807.0
227	59807.0
228	59807.0
229	59807.0
230	410013.0
231	410013.0
232	410013.0
233	410013.0
234	410013.0
235	34784.0
236	34784.0
237	34784.0
238	34784.0
239	34784.0
240	750366.0
241	750366.0
242	750366.0
243	750366.0
244	750366.0
245	517463.0
246	517463.0
247	517463.0
248	517463.0
249	517463.0
