0	703516.0
1	703516.0
2	703516.0
3	703516.0
4	703516.0
5	4943.0
6	4943.0
7	4943.0
8	4943.0
9	4943.0
10	501902.0
11	501902.0
12	501902.0
13	501902.0
14	501902.0
15	265240.0
16	265240.0
17	265240.0
18	265240.0
19	265240.0
20	542279.0
21	542279.0
22	542279.0
23	542279.0
24	542279.0
25	407658.0
26	407658.0
27	407658.0
28	407658.0
29	407658.0
30	75241.0
31	75241.0
32	75241.0
33	75241.0
34	75241.0
35	183344.0
36	183344.0
37	183344.0
38	183344.0
39	183344.0
40	591193.0
41	591193.0
42	591193.0
43	591193.0
44	591193.0
45	634903.0
46	634903.0
47	634903.0
48	634903.0
49	634903.0
50	206038.0
51	206038.0
52	206038.0
53	206038.0
54	206038.0
55	144795.0
56	144795.0
57	144795.0
58	144795.0
59	144795.0
60	689051.0
61	689051.0
62	689051.0
63	689051.0
64	689051.0
65	694633.0
66	694633.0
67	694633.0
68	694633.0
69	694633.0
70	805493.0
71	805493.0
72	805493.0
73	805493.0
74	805493.0
75	702732.0
76	702732.0
77	702732.0
78	702732.0
79	702732.0
80	409207.0
81	409207.0
82	409207.0
83	409207.0
84	409207.0
85	632622.0
86	632622.0
87	632622.0
88	632622.0
89	632622.0
90	161867.0
91	161867.0
92	161867.0
93	161867.0
94	161867.0
95	432504.0
96	432504.0
97	432504.0
98	432504.0
99	432504.0
100	588937.0
101	588937.0
102	588937.0
103	588937.0
104	588937.0
105	296826.0
106	296826.0
107	296826.0
108	296826.0
109	296826.0
110	780409.0
111	780409.0
112	780409.0
113	780409.0
114	780409.0
115	841236.0
116	841236.0
117	841236.0
118	841236.0
119	841236.0
120	84306.0
121	84306.0
122	84306.0
123	84306.0
124	84306.0
125	199064.0
126	199064.0
127	199064.0
128	199064.0
129	199064.0
130	716045.0
131	716045.0
132	716045.0
133	716045.0
134	716045.0
135	450599.0
136	450599.0
137	450599.0
138	450599.0
139	450599.0
140	162928.0
141	162928.0
142	162928.0
143	162928.0
144	162928.0
145	706703.0
146	706703.0
147	706703.0
148	706703.0
149	706703.0
150	760759.0
151	760759.0
152	760759.0
153	760759.0
154	760759.0
155	293477.0
156	293477.0
157	293477.0
158	293477.0
159	293477.0
160	556499.0
161	556499.0
162	556499.0
163	556499.0
164	556499.0
165	245185.0
166	245185.0
167	245185.0
168	245185.0
169	245185.0
170	362346.0
171	362346.0
172	362346.0
173	362346.0
174	362346.0
175	762238.0
176	762238.0
177	762238.0
178	762238.0
179	762238.0
180	838717.0
181	838717.0
182	838717.0
183	838717.0
184	838717.0
185	495015.0
186	495015.0
187	495015.0
188	495015.0
189	495015.0
190	174816.0
191	174816.0
192	174816.0
193	174816.0
194	174816.0
195	7234.0
196	7234.0
197	7234.0
198	7234.0
199	7234.0
200	46682.0
201	46682.0
202	46682.0
203	46682.0
204	46682.0
205	738031.0
206	738031.0
207	738031.0
208	738031.0
209	738031.0
210	510412.0
211	510412.0
212	510412.0
213	510412.0
214	510412.0
215	480769.0
216	480769.0
217	480769.0
218	480769.0
219	480769.0
220	49804.0
221	49804.0
222	49804.0
223	49804.0
224	49804.0
225	557976.0
226	557976.0
227	557976.0
228	557976.0
229	557976.0
230	599719.0
231	599719.0
232	599719.0
233	599719.0
234	599719.0
235	173737.0
236	173737.0
237	173737.0
238	173737.0
239	173737.0
240	771738.0
241	771738.0
242	771738.0
243	771738.0
244	771738.0
245	358199.0
246	358199.0
247	358199.0
248	358199.0
249	358199.0
