0	436586.0
1	436586.0
2	436586.0
3	436586.0
4	436586.0
5	816663.0
6	816663.0
7	816663.0
8	816663.0
9	816663.0
10	583803.0
11	583803.0
12	583803.0
13	583803.0
14	583803.0
15	298608.0
16	298608.0
17	298608.0
18	298608.0
19	298608.0
20	379038.0
21	379038.0
22	379038.0
23	379038.0
24	379038.0
25	549537.0
26	549537.0
27	549537.0
28	549537.0
29	549537.0
30	447513.0
31	447513.0
32	447513.0
33	447513.0
34	447513.0
35	417790.0
36	417790.0
37	417790.0
38	417790.0
39	417790.0
40	395219.0
41	395219.0
42	395219.0
43	395219.0
44	395219.0
45	808649.0
46	808649.0
47	808649.0
48	808649.0
49	808649.0
50	203328.0
51	203328.0
52	203328.0
53	203328.0
54	203328.0
55	343425.0
56	343425.0
57	343425.0
58	343425.0
59	343425.0
60	184555.0
61	184555.0
62	184555.0
63	184555.0
64	184555.0
65	544134.0
66	544134.0
67	544134.0
68	544134.0
69	544134.0
70	761052.0
71	761052.0
72	761052.0
73	761052.0
74	761052.0
75	77876.0
76	77876.0
77	77876.0
78	77876.0
79	77876.0
80	50036.0
81	50036.0
82	50036.0
83	50036.0
84	50036.0
85	216731.0
86	216731.0
87	216731.0
88	216731.0
89	216731.0
90	776580.0
91	776580.0
92	776580.0
93	776580.0
94	776580.0
95	381189.0
96	381189.0
97	381189.0
98	381189.0
99	381189.0
100	187623.0
101	187623.0
102	187623.0
103	187623.0
104	187623.0
105	446974.0
106	446974.0
107	446974.0
108	446974.0
109	446974.0
110	836760.0
111	836760.0
112	836760.0
113	836760.0
114	836760.0
115	106192.0
116	106192.0
117	106192.0
118	106192.0
119	106192.0
120	706823.0
121	706823.0
122	706823.0
123	706823.0
124	706823.0
125	478390.0
126	478390.0
127	478390.0
128	478390.0
129	478390.0
130	209175.0
131	209175.0
132	209175.0
133	209175.0
134	209175.0
135	298764.0
136	298764.0
137	298764.0
138	298764.0
139	298764.0
140	236135.0
141	236135.0
142	236135.0
143	236135.0
144	236135.0
145	264131.0
146	264131.0
147	264131.0
148	264131.0
149	264131.0
150	193561.0
151	193561.0
152	193561.0
153	193561.0
154	193561.0
155	501578.0
156	501578.0
157	501578.0
158	501578.0
159	501578.0
160	672248.0
161	672248.0
162	672248.0
163	672248.0
164	672248.0
165	669228.0
166	669228.0
167	669228.0
168	669228.0
169	669228.0
170	47350.0
171	47350.0
172	47350.0
173	47350.0
174	47350.0
175	733485.0
176	733485.0
177	733485.0
178	733485.0
179	733485.0
180	96665.0
181	96665.0
182	96665.0
183	96665.0
184	96665.0
185	79320.0
186	79320.0
187	79320.0
188	79320.0
189	79320.0
190	314590.0
191	314590.0
192	314590.0
193	314590.0
194	314590.0
195	430130.0
196	430130.0
197	430130.0
198	430130.0
199	430130.0
200	165769.0
201	165769.0
202	165769.0
203	165769.0
204	165769.0
205	109281.0
206	109281.0
207	109281.0
208	109281.0
209	109281.0
210	471659.0
211	471659.0
212	471659.0
213	471659.0
214	471659.0
215	248545.0
216	248545.0
217	248545.0
218	248545.0
219	248545.0
220	309608.0
221	309608.0
222	309608.0
223	309608.0
224	309608.0
225	457222.0
226	457222.0
227	457222.0
228	457222.0
229	457222.0
230	59909.0
231	59909.0
232	59909.0
233	59909.0
234	59909.0
235	167018.0
236	167018.0
237	167018.0
238	167018.0
239	167018.0
240	142379.0
241	142379.0
242	142379.0
243	142379.0
244	142379.0
245	284132.0
246	284132.0
247	284132.0
248	284132.0
249	284132.0
