0	249371.0
1	249371.0
2	249371.0
3	249371.0
4	249371.0
5	478756.0
6	478756.0
7	478756.0
8	478756.0
9	478756.0
10	838566.0
11	838566.0
12	838566.0
13	838566.0
14	838566.0
15	601520.0
16	601520.0
17	601520.0
18	601520.0
19	601520.0
20	273052.0
21	273052.0
22	273052.0
23	273052.0
24	273052.0
25	363209.0
26	363209.0
27	363209.0
28	363209.0
29	363209.0
30	761145.0
31	761145.0
32	761145.0
33	761145.0
34	761145.0
35	316541.0
36	316541.0
37	316541.0
38	316541.0
39	316541.0
40	623145.0
41	623145.0
42	623145.0
43	623145.0
44	623145.0
45	831991.0
46	831991.0
47	831991.0
48	831991.0
49	831991.0
50	672275.0
51	672275.0
52	672275.0
53	672275.0
54	672275.0
55	342388.0
56	342388.0
57	342388.0
58	342388.0
59	342388.0
60	135261.0
61	135261.0
62	135261.0
63	135261.0
64	135261.0
65	60212.0
66	60212.0
67	60212.0
68	60212.0
69	60212.0
70	309457.0
71	309457.0
72	309457.0
73	309457.0
74	309457.0
75	279759.0
76	279759.0
77	279759.0
78	279759.0
79	279759.0
80	160401.0
81	160401.0
82	160401.0
83	160401.0
84	160401.0
85	105615.0
86	105615.0
87	105615.0
88	105615.0
89	105615.0
90	548650.0
91	548650.0
92	548650.0
93	548650.0
94	548650.0
95	498588.0
96	498588.0
97	498588.0
98	498588.0
99	498588.0
100	512606.0
101	512606.0
102	512606.0
103	512606.0
104	512606.0
105	380791.0
106	380791.0
107	380791.0
108	380791.0
109	380791.0
110	623599.0
111	623599.0
112	623599.0
113	623599.0
114	623599.0
115	38460.0
116	38460.0
117	38460.0
118	38460.0
119	38460.0
120	662865.0
121	662865.0
122	662865.0
123	662865.0
124	662865.0
125	625677.0
126	625677.0
127	625677.0
128	625677.0
129	625677.0
130	663101.0
131	663101.0
132	663101.0
133	663101.0
134	663101.0
135	359959.0
136	359959.0
137	359959.0
138	359959.0
139	359959.0
140	558347.0
141	558347.0
142	558347.0
143	558347.0
144	558347.0
145	221308.0
146	221308.0
147	221308.0
148	221308.0
149	221308.0
150	688547.0
151	688547.0
152	688547.0
153	688547.0
154	688547.0
155	791966.0
156	791966.0
157	791966.0
158	791966.0
159	791966.0
160	627938.0
161	627938.0
162	627938.0
163	627938.0
164	627938.0
165	149448.0
166	149448.0
167	149448.0
168	149448.0
169	149448.0
170	245659.0
171	245659.0
172	245659.0
173	245659.0
174	245659.0
175	322100.0
176	322100.0
177	322100.0
178	322100.0
179	322100.0
180	702773.0
181	702773.0
182	702773.0
183	702773.0
184	702773.0
185	618751.0
186	618751.0
187	618751.0
188	618751.0
189	618751.0
190	816610.0
191	816610.0
192	816610.0
193	816610.0
194	816610.0
195	564472.0
196	564472.0
197	564472.0
198	564472.0
199	564472.0
200	106140.0
201	106140.0
202	106140.0
203	106140.0
204	106140.0
205	774647.0
206	774647.0
207	774647.0
208	774647.0
209	774647.0
210	730948.0
211	730948.0
212	730948.0
213	730948.0
214	730948.0
215	149367.0
216	149367.0
217	149367.0
218	149367.0
219	149367.0
220	687008.0
221	687008.0
222	687008.0
223	687008.0
224	687008.0
225	428418.0
226	428418.0
227	428418.0
228	428418.0
229	428418.0
230	650757.0
231	650757.0
232	650757.0
233	650757.0
234	650757.0
235	807554.0
236	807554.0
237	807554.0
238	807554.0
239	807554.0
240	209262.0
241	209262.0
242	209262.0
243	209262.0
244	209262.0
245	102629.0
246	102629.0
247	102629.0
248	102629.0
249	102629.0
