0	59030.0
1	59030.0
2	59030.0
3	59030.0
4	59030.0
5	145438.0
6	145438.0
7	145438.0
8	145438.0
9	145438.0
10	117958.0
11	117958.0
12	117958.0
13	117958.0
14	117958.0
15	100491.0
16	100491.0
17	100491.0
18	100491.0
19	100491.0
20	113900.0
21	113900.0
22	113900.0
23	113900.0
24	113900.0
25	124145.0
26	124145.0
27	124145.0
28	124145.0
29	124145.0
30	64440.0
31	64440.0
32	64440.0
33	64440.0
34	64440.0
35	132682.0
36	132682.0
37	132682.0
38	132682.0
39	132682.0
40	84096.0
41	84096.0
42	84096.0
43	84096.0
44	84096.0
45	10927.0
46	10927.0
47	10927.0
48	10927.0
49	10927.0
50	137787.0
51	137787.0
52	137787.0
53	137787.0
54	137787.0
55	147262.0
56	147262.0
57	147262.0
58	147262.0
59	147262.0
60	75647.0
61	75647.0
62	75647.0
63	75647.0
64	75647.0
65	7684.0
66	7684.0
67	7684.0
68	7684.0
69	7684.0
70	119756.0
71	119756.0
72	119756.0
73	119756.0
74	119756.0
75	62662.0
76	62662.0
77	62662.0
78	62662.0
79	62662.0
80	2308.0
81	2308.0
82	2308.0
83	2308.0
84	2308.0
85	88893.0
86	88893.0
87	88893.0
88	88893.0
89	88893.0
90	93428.0
91	93428.0
92	93428.0
93	93428.0
94	93428.0
95	107778.0
96	107778.0
97	107778.0
98	107778.0
99	107778.0
100	114464.0
101	114464.0
102	114464.0
103	114464.0
104	114464.0
105	97479.0
106	97479.0
107	97479.0
108	97479.0
109	97479.0
110	132295.0
111	132295.0
112	132295.0
113	132295.0
114	132295.0
115	110730.0
116	110730.0
117	110730.0
118	110730.0
119	110730.0
120	43315.0
121	43315.0
122	43315.0
123	43315.0
124	43315.0
125	113509.0
126	113509.0
127	113509.0
128	113509.0
129	113509.0
130	48391.0
131	48391.0
132	48391.0
133	48391.0
134	48391.0
135	88984.0
136	88984.0
137	88984.0
138	88984.0
139	88984.0
140	10319.0
141	10319.0
142	10319.0
143	10319.0
144	10319.0
145	48372.0
146	48372.0
147	48372.0
148	48372.0
149	48372.0
150	86043.0
151	86043.0
152	86043.0
153	86043.0
154	86043.0
155	3578.0
156	3578.0
157	3578.0
158	3578.0
159	3578.0
160	21286.0
161	21286.0
162	21286.0
163	21286.0
164	21286.0
165	129957.0
166	129957.0
167	129957.0
168	129957.0
169	129957.0
170	117155.0
171	117155.0
172	117155.0
173	117155.0
174	117155.0
175	143701.0
176	143701.0
177	143701.0
178	143701.0
179	143701.0
180	118930.0
181	118930.0
182	118930.0
183	118930.0
184	118930.0
185	52201.0
186	52201.0
187	52201.0
188	52201.0
189	52201.0
190	48785.0
191	48785.0
192	48785.0
193	48785.0
194	48785.0
195	142837.0
196	142837.0
197	142837.0
198	142837.0
199	142837.0
200	76533.0
201	76533.0
202	76533.0
203	76533.0
204	76533.0
205	149051.0
206	149051.0
207	149051.0
208	149051.0
209	149051.0
210	53200.0
211	53200.0
212	53200.0
213	53200.0
214	53200.0
215	107225.0
216	107225.0
217	107225.0
218	107225.0
219	107225.0
220	122162.0
221	122162.0
222	122162.0
223	122162.0
224	122162.0
225	112869.0
226	112869.0
227	112869.0
228	112869.0
229	112869.0
230	14113.0
231	14113.0
232	14113.0
233	14113.0
234	14113.0
235	120982.0
236	120982.0
237	120982.0
238	120982.0
239	120982.0
240	98226.0
241	98226.0
242	98226.0
243	98226.0
244	98226.0
245	126868.0
246	126868.0
247	126868.0
248	126868.0
249	126868.0
