0	116297.0
1	116297.0
2	116297.0
3	116297.0
4	116297.0
5	127565.0
6	127565.0
7	127565.0
8	127565.0
9	127565.0
10	72734.0
11	72734.0
12	72734.0
13	72734.0
14	72734.0
15	24741.0
16	24741.0
17	24741.0
18	24741.0
19	24741.0
20	91508.0
21	91508.0
22	91508.0
23	91508.0
24	91508.0
25	48610.0
26	48610.0
27	48610.0
28	48610.0
29	48610.0
30	141331.0
31	141331.0
32	141331.0
33	141331.0
34	141331.0
35	90194.0
36	90194.0
37	90194.0
38	90194.0
39	90194.0
40	58479.0
41	58479.0
42	58479.0
43	58479.0
44	58479.0
45	32365.0
46	32365.0
47	32365.0
48	32365.0
49	32365.0
50	83330.0
51	83330.0
52	83330.0
53	83330.0
54	83330.0
55	84011.0
56	84011.0
57	84011.0
58	84011.0
59	84011.0
60	112778.0
61	112778.0
62	112778.0
63	112778.0
64	112778.0
65	28758.0
66	28758.0
67	28758.0
68	28758.0
69	28758.0
70	25479.0
71	25479.0
72	25479.0
73	25479.0
74	25479.0
75	79667.0
76	79667.0
77	79667.0
78	79667.0
79	79667.0
80	30426.0
81	30426.0
82	30426.0
83	30426.0
84	30426.0
85	80918.0
86	80918.0
87	80918.0
88	80918.0
89	80918.0
90	46909.0
91	46909.0
92	46909.0
93	46909.0
94	46909.0
95	93948.0
96	93948.0
97	93948.0
98	93948.0
99	93948.0
100	27523.0
101	27523.0
102	27523.0
103	27523.0
104	27523.0
105	53443.0
106	53443.0
107	53443.0
108	53443.0
109	53443.0
110	100262.0
111	100262.0
112	100262.0
113	100262.0
114	100262.0
115	109424.0
116	109424.0
117	109424.0
118	109424.0
119	109424.0
120	64377.0
121	64377.0
122	64377.0
123	64377.0
124	64377.0
125	73337.0
126	73337.0
127	73337.0
128	73337.0
129	73337.0
130	63447.0
131	63447.0
132	63447.0
133	63447.0
134	63447.0
135	121925.0
136	121925.0
137	121925.0
138	121925.0
139	121925.0
140	141880.0
141	141880.0
142	141880.0
143	141880.0
144	141880.0
145	113863.0
146	113863.0
147	113863.0
148	113863.0
149	113863.0
150	59292.0
151	59292.0
152	59292.0
153	59292.0
154	59292.0
155	78245.0
156	78245.0
157	78245.0
158	78245.0
159	78245.0
160	84927.0
161	84927.0
162	84927.0
163	84927.0
164	84927.0
165	70453.0
166	70453.0
167	70453.0
168	70453.0
169	70453.0
170	99946.0
171	99946.0
172	99946.0
173	99946.0
174	99946.0
175	42827.0
176	42827.0
177	42827.0
178	42827.0
179	42827.0
180	14685.0
181	14685.0
182	14685.0
183	14685.0
184	14685.0
185	72229.0
186	72229.0
187	72229.0
188	72229.0
189	72229.0
190	68406.0
191	68406.0
192	68406.0
193	68406.0
194	68406.0
195	73672.0
196	73672.0
197	73672.0
198	73672.0
199	73672.0
200	56481.0
201	56481.0
202	56481.0
203	56481.0
204	56481.0
205	20978.0
206	20978.0
207	20978.0
208	20978.0
209	20978.0
210	110673.0
211	110673.0
212	110673.0
213	110673.0
214	110673.0
215	41841.0
216	41841.0
217	41841.0
218	41841.0
219	41841.0
220	94756.0
221	94756.0
222	94756.0
223	94756.0
224	94756.0
225	109262.0
226	109262.0
227	109262.0
228	109262.0
229	109262.0
230	69984.0
231	69984.0
232	69984.0
233	69984.0
234	69984.0
235	51356.0
236	51356.0
237	51356.0
238	51356.0
239	51356.0
240	61005.0
241	61005.0
242	61005.0
243	61005.0
244	61005.0
245	117816.0
246	117816.0
247	117816.0
248	117816.0
249	117816.0
