0	34008.0
1	34008.0
2	34008.0
3	34008.0
4	34008.0
5	19768.0
6	19768.0
7	19768.0
8	19768.0
9	19768.0
10	98684.0
11	98684.0
12	98684.0
13	98684.0
14	98684.0
15	100606.0
16	100606.0
17	100606.0
18	100606.0
19	100606.0
20	34469.0
21	34469.0
22	34469.0
23	34469.0
24	34469.0
25	103673.0
26	103673.0
27	103673.0
28	103673.0
29	103673.0
30	61240.0
31	61240.0
32	61240.0
33	61240.0
34	61240.0
35	19607.0
36	19607.0
37	19607.0
38	19607.0
39	19607.0
40	87496.0
41	87496.0
42	87496.0
43	87496.0
44	87496.0
45	99612.0
46	99612.0
47	99612.0
48	99612.0
49	99612.0
50	78201.0
51	78201.0
52	78201.0
53	78201.0
54	78201.0
55	48190.0
56	48190.0
57	48190.0
58	48190.0
59	48190.0
60	119368.0
61	119368.0
62	119368.0
63	119368.0
64	119368.0
65	137647.0
66	137647.0
67	137647.0
68	137647.0
69	137647.0
70	116873.0
71	116873.0
72	116873.0
73	116873.0
74	116873.0
75	80466.0
76	80466.0
77	80466.0
78	80466.0
79	80466.0
80	143533.0
81	143533.0
82	143533.0
83	143533.0
84	143533.0
85	70584.0
86	70584.0
87	70584.0
88	70584.0
89	70584.0
90	30631.0
91	30631.0
92	30631.0
93	30631.0
94	30631.0
95	137769.0
96	137769.0
97	137769.0
98	137769.0
99	137769.0
100	50322.0
101	50322.0
102	50322.0
103	50322.0
104	50322.0
105	36074.0
106	36074.0
107	36074.0
108	36074.0
109	36074.0
110	93338.0
111	93338.0
112	93338.0
113	93338.0
114	93338.0
115	132935.0
116	132935.0
117	132935.0
118	132935.0
119	132935.0
120	21618.0
121	21618.0
122	21618.0
123	21618.0
124	21618.0
125	66653.0
126	66653.0
127	66653.0
128	66653.0
129	66653.0
130	2889.0
131	2889.0
132	2889.0
133	2889.0
134	2889.0
135	22812.0
136	22812.0
137	22812.0
138	22812.0
139	22812.0
140	72349.0
141	72349.0
142	72349.0
143	72349.0
144	72349.0
145	49648.0
146	49648.0
147	49648.0
148	49648.0
149	49648.0
150	140083.0
151	140083.0
152	140083.0
153	140083.0
154	140083.0
155	135546.0
156	135546.0
157	135546.0
158	135546.0
159	135546.0
160	92910.0
161	92910.0
162	92910.0
163	92910.0
164	92910.0
165	58536.0
166	58536.0
167	58536.0
168	58536.0
169	58536.0
170	32114.0
171	32114.0
172	32114.0
173	32114.0
174	32114.0
175	78790.0
176	78790.0
177	78790.0
178	78790.0
179	78790.0
180	70797.0
181	70797.0
182	70797.0
183	70797.0
184	70797.0
185	73787.0
186	73787.0
187	73787.0
188	73787.0
189	73787.0
190	91083.0
191	91083.0
192	91083.0
193	91083.0
194	91083.0
195	1091.0
196	1091.0
197	1091.0
198	1091.0
199	1091.0
200	10855.0
201	10855.0
202	10855.0
203	10855.0
204	10855.0
205	103835.0
206	103835.0
207	103835.0
208	103835.0
209	103835.0
210	40441.0
211	40441.0
212	40441.0
213	40441.0
214	40441.0
215	34754.0
216	34754.0
217	34754.0
218	34754.0
219	34754.0
220	76913.0
221	76913.0
222	76913.0
223	76913.0
224	76913.0
225	70556.0
226	70556.0
227	70556.0
228	70556.0
229	70556.0
230	30176.0
231	30176.0
232	30176.0
233	30176.0
234	30176.0
235	92307.0
236	92307.0
237	92307.0
238	92307.0
239	92307.0
240	101307.0
241	101307.0
242	101307.0
243	101307.0
244	101307.0
245	42852.0
246	42852.0
247	42852.0
248	42852.0
249	42852.0
