0	94149.0
1	94149.0
2	94149.0
3	94149.0
4	94149.0
5	29163.0
6	29163.0
7	29163.0
8	29163.0
9	29163.0
10	24555.0
11	24555.0
12	24555.0
13	24555.0
14	24555.0
15	83506.0
16	83506.0
17	83506.0
18	83506.0
19	83506.0
20	26498.0
21	26498.0
22	26498.0
23	26498.0
24	26498.0
25	129035.0
26	129035.0
27	129035.0
28	129035.0
29	129035.0
30	93182.0
31	93182.0
32	93182.0
33	93182.0
34	93182.0
35	136578.0
36	136578.0
37	136578.0
38	136578.0
39	136578.0
40	55719.0
41	55719.0
42	55719.0
43	55719.0
44	55719.0
45	119843.0
46	119843.0
47	119843.0
48	119843.0
49	119843.0
50	47165.0
51	47165.0
52	47165.0
53	47165.0
54	47165.0
55	121906.0
56	121906.0
57	121906.0
58	121906.0
59	121906.0
60	125273.0
61	125273.0
62	125273.0
63	125273.0
64	125273.0
65	3527.0
66	3527.0
67	3527.0
68	3527.0
69	3527.0
70	64214.0
71	64214.0
72	64214.0
73	64214.0
74	64214.0
75	17482.0
76	17482.0
77	17482.0
78	17482.0
79	17482.0
80	66854.0
81	66854.0
82	66854.0
83	66854.0
84	66854.0
85	73954.0
86	73954.0
87	73954.0
88	73954.0
89	73954.0
90	125468.0
91	125468.0
92	125468.0
93	125468.0
94	125468.0
95	141363.0
96	141363.0
97	141363.0
98	141363.0
99	141363.0
100	64563.0
101	64563.0
102	64563.0
103	64563.0
104	64563.0
105	52697.0
106	52697.0
107	52697.0
108	52697.0
109	52697.0
110	127608.0
111	127608.0
112	127608.0
113	127608.0
114	127608.0
115	92761.0
116	92761.0
117	92761.0
118	92761.0
119	92761.0
120	105474.0
121	105474.0
122	105474.0
123	105474.0
124	105474.0
125	120974.0
126	120974.0
127	120974.0
128	120974.0
129	120974.0
130	134635.0
131	134635.0
132	134635.0
133	134635.0
134	134635.0
135	114578.0
136	114578.0
137	114578.0
138	114578.0
139	114578.0
140	41705.0
141	41705.0
142	41705.0
143	41705.0
144	41705.0
145	39037.0
146	39037.0
147	39037.0
148	39037.0
149	39037.0
150	46039.0
151	46039.0
152	46039.0
153	46039.0
154	46039.0
155	38445.0
156	38445.0
157	38445.0
158	38445.0
159	38445.0
160	38953.0
161	38953.0
162	38953.0
163	38953.0
164	38953.0
165	132969.0
166	132969.0
167	132969.0
168	132969.0
169	132969.0
170	19123.0
171	19123.0
172	19123.0
173	19123.0
174	19123.0
175	105268.0
176	105268.0
177	105268.0
178	105268.0
179	105268.0
180	43087.0
181	43087.0
182	43087.0
183	43087.0
184	43087.0
185	27460.0
186	27460.0
187	27460.0
188	27460.0
189	27460.0
190	62871.0
191	62871.0
192	62871.0
193	62871.0
194	62871.0
195	67627.0
196	67627.0
197	67627.0
198	67627.0
199	67627.0
200	32585.0
201	32585.0
202	32585.0
203	32585.0
204	32585.0
205	74393.0
206	74393.0
207	74393.0
208	74393.0
209	74393.0
210	7041.0
211	7041.0
212	7041.0
213	7041.0
214	7041.0
215	107067.0
216	107067.0
217	107067.0
218	107067.0
219	107067.0
220	128117.0
221	128117.0
222	128117.0
223	128117.0
224	128117.0
225	73550.0
226	73550.0
227	73550.0
228	73550.0
229	73550.0
230	117015.0
231	117015.0
232	117015.0
233	117015.0
234	117015.0
235	104437.0
236	104437.0
237	104437.0
238	104437.0
239	104437.0
240	112868.0
241	112868.0
242	112868.0
243	112868.0
244	112868.0
245	113090.0
246	113090.0
247	113090.0
248	113090.0
249	113090.0
