0	267338.0
1	267338.0
2	267338.0
3	267338.0
4	267338.0
5	270.0
6	270.0
7	270.0
8	270.0
9	270.0
10	306307.0
11	306307.0
12	306307.0
13	306307.0
14	306307.0
15	488523.0
16	488523.0
17	488523.0
18	488523.0
19	488523.0
20	304302.0
21	304302.0
22	304302.0
23	304302.0
24	304302.0
25	491410.0
26	491410.0
27	491410.0
28	491410.0
29	491410.0
30	71442.0
31	71442.0
32	71442.0
33	71442.0
34	71442.0
35	155595.0
36	155595.0
37	155595.0
38	155595.0
39	155595.0
40	74799.0
41	74799.0
42	74799.0
43	74799.0
44	74799.0
45	223873.0
46	223873.0
47	223873.0
48	223873.0
49	223873.0
50	469206.0
51	469206.0
52	469206.0
53	469206.0
54	469206.0
55	283307.0
56	283307.0
57	283307.0
58	283307.0
59	283307.0
60	439683.0
61	439683.0
62	439683.0
63	439683.0
64	439683.0
65	235008.0
66	235008.0
67	235008.0
68	235008.0
69	235008.0
70	468336.0
71	468336.0
72	468336.0
73	468336.0
74	468336.0
75	591827.0
76	591827.0
77	591827.0
78	591827.0
79	591827.0
80	429687.0
81	429687.0
82	429687.0
83	429687.0
84	429687.0
85	513824.0
86	513824.0
87	513824.0
88	513824.0
89	513824.0
90	127145.0
91	127145.0
92	127145.0
93	127145.0
94	127145.0
95	181377.0
96	181377.0
97	181377.0
98	181377.0
99	181377.0
100	177092.0
101	177092.0
102	177092.0
103	177092.0
104	177092.0
105	549118.0
106	549118.0
107	549118.0
108	549118.0
109	549118.0
110	383989.0
111	383989.0
112	383989.0
113	383989.0
114	383989.0
115	87502.0
116	87502.0
117	87502.0
118	87502.0
119	87502.0
120	35016.0
121	35016.0
122	35016.0
123	35016.0
124	35016.0
125	442200.0
126	442200.0
127	442200.0
128	442200.0
129	442200.0
130	483537.0
131	483537.0
132	483537.0
133	483537.0
134	483537.0
135	281463.0
136	281463.0
137	281463.0
138	281463.0
139	281463.0
140	337364.0
141	337364.0
142	337364.0
143	337364.0
144	337364.0
145	339138.0
146	339138.0
147	339138.0
148	339138.0
149	339138.0
150	41388.0
151	41388.0
152	41388.0
153	41388.0
154	41388.0
155	165174.0
156	165174.0
157	165174.0
158	165174.0
159	165174.0
160	233383.0
161	233383.0
162	233383.0
163	233383.0
164	233383.0
165	70919.0
166	70919.0
167	70919.0
168	70919.0
169	70919.0
170	404758.0
171	404758.0
172	404758.0
173	404758.0
174	404758.0
175	534449.0
176	534449.0
177	534449.0
178	534449.0
179	534449.0
180	341265.0
181	341265.0
182	341265.0
183	341265.0
184	341265.0
185	53116.0
186	53116.0
187	53116.0
188	53116.0
189	53116.0
190	593749.0
191	593749.0
192	593749.0
193	593749.0
194	593749.0
195	264831.0
196	264831.0
197	264831.0
198	264831.0
199	264831.0
200	72259.0
201	72259.0
202	72259.0
203	72259.0
204	72259.0
205	411419.0
206	411419.0
207	411419.0
208	411419.0
209	411419.0
210	556248.0
211	556248.0
212	556248.0
213	556248.0
214	556248.0
215	372417.0
216	372417.0
217	372417.0
218	372417.0
219	372417.0
220	603888.0
221	603888.0
222	603888.0
223	603888.0
224	603888.0
225	275838.0
226	275838.0
227	275838.0
228	275838.0
229	275838.0
230	207937.0
231	207937.0
232	207937.0
233	207937.0
234	207937.0
235	285240.0
236	285240.0
237	285240.0
238	285240.0
239	285240.0
240	169151.0
241	169151.0
242	169151.0
243	169151.0
244	169151.0
245	246700.0
246	246700.0
247	246700.0
248	246700.0
249	246700.0
