0	523897.0
1	523897.0
2	523897.0
3	523897.0
4	523897.0
5	333853.0
6	333853.0
7	333853.0
8	333853.0
9	333853.0
10	507565.0
11	507565.0
12	507565.0
13	507565.0
14	507565.0
15	374084.0
16	374084.0
17	374084.0
18	374084.0
19	374084.0
20	447081.0
21	447081.0
22	447081.0
23	447081.0
24	447081.0
25	97649.0
26	97649.0
27	97649.0
28	97649.0
29	97649.0
30	357486.0
31	357486.0
32	357486.0
33	357486.0
34	357486.0
35	550021.0
36	550021.0
37	550021.0
38	550021.0
39	550021.0
40	525221.0
41	525221.0
42	525221.0
43	525221.0
44	525221.0
45	341016.0
46	341016.0
47	341016.0
48	341016.0
49	341016.0
50	299509.0
51	299509.0
52	299509.0
53	299509.0
54	299509.0
55	67413.0
56	67413.0
57	67413.0
58	67413.0
59	67413.0
60	113799.0
61	113799.0
62	113799.0
63	113799.0
64	113799.0
65	53834.0
66	53834.0
67	53834.0
68	53834.0
69	53834.0
70	447771.0
71	447771.0
72	447771.0
73	447771.0
74	447771.0
75	383914.0
76	383914.0
77	383914.0
78	383914.0
79	383914.0
80	270848.0
81	270848.0
82	270848.0
83	270848.0
84	270848.0
85	131730.0
86	131730.0
87	131730.0
88	131730.0
89	131730.0
90	600990.0
91	600990.0
92	600990.0
93	600990.0
94	600990.0
95	424384.0
96	424384.0
97	424384.0
98	424384.0
99	424384.0
100	537622.0
101	537622.0
102	537622.0
103	537622.0
104	537622.0
105	421567.0
106	421567.0
107	421567.0
108	421567.0
109	421567.0
110	95407.0
111	95407.0
112	95407.0
113	95407.0
114	95407.0
115	379810.0
116	379810.0
117	379810.0
118	379810.0
119	379810.0
120	411036.0
121	411036.0
122	411036.0
123	411036.0
124	411036.0
125	175823.0
126	175823.0
127	175823.0
128	175823.0
129	175823.0
130	566743.0
131	566743.0
132	566743.0
133	566743.0
134	566743.0
135	180572.0
136	180572.0
137	180572.0
138	180572.0
139	180572.0
140	269291.0
141	269291.0
142	269291.0
143	269291.0
144	269291.0
145	269662.0
146	269662.0
147	269662.0
148	269662.0
149	269662.0
150	400809.0
151	400809.0
152	400809.0
153	400809.0
154	400809.0
155	551809.0
156	551809.0
157	551809.0
158	551809.0
159	551809.0
160	225007.0
161	225007.0
162	225007.0
163	225007.0
164	225007.0
165	249819.0
166	249819.0
167	249819.0
168	249819.0
169	249819.0
170	383631.0
171	383631.0
172	383631.0
173	383631.0
174	383631.0
175	325391.0
176	325391.0
177	325391.0
178	325391.0
179	325391.0
180	23675.0
181	23675.0
182	23675.0
183	23675.0
184	23675.0
185	582568.0
186	582568.0
187	582568.0
188	582568.0
189	582568.0
190	483142.0
191	483142.0
192	483142.0
193	483142.0
194	483142.0
195	453107.0
196	453107.0
197	453107.0
198	453107.0
199	453107.0
200	540230.0
201	540230.0
202	540230.0
203	540230.0
204	540230.0
205	328886.0
206	328886.0
207	328886.0
208	328886.0
209	328886.0
210	406804.0
211	406804.0
212	406804.0
213	406804.0
214	406804.0
215	458162.0
216	458162.0
217	458162.0
218	458162.0
219	458162.0
220	79081.0
221	79081.0
222	79081.0
223	79081.0
224	79081.0
225	605702.0
226	605702.0
227	605702.0
228	605702.0
229	605702.0
230	257063.0
231	257063.0
232	257063.0
233	257063.0
234	257063.0
235	156385.0
236	156385.0
237	156385.0
238	156385.0
239	156385.0
240	315766.0
241	315766.0
242	315766.0
243	315766.0
244	315766.0
245	156446.0
246	156446.0
247	156446.0
248	156446.0
249	156446.0
