0	558949.0
1	558949.0
2	558949.0
3	558949.0
4	558949.0
5	273428.0
6	273428.0
7	273428.0
8	273428.0
9	273428.0
10	506947.0
11	506947.0
12	506947.0
13	506947.0
14	506947.0
15	473978.0
16	473978.0
17	473978.0
18	473978.0
19	473978.0
20	327646.0
21	327646.0
22	327646.0
23	327646.0
24	327646.0
25	135667.0
26	135667.0
27	135667.0
28	135667.0
29	135667.0
30	169784.0
31	169784.0
32	169784.0
33	169784.0
34	169784.0
35	505182.0
36	505182.0
37	505182.0
38	505182.0
39	505182.0
40	366342.0
41	366342.0
42	366342.0
43	366342.0
44	366342.0
45	298509.0
46	298509.0
47	298509.0
48	298509.0
49	298509.0
50	291905.0
51	291905.0
52	291905.0
53	291905.0
54	291905.0
55	387052.0
56	387052.0
57	387052.0
58	387052.0
59	387052.0
60	127323.0
61	127323.0
62	127323.0
63	127323.0
64	127323.0
65	363768.0
66	363768.0
67	363768.0
68	363768.0
69	363768.0
70	217655.0
71	217655.0
72	217655.0
73	217655.0
74	217655.0
75	473526.0
76	473526.0
77	473526.0
78	473526.0
79	473526.0
80	414558.0
81	414558.0
82	414558.0
83	414558.0
84	414558.0
85	393414.0
86	393414.0
87	393414.0
88	393414.0
89	393414.0
90	416120.0
91	416120.0
92	416120.0
93	416120.0
94	416120.0
95	165431.0
96	165431.0
97	165431.0
98	165431.0
99	165431.0
100	325094.0
101	325094.0
102	325094.0
103	325094.0
104	325094.0
105	446220.0
106	446220.0
107	446220.0
108	446220.0
109	446220.0
110	454486.0
111	454486.0
112	454486.0
113	454486.0
114	454486.0
115	597579.0
116	597579.0
117	597579.0
118	597579.0
119	597579.0
120	347843.0
121	347843.0
122	347843.0
123	347843.0
124	347843.0
125	236160.0
126	236160.0
127	236160.0
128	236160.0
129	236160.0
130	53134.0
131	53134.0
132	53134.0
133	53134.0
134	53134.0
135	470333.0
136	470333.0
137	470333.0
138	470333.0
139	470333.0
140	593591.0
141	593591.0
142	593591.0
143	593591.0
144	593591.0
145	445835.0
146	445835.0
147	445835.0
148	445835.0
149	445835.0
150	203352.0
151	203352.0
152	203352.0
153	203352.0
154	203352.0
155	214951.0
156	214951.0
157	214951.0
158	214951.0
159	214951.0
160	597867.0
161	597867.0
162	597867.0
163	597867.0
164	597867.0
165	16998.0
166	16998.0
167	16998.0
168	16998.0
169	16998.0
170	113528.0
171	113528.0
172	113528.0
173	113528.0
174	113528.0
175	588959.0
176	588959.0
177	588959.0
178	588959.0
179	588959.0
180	348351.0
181	348351.0
182	348351.0
183	348351.0
184	348351.0
185	12044.0
186	12044.0
187	12044.0
188	12044.0
189	12044.0
190	82703.0
191	82703.0
192	82703.0
193	82703.0
194	82703.0
195	230826.0
196	230826.0
197	230826.0
198	230826.0
199	230826.0
200	5687.0
201	5687.0
202	5687.0
203	5687.0
204	5687.0
205	414404.0
206	414404.0
207	414404.0
208	414404.0
209	414404.0
210	115714.0
211	115714.0
212	115714.0
213	115714.0
214	115714.0
215	204984.0
216	204984.0
217	204984.0
218	204984.0
219	204984.0
220	600853.0
221	600853.0
222	600853.0
223	600853.0
224	600853.0
225	494952.0
226	494952.0
227	494952.0
228	494952.0
229	494952.0
230	207074.0
231	207074.0
232	207074.0
233	207074.0
234	207074.0
235	381541.0
236	381541.0
237	381541.0
238	381541.0
239	381541.0
240	391948.0
241	391948.0
242	391948.0
243	391948.0
244	391948.0
245	222437.0
246	222437.0
247	222437.0
248	222437.0
249	222437.0
