0	412824.0
1	412824.0
2	412824.0
3	412824.0
4	412824.0
5	170843.0
6	170843.0
7	170843.0
8	170843.0
9	170843.0
10	127730.0
11	127730.0
12	127730.0
13	127730.0
14	127730.0
15	290056.0
16	290056.0
17	290056.0
18	290056.0
19	290056.0
20	292100.0
21	292100.0
22	292100.0
23	292100.0
24	292100.0
25	435354.0
26	435354.0
27	435354.0
28	435354.0
29	435354.0
30	478263.0
31	478263.0
32	478263.0
33	478263.0
34	478263.0
35	399717.0
36	399717.0
37	399717.0
38	399717.0
39	399717.0
40	262168.0
41	262168.0
42	262168.0
43	262168.0
44	262168.0
45	80544.0
46	80544.0
47	80544.0
48	80544.0
49	80544.0
50	289749.0
51	289749.0
52	289749.0
53	289749.0
54	289749.0
55	304218.0
56	304218.0
57	304218.0
58	304218.0
59	304218.0
60	307315.0
61	307315.0
62	307315.0
63	307315.0
64	307315.0
65	478018.0
66	478018.0
67	478018.0
68	478018.0
69	478018.0
70	123825.0
71	123825.0
72	123825.0
73	123825.0
74	123825.0
75	311077.0
76	311077.0
77	311077.0
78	311077.0
79	311077.0
80	282839.0
81	282839.0
82	282839.0
83	282839.0
84	282839.0
85	281912.0
86	281912.0
87	281912.0
88	281912.0
89	281912.0
90	84115.0
91	84115.0
92	84115.0
93	84115.0
94	84115.0
95	479459.0
96	479459.0
97	479459.0
98	479459.0
99	479459.0
100	193942.0
101	193942.0
102	193942.0
103	193942.0
104	193942.0
105	458246.0
106	458246.0
107	458246.0
108	458246.0
109	458246.0
110	313345.0
111	313345.0
112	313345.0
113	313345.0
114	313345.0
115	470377.0
116	470377.0
117	470377.0
118	470377.0
119	470377.0
120	45808.0
121	45808.0
122	45808.0
123	45808.0
124	45808.0
125	390408.0
126	390408.0
127	390408.0
128	390408.0
129	390408.0
130	477140.0
131	477140.0
132	477140.0
133	477140.0
134	477140.0
135	295111.0
136	295111.0
137	295111.0
138	295111.0
139	295111.0
140	285417.0
141	285417.0
142	285417.0
143	285417.0
144	285417.0
145	252023.0
146	252023.0
147	252023.0
148	252023.0
149	252023.0
150	114526.0
151	114526.0
152	114526.0
153	114526.0
154	114526.0
155	429723.0
156	429723.0
157	429723.0
158	429723.0
159	429723.0
160	426422.0
161	426422.0
162	426422.0
163	426422.0
164	426422.0
165	56267.0
166	56267.0
167	56267.0
168	56267.0
169	56267.0
170	91363.0
171	91363.0
172	91363.0
173	91363.0
174	91363.0
175	250168.0
176	250168.0
177	250168.0
178	250168.0
179	250168.0
180	49982.0
181	49982.0
182	49982.0
183	49982.0
184	49982.0
185	507022.0
186	507022.0
187	507022.0
188	507022.0
189	507022.0
190	230310.0
191	230310.0
192	230310.0
193	230310.0
194	230310.0
195	25995.0
196	25995.0
197	25995.0
198	25995.0
199	25995.0
200	40575.0
201	40575.0
202	40575.0
203	40575.0
204	40575.0
205	449726.0
206	449726.0
207	449726.0
208	449726.0
209	449726.0
210	239627.0
211	239627.0
212	239627.0
213	239627.0
214	239627.0
215	96957.0
216	96957.0
217	96957.0
218	96957.0
219	96957.0
220	343388.0
221	343388.0
222	343388.0
223	343388.0
224	343388.0
225	490881.0
226	490881.0
227	490881.0
228	490881.0
229	490881.0
230	3032.0
231	3032.0
232	3032.0
233	3032.0
234	3032.0
235	168956.0
236	168956.0
237	168956.0
238	168956.0
239	168956.0
240	59058.0
241	59058.0
242	59058.0
243	59058.0
244	59058.0
245	79841.0
246	79841.0
247	79841.0
248	79841.0
249	79841.0
