0	58365.0
1	58365.0
2	58365.0
3	58365.0
4	58365.0
5	251148.0
6	251148.0
7	251148.0
8	251148.0
9	251148.0
10	188868.0
11	188868.0
12	188868.0
13	188868.0
14	188868.0
15	482209.0
16	482209.0
17	482209.0
18	482209.0
19	482209.0
20	36725.0
21	36725.0
22	36725.0
23	36725.0
24	36725.0
25	448290.0
26	448290.0
27	448290.0
28	448290.0
29	448290.0
30	465439.0
31	465439.0
32	465439.0
33	465439.0
34	465439.0
35	460352.0
36	460352.0
37	460352.0
38	460352.0
39	460352.0
40	418355.0
41	418355.0
42	418355.0
43	418355.0
44	418355.0
45	124928.0
46	124928.0
47	124928.0
48	124928.0
49	124928.0
50	200662.0
51	200662.0
52	200662.0
53	200662.0
54	200662.0
55	17741.0
56	17741.0
57	17741.0
58	17741.0
59	17741.0
60	107867.0
61	107867.0
62	107867.0
63	107867.0
64	107867.0
65	174307.0
66	174307.0
67	174307.0
68	174307.0
69	174307.0
70	476695.0
71	476695.0
72	476695.0
73	476695.0
74	476695.0
75	192490.0
76	192490.0
77	192490.0
78	192490.0
79	192490.0
80	203151.0
81	203151.0
82	203151.0
83	203151.0
84	203151.0
85	60235.0
86	60235.0
87	60235.0
88	60235.0
89	60235.0
90	118704.0
91	118704.0
92	118704.0
93	118704.0
94	118704.0
95	162104.0
96	162104.0
97	162104.0
98	162104.0
99	162104.0
100	353110.0
101	353110.0
102	353110.0
103	353110.0
104	353110.0
105	147573.0
106	147573.0
107	147573.0
108	147573.0
109	147573.0
110	423814.0
111	423814.0
112	423814.0
113	423814.0
114	423814.0
115	428331.0
116	428331.0
117	428331.0
118	428331.0
119	428331.0
120	464911.0
121	464911.0
122	464911.0
123	464911.0
124	464911.0
125	18536.0
126	18536.0
127	18536.0
128	18536.0
129	18536.0
130	518530.0
131	518530.0
132	518530.0
133	518530.0
134	518530.0
135	75353.0
136	75353.0
137	75353.0
138	75353.0
139	75353.0
140	228315.0
141	228315.0
142	228315.0
143	228315.0
144	228315.0
145	73988.0
146	73988.0
147	73988.0
148	73988.0
149	73988.0
150	188845.0
151	188845.0
152	188845.0
153	188845.0
154	188845.0
155	142529.0
156	142529.0
157	142529.0
158	142529.0
159	142529.0
160	177748.0
161	177748.0
162	177748.0
163	177748.0
164	177748.0
165	46083.0
166	46083.0
167	46083.0
168	46083.0
169	46083.0
170	459673.0
171	459673.0
172	459673.0
173	459673.0
174	459673.0
175	53812.0
176	53812.0
177	53812.0
178	53812.0
179	53812.0
180	331495.0
181	331495.0
182	331495.0
183	331495.0
184	331495.0
185	110803.0
186	110803.0
187	110803.0
188	110803.0
189	110803.0
190	76984.0
191	76984.0
192	76984.0
193	76984.0
194	76984.0
195	69767.0
196	69767.0
197	69767.0
198	69767.0
199	69767.0
200	182736.0
201	182736.0
202	182736.0
203	182736.0
204	182736.0
205	321676.0
206	321676.0
207	321676.0
208	321676.0
209	321676.0
210	74476.0
211	74476.0
212	74476.0
213	74476.0
214	74476.0
215	89512.0
216	89512.0
217	89512.0
218	89512.0
219	89512.0
220	322780.0
221	322780.0
222	322780.0
223	322780.0
224	322780.0
225	29471.0
226	29471.0
227	29471.0
228	29471.0
229	29471.0
230	144598.0
231	144598.0
232	144598.0
233	144598.0
234	144598.0
235	217917.0
236	217917.0
237	217917.0
238	217917.0
239	217917.0
240	178790.0
241	178790.0
242	178790.0
243	178790.0
244	178790.0
245	476519.0
246	476519.0
247	476519.0
248	476519.0
249	476519.0
