0	14116.0
1	14116.0
2	14116.0
3	14116.0
4	14116.0
5	103665.0
6	103665.0
7	103665.0
8	103665.0
9	103665.0
10	475079.0
11	475079.0
12	475079.0
13	475079.0
14	475079.0
15	517841.0
16	517841.0
17	517841.0
18	517841.0
19	517841.0
20	236576.0
21	236576.0
22	236576.0
23	236576.0
24	236576.0
25	389227.0
26	389227.0
27	389227.0
28	389227.0
29	389227.0
30	432402.0
31	432402.0
32	432402.0
33	432402.0
34	432402.0
35	114169.0
36	114169.0
37	114169.0
38	114169.0
39	114169.0
40	108713.0
41	108713.0
42	108713.0
43	108713.0
44	108713.0
45	58866.0
46	58866.0
47	58866.0
48	58866.0
49	58866.0
50	401955.0
51	401955.0
52	401955.0
53	401955.0
54	401955.0
55	31803.0
56	31803.0
57	31803.0
58	31803.0
59	31803.0
60	224322.0
61	224322.0
62	224322.0
63	224322.0
64	224322.0
65	231979.0
66	231979.0
67	231979.0
68	231979.0
69	231979.0
70	382954.0
71	382954.0
72	382954.0
73	382954.0
74	382954.0
75	133730.0
76	133730.0
77	133730.0
78	133730.0
79	133730.0
80	234224.0
81	234224.0
82	234224.0
83	234224.0
84	234224.0
85	440170.0
86	440170.0
87	440170.0
88	440170.0
89	440170.0
90	50848.0
91	50848.0
92	50848.0
93	50848.0
94	50848.0
95	221098.0
96	221098.0
97	221098.0
98	221098.0
99	221098.0
100	195641.0
101	195641.0
102	195641.0
103	195641.0
104	195641.0
105	215305.0
106	215305.0
107	215305.0
108	215305.0
109	215305.0
110	395953.0
111	395953.0
112	395953.0
113	395953.0
114	395953.0
115	331402.0
116	331402.0
117	331402.0
118	331402.0
119	331402.0
120	521189.0
121	521189.0
122	521189.0
123	521189.0
124	521189.0
125	32889.0
126	32889.0
127	32889.0
128	32889.0
129	32889.0
130	490711.0
131	490711.0
132	490711.0
133	490711.0
134	490711.0
135	73118.0
136	73118.0
137	73118.0
138	73118.0
139	73118.0
140	504803.0
141	504803.0
142	504803.0
143	504803.0
144	504803.0
145	229735.0
146	229735.0
147	229735.0
148	229735.0
149	229735.0
150	425392.0
151	425392.0
152	425392.0
153	425392.0
154	425392.0
155	450091.0
156	450091.0
157	450091.0
158	450091.0
159	450091.0
160	243151.0
161	243151.0
162	243151.0
163	243151.0
164	243151.0
165	172767.0
166	172767.0
167	172767.0
168	172767.0
169	172767.0
170	104990.0
171	104990.0
172	104990.0
173	104990.0
174	104990.0
175	36762.0
176	36762.0
177	36762.0
178	36762.0
179	36762.0
180	294779.0
181	294779.0
182	294779.0
183	294779.0
184	294779.0
185	503888.0
186	503888.0
187	503888.0
188	503888.0
189	503888.0
190	128049.0
191	128049.0
192	128049.0
193	128049.0
194	128049.0
195	159694.0
196	159694.0
197	159694.0
198	159694.0
199	159694.0
200	518924.0
201	518924.0
202	518924.0
203	518924.0
204	518924.0
205	200924.0
206	200924.0
207	200924.0
208	200924.0
209	200924.0
210	205275.0
211	205275.0
212	205275.0
213	205275.0
214	205275.0
215	45954.0
216	45954.0
217	45954.0
218	45954.0
219	45954.0
220	152365.0
221	152365.0
222	152365.0
223	152365.0
224	152365.0
225	338482.0
226	338482.0
227	338482.0
228	338482.0
229	338482.0
230	276429.0
231	276429.0
232	276429.0
233	276429.0
234	276429.0
235	480658.0
236	480658.0
237	480658.0
238	480658.0
239	480658.0
240	270096.0
241	270096.0
242	270096.0
243	270096.0
244	270096.0
245	140482.0
246	140482.0
247	140482.0
248	140482.0
249	140482.0
