0	86085.0
1	86085.0
2	86085.0
3	86085.0
4	86085.0
5	461129.0
6	461129.0
7	461129.0
8	461129.0
9	461129.0
10	141891.0
11	141891.0
12	141891.0
13	141891.0
14	141891.0
15	366577.0
16	366577.0
17	366577.0
18	366577.0
19	366577.0
20	235351.0
21	235351.0
22	235351.0
23	235351.0
24	235351.0
25	249113.0
26	249113.0
27	249113.0
28	249113.0
29	249113.0
30	65383.0
31	65383.0
32	65383.0
33	65383.0
34	65383.0
35	340392.0
36	340392.0
37	340392.0
38	340392.0
39	340392.0
40	517006.0
41	517006.0
42	517006.0
43	517006.0
44	517006.0
45	16131.0
46	16131.0
47	16131.0
48	16131.0
49	16131.0
50	227995.0
51	227995.0
52	227995.0
53	227995.0
54	227995.0
55	22809.0
56	22809.0
57	22809.0
58	22809.0
59	22809.0
60	436221.0
61	436221.0
62	436221.0
63	436221.0
64	436221.0
65	113578.0
66	113578.0
67	113578.0
68	113578.0
69	113578.0
70	197492.0
71	197492.0
72	197492.0
73	197492.0
74	197492.0
75	392937.0
76	392937.0
77	392937.0
78	392937.0
79	392937.0
80	210068.0
81	210068.0
82	210068.0
83	210068.0
84	210068.0
85	411795.0
86	411795.0
87	411795.0
88	411795.0
89	411795.0
90	478906.0
91	478906.0
92	478906.0
93	478906.0
94	478906.0
95	457380.0
96	457380.0
97	457380.0
98	457380.0
99	457380.0
100	14144.0
101	14144.0
102	14144.0
103	14144.0
104	14144.0
105	203147.0
106	203147.0
107	203147.0
108	203147.0
109	203147.0
110	43284.0
111	43284.0
112	43284.0
113	43284.0
114	43284.0
115	114500.0
116	114500.0
117	114500.0
118	114500.0
119	114500.0
120	201156.0
121	201156.0
122	201156.0
123	201156.0
124	201156.0
125	216057.0
126	216057.0
127	216057.0
128	216057.0
129	216057.0
130	145742.0
131	145742.0
132	145742.0
133	145742.0
134	145742.0
135	88428.0
136	88428.0
137	88428.0
138	88428.0
139	88428.0
140	501002.0
141	501002.0
142	501002.0
143	501002.0
144	501002.0
145	220955.0
146	220955.0
147	220955.0
148	220955.0
149	220955.0
150	289926.0
151	289926.0
152	289926.0
153	289926.0
154	289926.0
155	167227.0
156	167227.0
157	167227.0
158	167227.0
159	167227.0
160	378678.0
161	378678.0
162	378678.0
163	378678.0
164	378678.0
165	388014.0
166	388014.0
167	388014.0
168	388014.0
169	388014.0
170	225369.0
171	225369.0
172	225369.0
173	225369.0
174	225369.0
175	268533.0
176	268533.0
177	268533.0
178	268533.0
179	268533.0
180	343694.0
181	343694.0
182	343694.0
183	343694.0
184	343694.0
185	309334.0
186	309334.0
187	309334.0
188	309334.0
189	309334.0
190	500443.0
191	500443.0
192	500443.0
193	500443.0
194	500443.0
195	190410.0
196	190410.0
197	190410.0
198	190410.0
199	190410.0
200	436218.0
201	436218.0
202	436218.0
203	436218.0
204	436218.0
205	352777.0
206	352777.0
207	352777.0
208	352777.0
209	352777.0
210	399630.0
211	399630.0
212	399630.0
213	399630.0
214	399630.0
215	76359.0
216	76359.0
217	76359.0
218	76359.0
219	76359.0
220	98777.0
221	98777.0
222	98777.0
223	98777.0
224	98777.0
225	224813.0
226	224813.0
227	224813.0
228	224813.0
229	224813.0
230	287156.0
231	287156.0
232	287156.0
233	287156.0
234	287156.0
235	24191.0
236	24191.0
237	24191.0
238	24191.0
239	24191.0
240	372313.0
241	372313.0
242	372313.0
243	372313.0
244	372313.0
245	134743.0
246	134743.0
247	134743.0
248	134743.0
249	134743.0
