0	412981.0
1	412981.0
2	412981.0
3	412981.0
4	412981.0
5	501765.0
6	501765.0
7	501765.0
8	501765.0
9	501765.0
10	433711.0
11	433711.0
12	433711.0
13	433711.0
14	433711.0
15	500341.0
16	500341.0
17	500341.0
18	500341.0
19	500341.0
20	28352.0
21	28352.0
22	28352.0
23	28352.0
24	28352.0
25	275466.0
26	275466.0
27	275466.0
28	275466.0
29	275466.0
30	175078.0
31	175078.0
32	175078.0
33	175078.0
34	175078.0
35	316265.0
36	316265.0
37	316265.0
38	316265.0
39	316265.0
40	375767.0
41	375767.0
42	375767.0
43	375767.0
44	375767.0
45	179697.0
46	179697.0
47	179697.0
48	179697.0
49	179697.0
50	194615.0
51	194615.0
52	194615.0
53	194615.0
54	194615.0
55	310894.0
56	310894.0
57	310894.0
58	310894.0
59	310894.0
60	163370.0
61	163370.0
62	163370.0
63	163370.0
64	163370.0
65	177440.0
66	177440.0
67	177440.0
68	177440.0
69	177440.0
70	470665.0
71	470665.0
72	470665.0
73	470665.0
74	470665.0
75	297008.0
76	297008.0
77	297008.0
78	297008.0
79	297008.0
80	519138.0
81	519138.0
82	519138.0
83	519138.0
84	519138.0
85	246411.0
86	246411.0
87	246411.0
88	246411.0
89	246411.0
90	64965.0
91	64965.0
92	64965.0
93	64965.0
94	64965.0
95	280679.0
96	280679.0
97	280679.0
98	280679.0
99	280679.0
100	261993.0
101	261993.0
102	261993.0
103	261993.0
104	261993.0
105	212766.0
106	212766.0
107	212766.0
108	212766.0
109	212766.0
110	392757.0
111	392757.0
112	392757.0
113	392757.0
114	392757.0
115	102680.0
116	102680.0
117	102680.0
118	102680.0
119	102680.0
120	63638.0
121	63638.0
122	63638.0
123	63638.0
124	63638.0
125	281856.0
126	281856.0
127	281856.0
128	281856.0
129	281856.0
130	503292.0
131	503292.0
132	503292.0
133	503292.0
134	503292.0
135	472994.0
136	472994.0
137	472994.0
138	472994.0
139	472994.0
140	206157.0
141	206157.0
142	206157.0
143	206157.0
144	206157.0
145	503791.0
146	503791.0
147	503791.0
148	503791.0
149	503791.0
150	79404.0
151	79404.0
152	79404.0
153	79404.0
154	79404.0
155	453564.0
156	453564.0
157	453564.0
158	453564.0
159	453564.0
160	172323.0
161	172323.0
162	172323.0
163	172323.0
164	172323.0
165	327403.0
166	327403.0
167	327403.0
168	327403.0
169	327403.0
170	190326.0
171	190326.0
172	190326.0
173	190326.0
174	190326.0
175	129164.0
176	129164.0
177	129164.0
178	129164.0
179	129164.0
180	20328.0
181	20328.0
182	20328.0
183	20328.0
184	20328.0
185	310126.0
186	310126.0
187	310126.0
188	310126.0
189	310126.0
190	61981.0
191	61981.0
192	61981.0
193	61981.0
194	61981.0
195	441769.0
196	441769.0
197	441769.0
198	441769.0
199	441769.0
200	232236.0
201	232236.0
202	232236.0
203	232236.0
204	232236.0
205	387220.0
206	387220.0
207	387220.0
208	387220.0
209	387220.0
210	433723.0
211	433723.0
212	433723.0
213	433723.0
214	433723.0
215	145099.0
216	145099.0
217	145099.0
218	145099.0
219	145099.0
220	436690.0
221	436690.0
222	436690.0
223	436690.0
224	436690.0
225	118616.0
226	118616.0
227	118616.0
228	118616.0
229	118616.0
230	37323.0
231	37323.0
232	37323.0
233	37323.0
234	37323.0
235	494296.0
236	494296.0
237	494296.0
238	494296.0
239	494296.0
240	353421.0
241	353421.0
242	353421.0
243	353421.0
244	353421.0
245	380873.0
246	380873.0
247	380873.0
248	380873.0
249	380873.0
