0	139199.0
1	139199.0
2	139199.0
3	139199.0
4	139199.0
5	32061.0
6	32061.0
7	32061.0
8	32061.0
9	32061.0
10	506963.0
11	506963.0
12	506963.0
13	506963.0
14	506963.0
15	405853.0
16	405853.0
17	405853.0
18	405853.0
19	405853.0
20	221704.0
21	221704.0
22	221704.0
23	221704.0
24	221704.0
25	508954.0
26	508954.0
27	508954.0
28	508954.0
29	508954.0
30	370013.0
31	370013.0
32	370013.0
33	370013.0
34	370013.0
35	475885.0
36	475885.0
37	475885.0
38	475885.0
39	475885.0
40	500441.0
41	500441.0
42	500441.0
43	500441.0
44	500441.0
45	401723.0
46	401723.0
47	401723.0
48	401723.0
49	401723.0
50	482173.0
51	482173.0
52	482173.0
53	482173.0
54	482173.0
55	482387.0
56	482387.0
57	482387.0
58	482387.0
59	482387.0
60	317055.0
61	317055.0
62	317055.0
63	317055.0
64	317055.0
65	200996.0
66	200996.0
67	200996.0
68	200996.0
69	200996.0
70	16449.0
71	16449.0
72	16449.0
73	16449.0
74	16449.0
75	130839.0
76	130839.0
77	130839.0
78	130839.0
79	130839.0
80	320873.0
81	320873.0
82	320873.0
83	320873.0
84	320873.0
85	129989.0
86	129989.0
87	129989.0
88	129989.0
89	129989.0
90	477504.0
91	477504.0
92	477504.0
93	477504.0
94	477504.0
95	431215.0
96	431215.0
97	431215.0
98	431215.0
99	431215.0
100	261733.0
101	261733.0
102	261733.0
103	261733.0
104	261733.0
105	133888.0
106	133888.0
107	133888.0
108	133888.0
109	133888.0
110	250128.0
111	250128.0
112	250128.0
113	250128.0
114	250128.0
115	504684.0
116	504684.0
117	504684.0
118	504684.0
119	504684.0
120	407512.0
121	407512.0
122	407512.0
123	407512.0
124	407512.0
125	173814.0
126	173814.0
127	173814.0
128	173814.0
129	173814.0
130	9510.0
131	9510.0
132	9510.0
133	9510.0
134	9510.0
135	519953.0
136	519953.0
137	519953.0
138	519953.0
139	519953.0
140	57945.0
141	57945.0
142	57945.0
143	57945.0
144	57945.0
145	203161.0
146	203161.0
147	203161.0
148	203161.0
149	203161.0
150	7235.0
151	7235.0
152	7235.0
153	7235.0
154	7235.0
155	12967.0
156	12967.0
157	12967.0
158	12967.0
159	12967.0
160	168093.0
161	168093.0
162	168093.0
163	168093.0
164	168093.0
165	207733.0
166	207733.0
167	207733.0
168	207733.0
169	207733.0
170	77404.0
171	77404.0
172	77404.0
173	77404.0
174	77404.0
175	162026.0
176	162026.0
177	162026.0
178	162026.0
179	162026.0
180	368591.0
181	368591.0
182	368591.0
183	368591.0
184	368591.0
185	326450.0
186	326450.0
187	326450.0
188	326450.0
189	326450.0
190	356082.0
191	356082.0
192	356082.0
193	356082.0
194	356082.0
195	164827.0
196	164827.0
197	164827.0
198	164827.0
199	164827.0
200	174465.0
201	174465.0
202	174465.0
203	174465.0
204	174465.0
205	130378.0
206	130378.0
207	130378.0
208	130378.0
209	130378.0
210	63391.0
211	63391.0
212	63391.0
213	63391.0
214	63391.0
215	475851.0
216	475851.0
217	475851.0
218	475851.0
219	475851.0
220	266219.0
221	266219.0
222	266219.0
223	266219.0
224	266219.0
225	171041.0
226	171041.0
227	171041.0
228	171041.0
229	171041.0
230	314664.0
231	314664.0
232	314664.0
233	314664.0
234	314664.0
235	499.0
236	499.0
237	499.0
238	499.0
239	499.0
240	210382.0
241	210382.0
242	210382.0
243	210382.0
244	210382.0
245	316342.0
246	316342.0
247	316342.0
248	316342.0
249	316342.0
