0	301066.0
1	301066.0
2	301066.0
3	301066.0
4	301066.0
5	215547.0
6	215547.0
7	215547.0
8	215547.0
9	215547.0
10	261284.0
11	261284.0
12	261284.0
13	261284.0
14	261284.0
15	360856.0
16	360856.0
17	360856.0
18	360856.0
19	360856.0
20	83208.0
21	83208.0
22	83208.0
23	83208.0
24	83208.0
25	10532.0
26	10532.0
27	10532.0
28	10532.0
29	10532.0
30	488750.0
31	488750.0
32	488750.0
33	488750.0
34	488750.0
35	366173.0
36	366173.0
37	366173.0
38	366173.0
39	366173.0
40	236602.0
41	236602.0
42	236602.0
43	236602.0
44	236602.0
45	423472.0
46	423472.0
47	423472.0
48	423472.0
49	423472.0
50	51838.0
51	51838.0
52	51838.0
53	51838.0
54	51838.0
55	85174.0
56	85174.0
57	85174.0
58	85174.0
59	85174.0
60	175641.0
61	175641.0
62	175641.0
63	175641.0
64	175641.0
65	173769.0
66	173769.0
67	173769.0
68	173769.0
69	173769.0
70	76698.0
71	76698.0
72	76698.0
73	76698.0
74	76698.0
75	172528.0
76	172528.0
77	172528.0
78	172528.0
79	172528.0
80	134654.0
81	134654.0
82	134654.0
83	134654.0
84	134654.0
85	197275.0
86	197275.0
87	197275.0
88	197275.0
89	197275.0
90	476345.0
91	476345.0
92	476345.0
93	476345.0
94	476345.0
95	275803.0
96	275803.0
97	275803.0
98	275803.0
99	275803.0
100	199761.0
101	199761.0
102	199761.0
103	199761.0
104	199761.0
105	122641.0
106	122641.0
107	122641.0
108	122641.0
109	122641.0
110	204826.0
111	204826.0
112	204826.0
113	204826.0
114	204826.0
115	6611.0
116	6611.0
117	6611.0
118	6611.0
119	6611.0
120	391143.0
121	391143.0
122	391143.0
123	391143.0
124	391143.0
125	444805.0
126	444805.0
127	444805.0
128	444805.0
129	444805.0
130	379860.0
131	379860.0
132	379860.0
133	379860.0
134	379860.0
135	203659.0
136	203659.0
137	203659.0
138	203659.0
139	203659.0
140	477711.0
141	477711.0
142	477711.0
143	477711.0
144	477711.0
145	108613.0
146	108613.0
147	108613.0
148	108613.0
149	108613.0
150	461239.0
151	461239.0
152	461239.0
153	461239.0
154	461239.0
155	285992.0
156	285992.0
157	285992.0
158	285992.0
159	285992.0
160	118390.0
161	118390.0
162	118390.0
163	118390.0
164	118390.0
165	339592.0
166	339592.0
167	339592.0
168	339592.0
169	339592.0
170	59591.0
171	59591.0
172	59591.0
173	59591.0
174	59591.0
175	160818.0
176	160818.0
177	160818.0
178	160818.0
179	160818.0
180	147356.0
181	147356.0
182	147356.0
183	147356.0
184	147356.0
185	138259.0
186	138259.0
187	138259.0
188	138259.0
189	138259.0
190	148441.0
191	148441.0
192	148441.0
193	148441.0
194	148441.0
195	36061.0
196	36061.0
197	36061.0
198	36061.0
199	36061.0
200	291600.0
201	291600.0
202	291600.0
203	291600.0
204	291600.0
205	418264.0
206	418264.0
207	418264.0
208	418264.0
209	418264.0
210	81426.0
211	81426.0
212	81426.0
213	81426.0
214	81426.0
215	283069.0
216	283069.0
217	283069.0
218	283069.0
219	283069.0
220	464795.0
221	464795.0
222	464795.0
223	464795.0
224	464795.0
225	307084.0
226	307084.0
227	307084.0
228	307084.0
229	307084.0
230	371083.0
231	371083.0
232	371083.0
233	371083.0
234	371083.0
235	390545.0
236	390545.0
237	390545.0
238	390545.0
239	390545.0
240	379448.0
241	379448.0
242	379448.0
243	379448.0
244	379448.0
245	136556.0
246	136556.0
247	136556.0
248	136556.0
249	136556.0
