0	233307.0
1	233307.0
2	233307.0
3	233307.0
4	233307.0
5	313712.0
6	313712.0
7	313712.0
8	313712.0
9	313712.0
10	291038.0
11	291038.0
12	291038.0
13	291038.0
14	291038.0
15	226983.0
16	226983.0
17	226983.0
18	226983.0
19	226983.0
20	68132.0
21	68132.0
22	68132.0
23	68132.0
24	68132.0
25	249003.0
26	249003.0
27	249003.0
28	249003.0
29	249003.0
30	229360.0
31	229360.0
32	229360.0
33	229360.0
34	229360.0
35	248323.0
36	248323.0
37	248323.0
38	248323.0
39	248323.0
40	231866.0
41	231866.0
42	231866.0
43	231866.0
44	231866.0
45	367387.0
46	367387.0
47	367387.0
48	367387.0
49	367387.0
50	309392.0
51	309392.0
52	309392.0
53	309392.0
54	309392.0
55	198767.0
56	198767.0
57	198767.0
58	198767.0
59	198767.0
60	138443.0
61	138443.0
62	138443.0
63	138443.0
64	138443.0
65	365540.0
66	365540.0
67	365540.0
68	365540.0
69	365540.0
70	151177.0
71	151177.0
72	151177.0
73	151177.0
74	151177.0
75	168001.0
76	168001.0
77	168001.0
78	168001.0
79	168001.0
80	510448.0
81	510448.0
82	510448.0
83	510448.0
84	510448.0
85	338457.0
86	338457.0
87	338457.0
88	338457.0
89	338457.0
90	307340.0
91	307340.0
92	307340.0
93	307340.0
94	307340.0
95	98469.0
96	98469.0
97	98469.0
98	98469.0
99	98469.0
100	64116.0
101	64116.0
102	64116.0
103	64116.0
104	64116.0
105	498699.0
106	498699.0
107	498699.0
108	498699.0
109	498699.0
110	406809.0
111	406809.0
112	406809.0
113	406809.0
114	406809.0
115	192329.0
116	192329.0
117	192329.0
118	192329.0
119	192329.0
120	82658.0
121	82658.0
122	82658.0
123	82658.0
124	82658.0
125	205835.0
126	205835.0
127	205835.0
128	205835.0
129	205835.0
130	162699.0
131	162699.0
132	162699.0
133	162699.0
134	162699.0
135	346442.0
136	346442.0
137	346442.0
138	346442.0
139	346442.0
140	163236.0
141	163236.0
142	163236.0
143	163236.0
144	163236.0
145	159080.0
146	159080.0
147	159080.0
148	159080.0
149	159080.0
150	180929.0
151	180929.0
152	180929.0
153	180929.0
154	180929.0
155	130924.0
156	130924.0
157	130924.0
158	130924.0
159	130924.0
160	129503.0
161	129503.0
162	129503.0
163	129503.0
164	129503.0
165	42026.0
166	42026.0
167	42026.0
168	42026.0
169	42026.0
170	194577.0
171	194577.0
172	194577.0
173	194577.0
174	194577.0
175	111454.0
176	111454.0
177	111454.0
178	111454.0
179	111454.0
180	380334.0
181	380334.0
182	380334.0
183	380334.0
184	380334.0
185	368204.0
186	368204.0
187	368204.0
188	368204.0
189	368204.0
190	104295.0
191	104295.0
192	104295.0
193	104295.0
194	104295.0
195	445224.0
196	445224.0
197	445224.0
198	445224.0
199	445224.0
200	158817.0
201	158817.0
202	158817.0
203	158817.0
204	158817.0
205	51677.0
206	51677.0
207	51677.0
208	51677.0
209	51677.0
210	268383.0
211	268383.0
212	268383.0
213	268383.0
214	268383.0
215	212426.0
216	212426.0
217	212426.0
218	212426.0
219	212426.0
220	297201.0
221	297201.0
222	297201.0
223	297201.0
224	297201.0
225	111867.0
226	111867.0
227	111867.0
228	111867.0
229	111867.0
230	44035.0
231	44035.0
232	44035.0
233	44035.0
234	44035.0
235	181764.0
236	181764.0
237	181764.0
238	181764.0
239	181764.0
240	139685.0
241	139685.0
242	139685.0
243	139685.0
244	139685.0
245	428591.0
246	428591.0
247	428591.0
248	428591.0
249	428591.0
