0	357276.0
1	357276.0
2	357276.0
3	357276.0
4	357276.0
5	110524.0
6	110524.0
7	110524.0
8	110524.0
9	110524.0
10	46928.0
11	46928.0
12	46928.0
13	46928.0
14	46928.0
15	252686.0
16	252686.0
17	252686.0
18	252686.0
19	252686.0
20	359847.0
21	359847.0
22	359847.0
23	359847.0
24	359847.0
25	225397.0
26	225397.0
27	225397.0
28	225397.0
29	225397.0
30	135831.0
31	135831.0
32	135831.0
33	135831.0
34	135831.0
35	203685.0
36	203685.0
37	203685.0
38	203685.0
39	203685.0
40	470779.0
41	470779.0
42	470779.0
43	470779.0
44	470779.0
45	107686.0
46	107686.0
47	107686.0
48	107686.0
49	107686.0
50	448657.0
51	448657.0
52	448657.0
53	448657.0
54	448657.0
55	326102.0
56	326102.0
57	326102.0
58	326102.0
59	326102.0
60	434058.0
61	434058.0
62	434058.0
63	434058.0
64	434058.0
65	466401.0
66	466401.0
67	466401.0
68	466401.0
69	466401.0
70	115632.0
71	115632.0
72	115632.0
73	115632.0
74	115632.0
75	427612.0
76	427612.0
77	427612.0
78	427612.0
79	427612.0
80	215001.0
81	215001.0
82	215001.0
83	215001.0
84	215001.0
85	197195.0
86	197195.0
87	197195.0
88	197195.0
89	197195.0
90	84464.0
91	84464.0
92	84464.0
93	84464.0
94	84464.0
95	77056.0
96	77056.0
97	77056.0
98	77056.0
99	77056.0
100	151264.0
101	151264.0
102	151264.0
103	151264.0
104	151264.0
105	436477.0
106	436477.0
107	436477.0
108	436477.0
109	436477.0
110	248158.0
111	248158.0
112	248158.0
113	248158.0
114	248158.0
115	452928.0
116	452928.0
117	452928.0
118	452928.0
119	452928.0
120	232417.0
121	232417.0
122	232417.0
123	232417.0
124	232417.0
125	519208.0
126	519208.0
127	519208.0
128	519208.0
129	519208.0
130	369756.0
131	369756.0
132	369756.0
133	369756.0
134	369756.0
135	489436.0
136	489436.0
137	489436.0
138	489436.0
139	489436.0
140	124747.0
141	124747.0
142	124747.0
143	124747.0
144	124747.0
145	70253.0
146	70253.0
147	70253.0
148	70253.0
149	70253.0
150	396536.0
151	396536.0
152	396536.0
153	396536.0
154	396536.0
155	40294.0
156	40294.0
157	40294.0
158	40294.0
159	40294.0
160	141195.0
161	141195.0
162	141195.0
163	141195.0
164	141195.0
165	289075.0
166	289075.0
167	289075.0
168	289075.0
169	289075.0
170	305202.0
171	305202.0
172	305202.0
173	305202.0
174	305202.0
175	425732.0
176	425732.0
177	425732.0
178	425732.0
179	425732.0
180	223677.0
181	223677.0
182	223677.0
183	223677.0
184	223677.0
185	105781.0
186	105781.0
187	105781.0
188	105781.0
189	105781.0
190	517833.0
191	517833.0
192	517833.0
193	517833.0
194	517833.0
195	495665.0
196	495665.0
197	495665.0
198	495665.0
199	495665.0
200	377134.0
201	377134.0
202	377134.0
203	377134.0
204	377134.0
205	62799.0
206	62799.0
207	62799.0
208	62799.0
209	62799.0
210	233656.0
211	233656.0
212	233656.0
213	233656.0
214	233656.0
215	40437.0
216	40437.0
217	40437.0
218	40437.0
219	40437.0
220	450277.0
221	450277.0
222	450277.0
223	450277.0
224	450277.0
225	5618.0
226	5618.0
227	5618.0
228	5618.0
229	5618.0
230	115839.0
231	115839.0
232	115839.0
233	115839.0
234	115839.0
235	156657.0
236	156657.0
237	156657.0
238	156657.0
239	156657.0
240	238785.0
241	238785.0
242	238785.0
243	238785.0
244	238785.0
245	525682.0
246	525682.0
247	525682.0
248	525682.0
249	525682.0
