0	491993.0
1	491993.0
2	491993.0
3	491993.0
4	491993.0
5	119507.0
6	119507.0
7	119507.0
8	119507.0
9	119507.0
10	108794.0
11	108794.0
12	108794.0
13	108794.0
14	108794.0
15	32902.0
16	32902.0
17	32902.0
18	32902.0
19	32902.0
20	298840.0
21	298840.0
22	298840.0
23	298840.0
24	298840.0
25	467708.0
26	467708.0
27	467708.0
28	467708.0
29	467708.0
30	498394.0
31	498394.0
32	498394.0
33	498394.0
34	498394.0
35	330727.0
36	330727.0
37	330727.0
38	330727.0
39	330727.0
40	169785.0
41	169785.0
42	169785.0
43	169785.0
44	169785.0
45	8561.0
46	8561.0
47	8561.0
48	8561.0
49	8561.0
50	117914.0
51	117914.0
52	117914.0
53	117914.0
54	117914.0
55	88171.0
56	88171.0
57	88171.0
58	88171.0
59	88171.0
60	348430.0
61	348430.0
62	348430.0
63	348430.0
64	348430.0
65	31683.0
66	31683.0
67	31683.0
68	31683.0
69	31683.0
70	283994.0
71	283994.0
72	283994.0
73	283994.0
74	283994.0
75	380812.0
76	380812.0
77	380812.0
78	380812.0
79	380812.0
80	348277.0
81	348277.0
82	348277.0
83	348277.0
84	348277.0
85	485029.0
86	485029.0
87	485029.0
88	485029.0
89	485029.0
90	506501.0
91	506501.0
92	506501.0
93	506501.0
94	506501.0
95	479801.0
96	479801.0
97	479801.0
98	479801.0
99	479801.0
100	49388.0
101	49388.0
102	49388.0
103	49388.0
104	49388.0
105	199415.0
106	199415.0
107	199415.0
108	199415.0
109	199415.0
110	471343.0
111	471343.0
112	471343.0
113	471343.0
114	471343.0
115	126227.0
116	126227.0
117	126227.0
118	126227.0
119	126227.0
120	395179.0
121	395179.0
122	395179.0
123	395179.0
124	395179.0
125	131673.0
126	131673.0
127	131673.0
128	131673.0
129	131673.0
130	299878.0
131	299878.0
132	299878.0
133	299878.0
134	299878.0
135	135004.0
136	135004.0
137	135004.0
138	135004.0
139	135004.0
140	481870.0
141	481870.0
142	481870.0
143	481870.0
144	481870.0
145	476590.0
146	476590.0
147	476590.0
148	476590.0
149	476590.0
150	228300.0
151	228300.0
152	228300.0
153	228300.0
154	228300.0
155	93579.0
156	93579.0
157	93579.0
158	93579.0
159	93579.0
160	349066.0
161	349066.0
162	349066.0
163	349066.0
164	349066.0
165	508701.0
166	508701.0
167	508701.0
168	508701.0
169	508701.0
170	176674.0
171	176674.0
172	176674.0
173	176674.0
174	176674.0
175	177664.0
176	177664.0
177	177664.0
178	177664.0
179	177664.0
180	226844.0
181	226844.0
182	226844.0
183	226844.0
184	226844.0
185	336447.0
186	336447.0
187	336447.0
188	336447.0
189	336447.0
190	159616.0
191	159616.0
192	159616.0
193	159616.0
194	159616.0
195	365435.0
196	365435.0
197	365435.0
198	365435.0
199	365435.0
200	316096.0
201	316096.0
202	316096.0
203	316096.0
204	316096.0
205	459375.0
206	459375.0
207	459375.0
208	459375.0
209	459375.0
210	16621.0
211	16621.0
212	16621.0
213	16621.0
214	16621.0
215	501029.0
216	501029.0
217	501029.0
218	501029.0
219	501029.0
220	518568.0
221	518568.0
222	518568.0
223	518568.0
224	518568.0
225	65576.0
226	65576.0
227	65576.0
228	65576.0
229	65576.0
230	336254.0
231	336254.0
232	336254.0
233	336254.0
234	336254.0
235	352140.0
236	352140.0
237	352140.0
238	352140.0
239	352140.0
240	166831.0
241	166831.0
242	166831.0
243	166831.0
244	166831.0
245	170637.0
246	170637.0
247	170637.0
248	170637.0
249	170637.0
