0	353609.0
1	353609.0
2	353609.0
3	353609.0
4	353609.0
5	338327.0
6	338327.0
7	338327.0
8	338327.0
9	338327.0
10	161481.0
11	161481.0
12	161481.0
13	161481.0
14	161481.0
15	204713.0
16	204713.0
17	204713.0
18	204713.0
19	204713.0
20	341229.0
21	341229.0
22	341229.0
23	341229.0
24	341229.0
25	229598.0
26	229598.0
27	229598.0
28	229598.0
29	229598.0
30	352766.0
31	352766.0
32	352766.0
33	352766.0
34	352766.0
35	48597.0
36	48597.0
37	48597.0
38	48597.0
39	48597.0
40	190140.0
41	190140.0
42	190140.0
43	190140.0
44	190140.0
45	266210.0
46	266210.0
47	266210.0
48	266210.0
49	266210.0
50	283998.0
51	283998.0
52	283998.0
53	283998.0
54	283998.0
55	72554.0
56	72554.0
57	72554.0
58	72554.0
59	72554.0
60	373293.0
61	373293.0
62	373293.0
63	373293.0
64	373293.0
65	334510.0
66	334510.0
67	334510.0
68	334510.0
69	334510.0
70	25173.0
71	25173.0
72	25173.0
73	25173.0
74	25173.0
75	304494.0
76	304494.0
77	304494.0
78	304494.0
79	304494.0
80	229323.0
81	229323.0
82	229323.0
83	229323.0
84	229323.0
85	377878.0
86	377878.0
87	377878.0
88	377878.0
89	377878.0
90	103367.0
91	103367.0
92	103367.0
93	103367.0
94	103367.0
95	355699.0
96	355699.0
97	355699.0
98	355699.0
99	355699.0
100	393907.0
101	393907.0
102	393907.0
103	393907.0
104	393907.0
105	281466.0
106	281466.0
107	281466.0
108	281466.0
109	281466.0
110	63872.0
111	63872.0
112	63872.0
113	63872.0
114	63872.0
115	400430.0
116	400430.0
117	400430.0
118	400430.0
119	400430.0
120	327535.0
121	327535.0
122	327535.0
123	327535.0
124	327535.0
125	63459.0
126	63459.0
127	63459.0
128	63459.0
129	63459.0
130	331089.0
131	331089.0
132	331089.0
133	331089.0
134	331089.0
135	336816.0
136	336816.0
137	336816.0
138	336816.0
139	336816.0
140	44173.0
141	44173.0
142	44173.0
143	44173.0
144	44173.0
145	359171.0
146	359171.0
147	359171.0
148	359171.0
149	359171.0
150	396929.0
151	396929.0
152	396929.0
153	396929.0
154	396929.0
155	295058.0
156	295058.0
157	295058.0
158	295058.0
159	295058.0
160	352232.0
161	352232.0
162	352232.0
163	352232.0
164	352232.0
165	234308.0
166	234308.0
167	234308.0
168	234308.0
169	234308.0
170	128387.0
171	128387.0
172	128387.0
173	128387.0
174	128387.0
175	45617.0
176	45617.0
177	45617.0
178	45617.0
179	45617.0
180	356661.0
181	356661.0
182	356661.0
183	356661.0
184	356661.0
185	159288.0
186	159288.0
187	159288.0
188	159288.0
189	159288.0
190	281495.0
191	281495.0
192	281495.0
193	281495.0
194	281495.0
195	21944.0
196	21944.0
197	21944.0
198	21944.0
199	21944.0
200	347894.0
201	347894.0
202	347894.0
203	347894.0
204	347894.0
205	80244.0
206	80244.0
207	80244.0
208	80244.0
209	80244.0
210	202457.0
211	202457.0
212	202457.0
213	202457.0
214	202457.0
215	10152.0
216	10152.0
217	10152.0
218	10152.0
219	10152.0
220	341227.0
221	341227.0
222	341227.0
223	341227.0
224	341227.0
225	294269.0
226	294269.0
227	294269.0
228	294269.0
229	294269.0
230	382552.0
231	382552.0
232	382552.0
233	382552.0
234	382552.0
235	163532.0
236	163532.0
237	163532.0
238	163532.0
239	163532.0
240	308525.0
241	308525.0
242	308525.0
243	308525.0
244	308525.0
245	173679.0
246	173679.0
247	173679.0
248	173679.0
249	173679.0
