0	396390.0
1	396390.0
2	396390.0
3	396390.0
4	396390.0
5	146174.0
6	146174.0
7	146174.0
8	146174.0
9	146174.0
10	162283.0
11	162283.0
12	162283.0
13	162283.0
14	162283.0
15	278314.0
16	278314.0
17	278314.0
18	278314.0
19	278314.0
20	68895.0
21	68895.0
22	68895.0
23	68895.0
24	68895.0
25	38723.0
26	38723.0
27	38723.0
28	38723.0
29	38723.0
30	243205.0
31	243205.0
32	243205.0
33	243205.0
34	243205.0
35	271871.0
36	271871.0
37	271871.0
38	271871.0
39	271871.0
40	20027.0
41	20027.0
42	20027.0
43	20027.0
44	20027.0
45	17568.0
46	17568.0
47	17568.0
48	17568.0
49	17568.0
50	321249.0
51	321249.0
52	321249.0
53	321249.0
54	321249.0
55	146800.0
56	146800.0
57	146800.0
58	146800.0
59	146800.0
60	218956.0
61	218956.0
62	218956.0
63	218956.0
64	218956.0
65	127912.0
66	127912.0
67	127912.0
68	127912.0
69	127912.0
70	150820.0
71	150820.0
72	150820.0
73	150820.0
74	150820.0
75	254257.0
76	254257.0
77	254257.0
78	254257.0
79	254257.0
80	396288.0
81	396288.0
82	396288.0
83	396288.0
84	396288.0
85	376879.0
86	376879.0
87	376879.0
88	376879.0
89	376879.0
90	367581.0
91	367581.0
92	367581.0
93	367581.0
94	367581.0
95	138044.0
96	138044.0
97	138044.0
98	138044.0
99	138044.0
100	282359.0
101	282359.0
102	282359.0
103	282359.0
104	282359.0
105	122653.0
106	122653.0
107	122653.0
108	122653.0
109	122653.0
110	345953.0
111	345953.0
112	345953.0
113	345953.0
114	345953.0
115	357403.0
116	357403.0
117	357403.0
118	357403.0
119	357403.0
120	311075.0
121	311075.0
122	311075.0
123	311075.0
124	311075.0
125	148836.0
126	148836.0
127	148836.0
128	148836.0
129	148836.0
130	61406.0
131	61406.0
132	61406.0
133	61406.0
134	61406.0
135	148029.0
136	148029.0
137	148029.0
138	148029.0
139	148029.0
140	361237.0
141	361237.0
142	361237.0
143	361237.0
144	361237.0
145	283391.0
146	283391.0
147	283391.0
148	283391.0
149	283391.0
150	387014.0
151	387014.0
152	387014.0
153	387014.0
154	387014.0
155	177192.0
156	177192.0
157	177192.0
158	177192.0
159	177192.0
160	222375.0
161	222375.0
162	222375.0
163	222375.0
164	222375.0
165	259689.0
166	259689.0
167	259689.0
168	259689.0
169	259689.0
170	183252.0
171	183252.0
172	183252.0
173	183252.0
174	183252.0
175	181434.0
176	181434.0
177	181434.0
178	181434.0
179	181434.0
180	192665.0
181	192665.0
182	192665.0
183	192665.0
184	192665.0
185	31891.0
186	31891.0
187	31891.0
188	31891.0
189	31891.0
190	153202.0
191	153202.0
192	153202.0
193	153202.0
194	153202.0
195	211022.0
196	211022.0
197	211022.0
198	211022.0
199	211022.0
200	175101.0
201	175101.0
202	175101.0
203	175101.0
204	175101.0
205	34912.0
206	34912.0
207	34912.0
208	34912.0
209	34912.0
210	152960.0
211	152960.0
212	152960.0
213	152960.0
214	152960.0
215	174726.0
216	174726.0
217	174726.0
218	174726.0
219	174726.0
220	179696.0
221	179696.0
222	179696.0
223	179696.0
224	179696.0
225	83047.0
226	83047.0
227	83047.0
228	83047.0
229	83047.0
230	246538.0
231	246538.0
232	246538.0
233	246538.0
234	246538.0
235	259581.0
236	259581.0
237	259581.0
238	259581.0
239	259581.0
240	36435.0
241	36435.0
242	36435.0
243	36435.0
244	36435.0
245	129956.0
246	129956.0
247	129956.0
248	129956.0
249	129956.0
