0	23057.0
1	23057.0
2	23057.0
3	23057.0
4	23057.0
5	328508.0
6	328508.0
7	328508.0
8	328508.0
9	328508.0
10	206436.0
11	206436.0
12	206436.0
13	206436.0
14	206436.0
15	379300.0
16	379300.0
17	379300.0
18	379300.0
19	379300.0
20	8270.0
21	8270.0
22	8270.0
23	8270.0
24	8270.0
25	194149.0
26	194149.0
27	194149.0
28	194149.0
29	194149.0
30	12858.0
31	12858.0
32	12858.0
33	12858.0
34	12858.0
35	135919.0
36	135919.0
37	135919.0
38	135919.0
39	135919.0
40	147939.0
41	147939.0
42	147939.0
43	147939.0
44	147939.0
45	159874.0
46	159874.0
47	159874.0
48	159874.0
49	159874.0
50	264893.0
51	264893.0
52	264893.0
53	264893.0
54	264893.0
55	269525.0
56	269525.0
57	269525.0
58	269525.0
59	269525.0
60	218387.0
61	218387.0
62	218387.0
63	218387.0
64	218387.0
65	318573.0
66	318573.0
67	318573.0
68	318573.0
69	318573.0
70	272809.0
71	272809.0
72	272809.0
73	272809.0
74	272809.0
75	75996.0
76	75996.0
77	75996.0
78	75996.0
79	75996.0
80	358347.0
81	358347.0
82	358347.0
83	358347.0
84	358347.0
85	24149.0
86	24149.0
87	24149.0
88	24149.0
89	24149.0
90	189553.0
91	189553.0
92	189553.0
93	189553.0
94	189553.0
95	159240.0
96	159240.0
97	159240.0
98	159240.0
99	159240.0
100	19781.0
101	19781.0
102	19781.0
103	19781.0
104	19781.0
105	23752.0
106	23752.0
107	23752.0
108	23752.0
109	23752.0
110	35153.0
111	35153.0
112	35153.0
113	35153.0
114	35153.0
115	161008.0
116	161008.0
117	161008.0
118	161008.0
119	161008.0
120	45003.0
121	45003.0
122	45003.0
123	45003.0
124	45003.0
125	203424.0
126	203424.0
127	203424.0
128	203424.0
129	203424.0
130	225545.0
131	225545.0
132	225545.0
133	225545.0
134	225545.0
135	13878.0
136	13878.0
137	13878.0
138	13878.0
139	13878.0
140	87404.0
141	87404.0
142	87404.0
143	87404.0
144	87404.0
145	202446.0
146	202446.0
147	202446.0
148	202446.0
149	202446.0
150	2900.0
151	2900.0
152	2900.0
153	2900.0
154	2900.0
155	276085.0
156	276085.0
157	276085.0
158	276085.0
159	276085.0
160	18623.0
161	18623.0
162	18623.0
163	18623.0
164	18623.0
165	117997.0
166	117997.0
167	117997.0
168	117997.0
169	117997.0
170	355720.0
171	355720.0
172	355720.0
173	355720.0
174	355720.0
175	103242.0
176	103242.0
177	103242.0
178	103242.0
179	103242.0
180	396854.0
181	396854.0
182	396854.0
183	396854.0
184	396854.0
185	266451.0
186	266451.0
187	266451.0
188	266451.0
189	266451.0
190	386531.0
191	386531.0
192	386531.0
193	386531.0
194	386531.0
195	191232.0
196	191232.0
197	191232.0
198	191232.0
199	191232.0
200	129429.0
201	129429.0
202	129429.0
203	129429.0
204	129429.0
205	193657.0
206	193657.0
207	193657.0
208	193657.0
209	193657.0
210	148111.0
211	148111.0
212	148111.0
213	148111.0
214	148111.0
215	215181.0
216	215181.0
217	215181.0
218	215181.0
219	215181.0
220	278755.0
221	278755.0
222	278755.0
223	278755.0
224	278755.0
225	20472.0
226	20472.0
227	20472.0
228	20472.0
229	20472.0
230	199134.0
231	199134.0
232	199134.0
233	199134.0
234	199134.0
235	143009.0
236	143009.0
237	143009.0
238	143009.0
239	143009.0
240	361939.0
241	361939.0
242	361939.0
243	361939.0
244	361939.0
245	133401.0
246	133401.0
247	133401.0
248	133401.0
249	133401.0
