0	384359.0
1	384359.0
2	384359.0
3	384359.0
4	384359.0
5	329786.0
6	329786.0
7	329786.0
8	329786.0
9	329786.0
10	37800.0
11	37800.0
12	37800.0
13	37800.0
14	37800.0
15	320148.0
16	320148.0
17	320148.0
18	320148.0
19	320148.0
20	369664.0
21	369664.0
22	369664.0
23	369664.0
24	369664.0
25	166180.0
26	166180.0
27	166180.0
28	166180.0
29	166180.0
30	71685.0
31	71685.0
32	71685.0
33	71685.0
34	71685.0
35	58898.0
36	58898.0
37	58898.0
38	58898.0
39	58898.0
40	176532.0
41	176532.0
42	176532.0
43	176532.0
44	176532.0
45	82798.0
46	82798.0
47	82798.0
48	82798.0
49	82798.0
50	279664.0
51	279664.0
52	279664.0
53	279664.0
54	279664.0
55	203058.0
56	203058.0
57	203058.0
58	203058.0
59	203058.0
60	202951.0
61	202951.0
62	202951.0
63	202951.0
64	202951.0
65	55463.0
66	55463.0
67	55463.0
68	55463.0
69	55463.0
70	127478.0
71	127478.0
72	127478.0
73	127478.0
74	127478.0
75	302345.0
76	302345.0
77	302345.0
78	302345.0
79	302345.0
80	174967.0
81	174967.0
82	174967.0
83	174967.0
84	174967.0
85	365304.0
86	365304.0
87	365304.0
88	365304.0
89	365304.0
90	184727.0
91	184727.0
92	184727.0
93	184727.0
94	184727.0
95	288099.0
96	288099.0
97	288099.0
98	288099.0
99	288099.0
100	218997.0
101	218997.0
102	218997.0
103	218997.0
104	218997.0
105	336834.0
106	336834.0
107	336834.0
108	336834.0
109	336834.0
110	179729.0
111	179729.0
112	179729.0
113	179729.0
114	179729.0
115	231027.0
116	231027.0
117	231027.0
118	231027.0
119	231027.0
120	317453.0
121	317453.0
122	317453.0
123	317453.0
124	317453.0
125	92099.0
126	92099.0
127	92099.0
128	92099.0
129	92099.0
130	231629.0
131	231629.0
132	231629.0
133	231629.0
134	231629.0
135	294509.0
136	294509.0
137	294509.0
138	294509.0
139	294509.0
140	203992.0
141	203992.0
142	203992.0
143	203992.0
144	203992.0
145	358408.0
146	358408.0
147	358408.0
148	358408.0
149	358408.0
150	163974.0
151	163974.0
152	163974.0
153	163974.0
154	163974.0
155	64703.0
156	64703.0
157	64703.0
158	64703.0
159	64703.0
160	332107.0
161	332107.0
162	332107.0
163	332107.0
164	332107.0
165	238252.0
166	238252.0
167	238252.0
168	238252.0
169	238252.0
170	265152.0
171	265152.0
172	265152.0
173	265152.0
174	265152.0
175	4625.0
176	4625.0
177	4625.0
178	4625.0
179	4625.0
180	249647.0
181	249647.0
182	249647.0
183	249647.0
184	249647.0
185	189169.0
186	189169.0
187	189169.0
188	189169.0
189	189169.0
190	327720.0
191	327720.0
192	327720.0
193	327720.0
194	327720.0
195	132384.0
196	132384.0
197	132384.0
198	132384.0
199	132384.0
200	333140.0
201	333140.0
202	333140.0
203	333140.0
204	333140.0
205	169302.0
206	169302.0
207	169302.0
208	169302.0
209	169302.0
210	117635.0
211	117635.0
212	117635.0
213	117635.0
214	117635.0
215	258880.0
216	258880.0
217	258880.0
218	258880.0
219	258880.0
220	324108.0
221	324108.0
222	324108.0
223	324108.0
224	324108.0
225	247908.0
226	247908.0
227	247908.0
228	247908.0
229	247908.0
230	279246.0
231	279246.0
232	279246.0
233	279246.0
234	279246.0
235	254873.0
236	254873.0
237	254873.0
238	254873.0
239	254873.0
240	5817.0
241	5817.0
242	5817.0
243	5817.0
244	5817.0
245	115600.0
246	115600.0
247	115600.0
248	115600.0
249	115600.0
