0	165925.0
1	165925.0
2	165925.0
3	165925.0
4	165925.0
5	129830.0
6	129830.0
7	129830.0
8	129830.0
9	129830.0
10	377975.0
11	377975.0
12	377975.0
13	377975.0
14	377975.0
15	112856.0
16	112856.0
17	112856.0
18	112856.0
19	112856.0
20	145540.0
21	145540.0
22	145540.0
23	145540.0
24	145540.0
25	370127.0
26	370127.0
27	370127.0
28	370127.0
29	370127.0
30	80873.0
31	80873.0
32	80873.0
33	80873.0
34	80873.0
35	302718.0
36	302718.0
37	302718.0
38	302718.0
39	302718.0
40	403193.0
41	403193.0
42	403193.0
43	403193.0
44	403193.0
45	403040.0
46	403040.0
47	403040.0
48	403040.0
49	403040.0
50	61774.0
51	61774.0
52	61774.0
53	61774.0
54	61774.0
55	44091.0
56	44091.0
57	44091.0
58	44091.0
59	44091.0
60	14331.0
61	14331.0
62	14331.0
63	14331.0
64	14331.0
65	84714.0
66	84714.0
67	84714.0
68	84714.0
69	84714.0
70	257786.0
71	257786.0
72	257786.0
73	257786.0
74	257786.0
75	34513.0
76	34513.0
77	34513.0
78	34513.0
79	34513.0
80	93136.0
81	93136.0
82	93136.0
83	93136.0
84	93136.0
85	404117.0
86	404117.0
87	404117.0
88	404117.0
89	404117.0
90	95420.0
91	95420.0
92	95420.0
93	95420.0
94	95420.0
95	131624.0
96	131624.0
97	131624.0
98	131624.0
99	131624.0
100	38747.0
101	38747.0
102	38747.0
103	38747.0
104	38747.0
105	79453.0
106	79453.0
107	79453.0
108	79453.0
109	79453.0
110	370602.0
111	370602.0
112	370602.0
113	370602.0
114	370602.0
115	113550.0
116	113550.0
117	113550.0
118	113550.0
119	113550.0
120	343670.0
121	343670.0
122	343670.0
123	343670.0
124	343670.0
125	393387.0
126	393387.0
127	393387.0
128	393387.0
129	393387.0
130	143665.0
131	143665.0
132	143665.0
133	143665.0
134	143665.0
135	3921.0
136	3921.0
137	3921.0
138	3921.0
139	3921.0
140	143361.0
141	143361.0
142	143361.0
143	143361.0
144	143361.0
145	182586.0
146	182586.0
147	182586.0
148	182586.0
149	182586.0
150	223551.0
151	223551.0
152	223551.0
153	223551.0
154	223551.0
155	203769.0
156	203769.0
157	203769.0
158	203769.0
159	203769.0
160	174753.0
161	174753.0
162	174753.0
163	174753.0
164	174753.0
165	236639.0
166	236639.0
167	236639.0
168	236639.0
169	236639.0
170	28844.0
171	28844.0
172	28844.0
173	28844.0
174	28844.0
175	139975.0
176	139975.0
177	139975.0
178	139975.0
179	139975.0
180	62815.0
181	62815.0
182	62815.0
183	62815.0
184	62815.0
185	284174.0
186	284174.0
187	284174.0
188	284174.0
189	284174.0
190	275919.0
191	275919.0
192	275919.0
193	275919.0
194	275919.0
195	96893.0
196	96893.0
197	96893.0
198	96893.0
199	96893.0
200	19352.0
201	19352.0
202	19352.0
203	19352.0
204	19352.0
205	97695.0
206	97695.0
207	97695.0
208	97695.0
209	97695.0
210	265333.0
211	265333.0
212	265333.0
213	265333.0
214	265333.0
215	50616.0
216	50616.0
217	50616.0
218	50616.0
219	50616.0
220	80330.0
221	80330.0
222	80330.0
223	80330.0
224	80330.0
225	217677.0
226	217677.0
227	217677.0
228	217677.0
229	217677.0
230	179268.0
231	179268.0
232	179268.0
233	179268.0
234	179268.0
235	148487.0
236	148487.0
237	148487.0
238	148487.0
239	148487.0
240	140156.0
241	140156.0
242	140156.0
243	140156.0
244	140156.0
245	131929.0
246	131929.0
247	131929.0
248	131929.0
249	131929.0
