0	22531.0
1	22531.0
2	22531.0
3	22531.0
4	22531.0
5	33125.0
6	33125.0
7	33125.0
8	33125.0
9	33125.0
10	33083.0
11	33083.0
12	33083.0
13	33083.0
14	33083.0
15	6256.0
16	6256.0
17	6256.0
18	6256.0
19	6256.0
20	16525.0
21	16525.0
22	16525.0
23	16525.0
24	16525.0
25	55129.0
26	55129.0
27	55129.0
28	55129.0
29	55129.0
30	90634.0
31	90634.0
32	90634.0
33	90634.0
34	90634.0
35	91569.0
36	91569.0
37	91569.0
38	91569.0
39	91569.0
40	10440.0
41	10440.0
42	10440.0
43	10440.0
44	10440.0
45	9993.0
46	9993.0
47	9993.0
48	9993.0
49	9993.0
50	58615.0
51	58615.0
52	58615.0
53	58615.0
54	58615.0
55	63627.0
56	63627.0
57	63627.0
58	63627.0
59	63627.0
60	35104.0
61	35104.0
62	35104.0
63	35104.0
64	35104.0
65	75182.0
66	75182.0
67	75182.0
68	75182.0
69	75182.0
70	7562.0
71	7562.0
72	7562.0
73	7562.0
74	7562.0
75	2034.0
76	2034.0
77	2034.0
78	2034.0
79	2034.0
80	27534.0
81	27534.0
82	27534.0
83	27534.0
84	27534.0
85	34651.0
86	34651.0
87	34651.0
88	34651.0
89	34651.0
90	76037.0
91	76037.0
92	76037.0
93	76037.0
94	76037.0
95	36711.0
96	36711.0
97	36711.0
98	36711.0
99	36711.0
100	15170.0
101	15170.0
102	15170.0
103	15170.0
104	15170.0
105	18584.0
106	18584.0
107	18584.0
108	18584.0
109	18584.0
110	92364.0
111	92364.0
112	92364.0
113	92364.0
114	92364.0
115	29720.0
116	29720.0
117	29720.0
118	29720.0
119	29720.0
120	16459.0
121	16459.0
122	16459.0
123	16459.0
124	16459.0
125	3493.0
126	3493.0
127	3493.0
128	3493.0
129	3493.0
130	43051.0
131	43051.0
132	43051.0
133	43051.0
134	43051.0
135	35941.0
136	35941.0
137	35941.0
138	35941.0
139	35941.0
140	19334.0
141	19334.0
142	19334.0
143	19334.0
144	19334.0
145	57765.0
146	57765.0
147	57765.0
148	57765.0
149	57765.0
150	88948.0
151	88948.0
152	88948.0
153	88948.0
154	88948.0
155	9255.0
156	9255.0
157	9255.0
158	9255.0
159	9255.0
160	44839.0
161	44839.0
162	44839.0
163	44839.0
164	44839.0
165	20528.0
166	20528.0
167	20528.0
168	20528.0
169	20528.0
170	63212.0
171	63212.0
172	63212.0
173	63212.0
174	63212.0
175	39312.0
176	39312.0
177	39312.0
178	39312.0
179	39312.0
180	49466.0
181	49466.0
182	49466.0
183	49466.0
184	49466.0
185	75919.0
186	75919.0
187	75919.0
188	75919.0
189	75919.0
190	53429.0
191	53429.0
192	53429.0
193	53429.0
194	53429.0
195	86248.0
196	86248.0
197	86248.0
198	86248.0
199	86248.0
200	88310.0
201	88310.0
202	88310.0
203	88310.0
204	88310.0
205	553.0
206	553.0
207	553.0
208	553.0
209	553.0
210	26291.0
211	26291.0
212	26291.0
213	26291.0
214	26291.0
215	41171.0
216	41171.0
217	41171.0
218	41171.0
219	41171.0
220	90198.0
221	90198.0
222	90198.0
223	90198.0
224	90198.0
225	77558.0
226	77558.0
227	77558.0
228	77558.0
229	77558.0
230	31727.0
231	31727.0
232	31727.0
233	31727.0
234	31727.0
235	11152.0
236	11152.0
237	11152.0
238	11152.0
239	11152.0
240	17932.0
241	17932.0
242	17932.0
243	17932.0
244	17932.0
245	55430.0
246	55430.0
247	55430.0
248	55430.0
249	55430.0
