0	30819.0
1	30819.0
2	30819.0
3	30819.0
4	30819.0
5	65152.0
6	65152.0
7	65152.0
8	65152.0
9	65152.0
10	56783.0
11	56783.0
12	56783.0
13	56783.0
14	56783.0
15	61272.0
16	61272.0
17	61272.0
18	61272.0
19	61272.0
20	64681.0
21	64681.0
22	64681.0
23	64681.0
24	64681.0
25	53972.0
26	53972.0
27	53972.0
28	53972.0
29	53972.0
30	83323.0
31	83323.0
32	83323.0
33	83323.0
34	83323.0
35	12439.0
36	12439.0
37	12439.0
38	12439.0
39	12439.0
40	25897.0
41	25897.0
42	25897.0
43	25897.0
44	25897.0
45	81861.0
46	81861.0
47	81861.0
48	81861.0
49	81861.0
50	16545.0
51	16545.0
52	16545.0
53	16545.0
54	16545.0
55	67885.0
56	67885.0
57	67885.0
58	67885.0
59	67885.0
60	44734.0
61	44734.0
62	44734.0
63	44734.0
64	44734.0
65	58565.0
66	58565.0
67	58565.0
68	58565.0
69	58565.0
70	25285.0
71	25285.0
72	25285.0
73	25285.0
74	25285.0
75	70782.0
76	70782.0
77	70782.0
78	70782.0
79	70782.0
80	6653.0
81	6653.0
82	6653.0
83	6653.0
84	6653.0
85	14290.0
86	14290.0
87	14290.0
88	14290.0
89	14290.0
90	52726.0
91	52726.0
92	52726.0
93	52726.0
94	52726.0
95	73747.0
96	73747.0
97	73747.0
98	73747.0
99	73747.0
100	92298.0
101	92298.0
102	92298.0
103	92298.0
104	92298.0
105	4771.0
106	4771.0
107	4771.0
108	4771.0
109	4771.0
110	44013.0
111	44013.0
112	44013.0
113	44013.0
114	44013.0
115	58291.0
116	58291.0
117	58291.0
118	58291.0
119	58291.0
120	61268.0
121	61268.0
122	61268.0
123	61268.0
124	61268.0
125	43265.0
126	43265.0
127	43265.0
128	43265.0
129	43265.0
130	30212.0
131	30212.0
132	30212.0
133	30212.0
134	30212.0
135	53250.0
136	53250.0
137	53250.0
138	53250.0
139	53250.0
140	45869.0
141	45869.0
142	45869.0
143	45869.0
144	45869.0
145	14401.0
146	14401.0
147	14401.0
148	14401.0
149	14401.0
150	13584.0
151	13584.0
152	13584.0
153	13584.0
154	13584.0
155	17228.0
156	17228.0
157	17228.0
158	17228.0
159	17228.0
160	14676.0
161	14676.0
162	14676.0
163	14676.0
164	14676.0
165	15280.0
166	15280.0
167	15280.0
168	15280.0
169	15280.0
170	90344.0
171	90344.0
172	90344.0
173	90344.0
174	90344.0
175	92040.0
176	92040.0
177	92040.0
178	92040.0
179	92040.0
180	23690.0
181	23690.0
182	23690.0
183	23690.0
184	23690.0
185	54769.0
186	54769.0
187	54769.0
188	54769.0
189	54769.0
190	47357.0
191	47357.0
192	47357.0
193	47357.0
194	47357.0
195	86206.0
196	86206.0
197	86206.0
198	86206.0
199	86206.0
200	61127.0
201	61127.0
202	61127.0
203	61127.0
204	61127.0
205	74284.0
206	74284.0
207	74284.0
208	74284.0
209	74284.0
210	56781.0
211	56781.0
212	56781.0
213	56781.0
214	56781.0
215	87359.0
216	87359.0
217	87359.0
218	87359.0
219	87359.0
220	48634.0
221	48634.0
222	48634.0
223	48634.0
224	48634.0
225	21358.0
226	21358.0
227	21358.0
228	21358.0
229	21358.0
230	3258.0
231	3258.0
232	3258.0
233	3258.0
234	3258.0
235	9777.0
236	9777.0
237	9777.0
238	9777.0
239	9777.0
240	22893.0
241	22893.0
242	22893.0
243	22893.0
244	22893.0
245	47198.0
246	47198.0
247	47198.0
248	47198.0
249	47198.0
