0	37800.0
1	37800.0
2	37800.0
3	37800.0
4	37800.0
5	36558.0
6	36558.0
7	36558.0
8	36558.0
9	36558.0
10	3438.0
11	3438.0
12	3438.0
13	3438.0
14	3438.0
15	38968.0
16	38968.0
17	38968.0
18	38968.0
19	38968.0
20	38369.0
21	38369.0
22	38369.0
23	38369.0
24	38369.0
25	45733.0
26	45733.0
27	45733.0
28	45733.0
29	45733.0
30	65593.0
31	65593.0
32	65593.0
33	65593.0
34	65593.0
35	51955.0
36	51955.0
37	51955.0
38	51955.0
39	51955.0
40	51470.0
41	51470.0
42	51470.0
43	51470.0
44	51470.0
45	76781.0
46	76781.0
47	76781.0
48	76781.0
49	76781.0
50	44035.0
51	44035.0
52	44035.0
53	44035.0
54	44035.0
55	42513.0
56	42513.0
57	42513.0
58	42513.0
59	42513.0
60	61689.0
61	61689.0
62	61689.0
63	61689.0
64	61689.0
65	53116.0
66	53116.0
67	53116.0
68	53116.0
69	53116.0
70	25930.0
71	25930.0
72	25930.0
73	25930.0
74	25930.0
75	72990.0
76	72990.0
77	72990.0
78	72990.0
79	72990.0
80	44726.0
81	44726.0
82	44726.0
83	44726.0
84	44726.0
85	13548.0
86	13548.0
87	13548.0
88	13548.0
89	13548.0
90	5815.0
91	5815.0
92	5815.0
93	5815.0
94	5815.0
95	9535.0
96	9535.0
97	9535.0
98	9535.0
99	9535.0
100	78944.0
101	78944.0
102	78944.0
103	78944.0
104	78944.0
105	34669.0
106	34669.0
107	34669.0
108	34669.0
109	34669.0
110	73175.0
111	73175.0
112	73175.0
113	73175.0
114	73175.0
115	27251.0
116	27251.0
117	27251.0
118	27251.0
119	27251.0
120	44010.0
121	44010.0
122	44010.0
123	44010.0
124	44010.0
125	85068.0
126	85068.0
127	85068.0
128	85068.0
129	85068.0
130	65562.0
131	65562.0
132	65562.0
133	65562.0
134	65562.0
135	5376.0
136	5376.0
137	5376.0
138	5376.0
139	5376.0
140	7256.0
141	7256.0
142	7256.0
143	7256.0
144	7256.0
145	83323.0
146	83323.0
147	83323.0
148	83323.0
149	83323.0
150	58639.0
151	58639.0
152	58639.0
153	58639.0
154	58639.0
155	13533.0
156	13533.0
157	13533.0
158	13533.0
159	13533.0
160	46626.0
161	46626.0
162	46626.0
163	46626.0
164	46626.0
165	66206.0
166	66206.0
167	66206.0
168	66206.0
169	66206.0
170	27306.0
171	27306.0
172	27306.0
173	27306.0
174	27306.0
175	33038.0
176	33038.0
177	33038.0
178	33038.0
179	33038.0
180	76549.0
181	76549.0
182	76549.0
183	76549.0
184	76549.0
185	80587.0
186	80587.0
187	80587.0
188	80587.0
189	80587.0
190	44720.0
191	44720.0
192	44720.0
193	44720.0
194	44720.0
195	65312.0
196	65312.0
197	65312.0
198	65312.0
199	65312.0
200	14421.0
201	14421.0
202	14421.0
203	14421.0
204	14421.0
205	3122.0
206	3122.0
207	3122.0
208	3122.0
209	3122.0
210	85156.0
211	85156.0
212	85156.0
213	85156.0
214	85156.0
215	68605.0
216	68605.0
217	68605.0
218	68605.0
219	68605.0
220	58587.0
221	58587.0
222	58587.0
223	58587.0
224	58587.0
225	64359.0
226	64359.0
227	64359.0
228	64359.0
229	64359.0
230	8450.0
231	8450.0
232	8450.0
233	8450.0
234	8450.0
235	9292.0
236	9292.0
237	9292.0
238	9292.0
239	9292.0
240	41328.0
241	41328.0
242	41328.0
243	41328.0
244	41328.0
245	31020.0
246	31020.0
247	31020.0
248	31020.0
249	31020.0
