0	14874.0
1	14874.0
2	14874.0
3	14874.0
4	14874.0
5	44705.0
6	44705.0
7	44705.0
8	44705.0
9	44705.0
10	20121.0
11	20121.0
12	20121.0
13	20121.0
14	20121.0
15	71432.0
16	71432.0
17	71432.0
18	71432.0
19	71432.0
20	52542.0
21	52542.0
22	52542.0
23	52542.0
24	52542.0
25	84363.0
26	84363.0
27	84363.0
28	84363.0
29	84363.0
30	1580.0
31	1580.0
32	1580.0
33	1580.0
34	1580.0
35	3713.0
36	3713.0
37	3713.0
38	3713.0
39	3713.0
40	80733.0
41	80733.0
42	80733.0
43	80733.0
44	80733.0
45	2174.0
46	2174.0
47	2174.0
48	2174.0
49	2174.0
50	3063.0
51	3063.0
52	3063.0
53	3063.0
54	3063.0
55	62379.0
56	62379.0
57	62379.0
58	62379.0
59	62379.0
60	13256.0
61	13256.0
62	13256.0
63	13256.0
64	13256.0
65	70652.0
66	70652.0
67	70652.0
68	70652.0
69	70652.0
70	86369.0
71	86369.0
72	86369.0
73	86369.0
74	86369.0
75	62252.0
76	62252.0
77	62252.0
78	62252.0
79	62252.0
80	39523.0
81	39523.0
82	39523.0
83	39523.0
84	39523.0
85	9863.0
86	9863.0
87	9863.0
88	9863.0
89	9863.0
90	60530.0
91	60530.0
92	60530.0
93	60530.0
94	60530.0
95	60472.0
96	60472.0
97	60472.0
98	60472.0
99	60472.0
100	83856.0
101	83856.0
102	83856.0
103	83856.0
104	83856.0
105	47758.0
106	47758.0
107	47758.0
108	47758.0
109	47758.0
110	38924.0
111	38924.0
112	38924.0
113	38924.0
114	38924.0
115	21806.0
116	21806.0
117	21806.0
118	21806.0
119	21806.0
120	18260.0
121	18260.0
122	18260.0
123	18260.0
124	18260.0
125	17272.0
126	17272.0
127	17272.0
128	17272.0
129	17272.0
130	29770.0
131	29770.0
132	29770.0
133	29770.0
134	29770.0
135	32636.0
136	32636.0
137	32636.0
138	32636.0
139	32636.0
140	28755.0
141	28755.0
142	28755.0
143	28755.0
144	28755.0
145	38322.0
146	38322.0
147	38322.0
148	38322.0
149	38322.0
150	21726.0
151	21726.0
152	21726.0
153	21726.0
154	21726.0
155	71157.0
156	71157.0
157	71157.0
158	71157.0
159	71157.0
160	27602.0
161	27602.0
162	27602.0
163	27602.0
164	27602.0
165	57723.0
166	57723.0
167	57723.0
168	57723.0
169	57723.0
170	90043.0
171	90043.0
172	90043.0
173	90043.0
174	90043.0
175	29454.0
176	29454.0
177	29454.0
178	29454.0
179	29454.0
180	51654.0
181	51654.0
182	51654.0
183	51654.0
184	51654.0
185	83670.0
186	83670.0
187	83670.0
188	83670.0
189	83670.0
190	58704.0
191	58704.0
192	58704.0
193	58704.0
194	58704.0
195	87995.0
196	87995.0
197	87995.0
198	87995.0
199	87995.0
200	57572.0
201	57572.0
202	57572.0
203	57572.0
204	57572.0
205	14597.0
206	14597.0
207	14597.0
208	14597.0
209	14597.0
210	91377.0
211	91377.0
212	91377.0
213	91377.0
214	91377.0
215	25594.0
216	25594.0
217	25594.0
218	25594.0
219	25594.0
220	67971.0
221	67971.0
222	67971.0
223	67971.0
224	67971.0
225	49254.0
226	49254.0
227	49254.0
228	49254.0
229	49254.0
230	66387.0
231	66387.0
232	66387.0
233	66387.0
234	66387.0
235	69642.0
236	69642.0
237	69642.0
238	69642.0
239	69642.0
240	80643.0
241	80643.0
242	80643.0
243	80643.0
244	80643.0
245	83783.0
246	83783.0
247	83783.0
248	83783.0
249	83783.0
