0	67243.0
1	67243.0
2	67243.0
3	67243.0
4	67243.0
5	159693.0
6	159693.0
7	159693.0
8	159693.0
9	159693.0
10	178774.0
11	178774.0
12	178774.0
13	178774.0
14	178774.0
15	224227.0
16	224227.0
17	224227.0
18	224227.0
19	224227.0
20	230613.0
21	230613.0
22	230613.0
23	230613.0
24	230613.0
25	130595.0
26	130595.0
27	130595.0
28	130595.0
29	130595.0
30	246874.0
31	246874.0
32	246874.0
33	246874.0
34	246874.0
35	45917.0
36	45917.0
37	45917.0
38	45917.0
39	45917.0
40	210283.0
41	210283.0
42	210283.0
43	210283.0
44	210283.0
45	29465.0
46	29465.0
47	29465.0
48	29465.0
49	29465.0
50	166702.0
51	166702.0
52	166702.0
53	166702.0
54	166702.0
55	21194.0
56	21194.0
57	21194.0
58	21194.0
59	21194.0
60	22415.0
61	22415.0
62	22415.0
63	22415.0
64	22415.0
65	89522.0
66	89522.0
67	89522.0
68	89522.0
69	89522.0
70	94764.0
71	94764.0
72	94764.0
73	94764.0
74	94764.0
75	111321.0
76	111321.0
77	111321.0
78	111321.0
79	111321.0
80	218290.0
81	218290.0
82	218290.0
83	218290.0
84	218290.0
85	14642.0
86	14642.0
87	14642.0
88	14642.0
89	14642.0
90	70128.0
91	70128.0
92	70128.0
93	70128.0
94	70128.0
95	28037.0
96	28037.0
97	28037.0
98	28037.0
99	28037.0
100	247822.0
101	247822.0
102	247822.0
103	247822.0
104	247822.0
105	243335.0
106	243335.0
107	243335.0
108	243335.0
109	243335.0
110	16330.0
111	16330.0
112	16330.0
113	16330.0
114	16330.0
115	9437.0
116	9437.0
117	9437.0
118	9437.0
119	9437.0
120	116023.0
121	116023.0
122	116023.0
123	116023.0
124	116023.0
125	33175.0
126	33175.0
127	33175.0
128	33175.0
129	33175.0
130	826.0
131	826.0
132	826.0
133	826.0
134	826.0
135	232274.0
136	232274.0
137	232274.0
138	232274.0
139	232274.0
140	237668.0
141	237668.0
142	237668.0
143	237668.0
144	237668.0
145	81979.0
146	81979.0
147	81979.0
148	81979.0
149	81979.0
150	55237.0
151	55237.0
152	55237.0
153	55237.0
154	55237.0
155	94666.0
156	94666.0
157	94666.0
158	94666.0
159	94666.0
160	172100.0
161	172100.0
162	172100.0
163	172100.0
164	172100.0
165	200053.0
166	200053.0
167	200053.0
168	200053.0
169	200053.0
170	177983.0
171	177983.0
172	177983.0
173	177983.0
174	177983.0
175	34762.0
176	34762.0
177	34762.0
178	34762.0
179	34762.0
180	191273.0
181	191273.0
182	191273.0
183	191273.0
184	191273.0
185	224963.0
186	224963.0
187	224963.0
188	224963.0
189	224963.0
190	237330.0
191	237330.0
192	237330.0
193	237330.0
194	237330.0
195	163774.0
196	163774.0
197	163774.0
198	163774.0
199	163774.0
200	192996.0
201	192996.0
202	192996.0
203	192996.0
204	192996.0
205	107978.0
206	107978.0
207	107978.0
208	107978.0
209	107978.0
210	93466.0
211	93466.0
212	93466.0
213	93466.0
214	93466.0
215	93940.0
216	93940.0
217	93940.0
218	93940.0
219	93940.0
220	206422.0
221	206422.0
222	206422.0
223	206422.0
224	206422.0
225	124413.0
226	124413.0
227	124413.0
228	124413.0
229	124413.0
230	105821.0
231	105821.0
232	105821.0
233	105821.0
234	105821.0
235	216118.0
236	216118.0
237	216118.0
238	216118.0
239	216118.0
240	18677.0
241	18677.0
242	18677.0
243	18677.0
244	18677.0
245	73346.0
246	73346.0
247	73346.0
248	73346.0
249	73346.0
