0	173868.0
1	173868.0
2	173868.0
3	173868.0
4	173868.0
5	246868.0
6	246868.0
7	246868.0
8	246868.0
9	246868.0
10	84096.0
11	84096.0
12	84096.0
13	84096.0
14	84096.0
15	133874.0
16	133874.0
17	133874.0
18	133874.0
19	133874.0
20	64715.0
21	64715.0
22	64715.0
23	64715.0
24	64715.0
25	79619.0
26	79619.0
27	79619.0
28	79619.0
29	79619.0
30	19304.0
31	19304.0
32	19304.0
33	19304.0
34	19304.0
35	219779.0
36	219779.0
37	219779.0
38	219779.0
39	219779.0
40	17645.0
41	17645.0
42	17645.0
43	17645.0
44	17645.0
45	53995.0
46	53995.0
47	53995.0
48	53995.0
49	53995.0
50	82636.0
51	82636.0
52	82636.0
53	82636.0
54	82636.0
55	217947.0
56	217947.0
57	217947.0
58	217947.0
59	217947.0
60	240973.0
61	240973.0
62	240973.0
63	240973.0
64	240973.0
65	193164.0
66	193164.0
67	193164.0
68	193164.0
69	193164.0
70	111523.0
71	111523.0
72	111523.0
73	111523.0
74	111523.0
75	124881.0
76	124881.0
77	124881.0
78	124881.0
79	124881.0
80	60917.0
81	60917.0
82	60917.0
83	60917.0
84	60917.0
85	156138.0
86	156138.0
87	156138.0
88	156138.0
89	156138.0
90	21841.0
91	21841.0
92	21841.0
93	21841.0
94	21841.0
95	166666.0
96	166666.0
97	166666.0
98	166666.0
99	166666.0
100	243910.0
101	243910.0
102	243910.0
103	243910.0
104	243910.0
105	69984.0
106	69984.0
107	69984.0
108	69984.0
109	69984.0
110	76307.0
111	76307.0
112	76307.0
113	76307.0
114	76307.0
115	105075.0
116	105075.0
117	105075.0
118	105075.0
119	105075.0
120	258599.0
121	258599.0
122	258599.0
123	258599.0
124	258599.0
125	215129.0
126	215129.0
127	215129.0
128	215129.0
129	215129.0
130	222630.0
131	222630.0
132	222630.0
133	222630.0
134	222630.0
135	1663.0
136	1663.0
137	1663.0
138	1663.0
139	1663.0
140	189236.0
141	189236.0
142	189236.0
143	189236.0
144	189236.0
145	242019.0
146	242019.0
147	242019.0
148	242019.0
149	242019.0
150	214379.0
151	214379.0
152	214379.0
153	214379.0
154	214379.0
155	151231.0
156	151231.0
157	151231.0
158	151231.0
159	151231.0
160	151848.0
161	151848.0
162	151848.0
163	151848.0
164	151848.0
165	192286.0
166	192286.0
167	192286.0
168	192286.0
169	192286.0
170	154689.0
171	154689.0
172	154689.0
173	154689.0
174	154689.0
175	14379.0
176	14379.0
177	14379.0
178	14379.0
179	14379.0
180	60596.0
181	60596.0
182	60596.0
183	60596.0
184	60596.0
185	8692.0
186	8692.0
187	8692.0
188	8692.0
189	8692.0
190	223103.0
191	223103.0
192	223103.0
193	223103.0
194	223103.0
195	160644.0
196	160644.0
197	160644.0
198	160644.0
199	160644.0
200	86158.0
201	86158.0
202	86158.0
203	86158.0
204	86158.0
205	228380.0
206	228380.0
207	228380.0
208	228380.0
209	228380.0
210	231379.0
211	231379.0
212	231379.0
213	231379.0
214	231379.0
215	139342.0
216	139342.0
217	139342.0
218	139342.0
219	139342.0
220	112736.0
221	112736.0
222	112736.0
223	112736.0
224	112736.0
225	213853.0
226	213853.0
227	213853.0
228	213853.0
229	213853.0
230	221471.0
231	221471.0
232	221471.0
233	221471.0
234	221471.0
235	119716.0
236	119716.0
237	119716.0
238	119716.0
239	119716.0
240	121593.0
241	121593.0
242	121593.0
243	121593.0
244	121593.0
245	220229.0
246	220229.0
247	220229.0
248	220229.0
249	220229.0
