0	233864.0
1	233864.0
2	233864.0
3	233864.0
4	233864.0
5	72445.0
6	72445.0
7	72445.0
8	72445.0
9	72445.0
10	181540.0
11	181540.0
12	181540.0
13	181540.0
14	181540.0
15	36918.0
16	36918.0
17	36918.0
18	36918.0
19	36918.0
20	196966.0
21	196966.0
22	196966.0
23	196966.0
24	196966.0
25	190157.0
26	190157.0
27	190157.0
28	190157.0
29	190157.0
30	11958.0
31	11958.0
32	11958.0
33	11958.0
34	11958.0
35	42222.0
36	42222.0
37	42222.0
38	42222.0
39	42222.0
40	158990.0
41	158990.0
42	158990.0
43	158990.0
44	158990.0
45	100742.0
46	100742.0
47	100742.0
48	100742.0
49	100742.0
50	261161.0
51	261161.0
52	261161.0
53	261161.0
54	261161.0
55	95219.0
56	95219.0
57	95219.0
58	95219.0
59	95219.0
60	235660.0
61	235660.0
62	235660.0
63	235660.0
64	235660.0
65	16732.0
66	16732.0
67	16732.0
68	16732.0
69	16732.0
70	76638.0
71	76638.0
72	76638.0
73	76638.0
74	76638.0
75	84862.0
76	84862.0
77	84862.0
78	84862.0
79	84862.0
80	165839.0
81	165839.0
82	165839.0
83	165839.0
84	165839.0
85	38857.0
86	38857.0
87	38857.0
88	38857.0
89	38857.0
90	1465.0
91	1465.0
92	1465.0
93	1465.0
94	1465.0
95	222427.0
96	222427.0
97	222427.0
98	222427.0
99	222427.0
100	125129.0
101	125129.0
102	125129.0
103	125129.0
104	125129.0
105	154705.0
106	154705.0
107	154705.0
108	154705.0
109	154705.0
110	253449.0
111	253449.0
112	253449.0
113	253449.0
114	253449.0
115	79655.0
116	79655.0
117	79655.0
118	79655.0
119	79655.0
120	99667.0
121	99667.0
122	99667.0
123	99667.0
124	99667.0
125	170068.0
126	170068.0
127	170068.0
128	170068.0
129	170068.0
130	82503.0
131	82503.0
132	82503.0
133	82503.0
134	82503.0
135	247551.0
136	247551.0
137	247551.0
138	247551.0
139	247551.0
140	30012.0
141	30012.0
142	30012.0
143	30012.0
144	30012.0
145	257922.0
146	257922.0
147	257922.0
148	257922.0
149	257922.0
150	213348.0
151	213348.0
152	213348.0
153	213348.0
154	213348.0
155	160374.0
156	160374.0
157	160374.0
158	160374.0
159	160374.0
160	88586.0
161	88586.0
162	88586.0
163	88586.0
164	88586.0
165	26123.0
166	26123.0
167	26123.0
168	26123.0
169	26123.0
170	89330.0
171	89330.0
172	89330.0
173	89330.0
174	89330.0
175	191397.0
176	191397.0
177	191397.0
178	191397.0
179	191397.0
180	113673.0
181	113673.0
182	113673.0
183	113673.0
184	113673.0
185	128776.0
186	128776.0
187	128776.0
188	128776.0
189	128776.0
190	83734.0
191	83734.0
192	83734.0
193	83734.0
194	83734.0
195	54756.0
196	54756.0
197	54756.0
198	54756.0
199	54756.0
200	3961.0
201	3961.0
202	3961.0
203	3961.0
204	3961.0
205	104680.0
206	104680.0
207	104680.0
208	104680.0
209	104680.0
210	132059.0
211	132059.0
212	132059.0
213	132059.0
214	132059.0
215	87593.0
216	87593.0
217	87593.0
218	87593.0
219	87593.0
220	101206.0
221	101206.0
222	101206.0
223	101206.0
224	101206.0
225	60657.0
226	60657.0
227	60657.0
228	60657.0
229	60657.0
230	51578.0
231	51578.0
232	51578.0
233	51578.0
234	51578.0
235	259667.0
236	259667.0
237	259667.0
238	259667.0
239	259667.0
240	226246.0
241	226246.0
242	226246.0
243	226246.0
244	226246.0
245	242885.0
246	242885.0
247	242885.0
248	242885.0
249	242885.0
