0	57668.0
1	57668.0
2	57668.0
3	57668.0
4	57668.0
5	190846.0
6	190846.0
7	190846.0
8	190846.0
9	190846.0
10	211425.0
11	211425.0
12	211425.0
13	211425.0
14	211425.0
15	252631.0
16	252631.0
17	252631.0
18	252631.0
19	252631.0
20	179680.0
21	179680.0
22	179680.0
23	179680.0
24	179680.0
25	87502.0
26	87502.0
27	87502.0
28	87502.0
29	87502.0
30	237787.0
31	237787.0
32	237787.0
33	237787.0
34	237787.0
35	134531.0
36	134531.0
37	134531.0
38	134531.0
39	134531.0
40	52864.0
41	52864.0
42	52864.0
43	52864.0
44	52864.0
45	58874.0
46	58874.0
47	58874.0
48	58874.0
49	58874.0
50	63094.0
51	63094.0
52	63094.0
53	63094.0
54	63094.0
55	145291.0
56	145291.0
57	145291.0
58	145291.0
59	145291.0
60	83139.0
61	83139.0
62	83139.0
63	83139.0
64	83139.0
65	29290.0
66	29290.0
67	29290.0
68	29290.0
69	29290.0
70	50372.0
71	50372.0
72	50372.0
73	50372.0
74	50372.0
75	165058.0
76	165058.0
77	165058.0
78	165058.0
79	165058.0
80	124449.0
81	124449.0
82	124449.0
83	124449.0
84	124449.0
85	30463.0
86	30463.0
87	30463.0
88	30463.0
89	30463.0
90	214670.0
91	214670.0
92	214670.0
93	214670.0
94	214670.0
95	155964.0
96	155964.0
97	155964.0
98	155964.0
99	155964.0
100	224661.0
101	224661.0
102	224661.0
103	224661.0
104	224661.0
105	39117.0
106	39117.0
107	39117.0
108	39117.0
109	39117.0
110	33351.0
111	33351.0
112	33351.0
113	33351.0
114	33351.0
115	233922.0
116	233922.0
117	233922.0
118	233922.0
119	233922.0
120	22014.0
121	22014.0
122	22014.0
123	22014.0
124	22014.0
125	124954.0
126	124954.0
127	124954.0
128	124954.0
129	124954.0
130	178984.0
131	178984.0
132	178984.0
133	178984.0
134	178984.0
135	137441.0
136	137441.0
137	137441.0
138	137441.0
139	137441.0
140	23470.0
141	23470.0
142	23470.0
143	23470.0
144	23470.0
145	215330.0
146	215330.0
147	215330.0
148	215330.0
149	215330.0
150	9436.0
151	9436.0
152	9436.0
153	9436.0
154	9436.0
155	124988.0
156	124988.0
157	124988.0
158	124988.0
159	124988.0
160	62225.0
161	62225.0
162	62225.0
163	62225.0
164	62225.0
165	88173.0
166	88173.0
167	88173.0
168	88173.0
169	88173.0
170	81450.0
171	81450.0
172	81450.0
173	81450.0
174	81450.0
175	201569.0
176	201569.0
177	201569.0
178	201569.0
179	201569.0
180	199948.0
181	199948.0
182	199948.0
183	199948.0
184	199948.0
185	65085.0
186	65085.0
187	65085.0
188	65085.0
189	65085.0
190	18846.0
191	18846.0
192	18846.0
193	18846.0
194	18846.0
195	52639.0
196	52639.0
197	52639.0
198	52639.0
199	52639.0
200	126165.0
201	126165.0
202	126165.0
203	126165.0
204	126165.0
205	134454.0
206	134454.0
207	134454.0
208	134454.0
209	134454.0
210	164203.0
211	164203.0
212	164203.0
213	164203.0
214	164203.0
215	209627.0
216	209627.0
217	209627.0
218	209627.0
219	209627.0
220	71703.0
221	71703.0
222	71703.0
223	71703.0
224	71703.0
225	245438.0
226	245438.0
227	245438.0
228	245438.0
229	245438.0
230	206002.0
231	206002.0
232	206002.0
233	206002.0
234	206002.0
235	179979.0
236	179979.0
237	179979.0
238	179979.0
239	179979.0
240	74377.0
241	74377.0
242	74377.0
243	74377.0
244	74377.0
245	71943.0
246	71943.0
247	71943.0
248	71943.0
249	71943.0
