0	143053.0
1	143053.0
2	143053.0
3	143053.0
4	143053.0
5	135334.0
6	135334.0
7	135334.0
8	135334.0
9	135334.0
10	33461.0
11	33461.0
12	33461.0
13	33461.0
14	33461.0
15	212129.0
16	212129.0
17	212129.0
18	212129.0
19	212129.0
20	210620.0
21	210620.0
22	210620.0
23	210620.0
24	210620.0
25	122825.0
26	122825.0
27	122825.0
28	122825.0
29	122825.0
30	8103.0
31	8103.0
32	8103.0
33	8103.0
34	8103.0
35	91351.0
36	91351.0
37	91351.0
38	91351.0
39	91351.0
40	56646.0
41	56646.0
42	56646.0
43	56646.0
44	56646.0
45	103201.0
46	103201.0
47	103201.0
48	103201.0
49	103201.0
50	66594.0
51	66594.0
52	66594.0
53	66594.0
54	66594.0
55	170688.0
56	170688.0
57	170688.0
58	170688.0
59	170688.0
60	52334.0
61	52334.0
62	52334.0
63	52334.0
64	52334.0
65	7002.0
66	7002.0
67	7002.0
68	7002.0
69	7002.0
70	148221.0
71	148221.0
72	148221.0
73	148221.0
74	148221.0
75	68309.0
76	68309.0
77	68309.0
78	68309.0
79	68309.0
80	20164.0
81	20164.0
82	20164.0
83	20164.0
84	20164.0
85	228857.0
86	228857.0
87	228857.0
88	228857.0
89	228857.0
90	69031.0
91	69031.0
92	69031.0
93	69031.0
94	69031.0
95	114586.0
96	114586.0
97	114586.0
98	114586.0
99	114586.0
100	70485.0
101	70485.0
102	70485.0
103	70485.0
104	70485.0
105	110743.0
106	110743.0
107	110743.0
108	110743.0
109	110743.0
110	198883.0
111	198883.0
112	198883.0
113	198883.0
114	198883.0
115	134057.0
116	134057.0
117	134057.0
118	134057.0
119	134057.0
120	141875.0
121	141875.0
122	141875.0
123	141875.0
124	141875.0
125	137914.0
126	137914.0
127	137914.0
128	137914.0
129	137914.0
130	18511.0
131	18511.0
132	18511.0
133	18511.0
134	18511.0
135	101108.0
136	101108.0
137	101108.0
138	101108.0
139	101108.0
140	36471.0
141	36471.0
142	36471.0
143	36471.0
144	36471.0
145	146228.0
146	146228.0
147	146228.0
148	146228.0
149	146228.0
150	115859.0
151	115859.0
152	115859.0
153	115859.0
154	115859.0
155	18671.0
156	18671.0
157	18671.0
158	18671.0
159	18671.0
160	239900.0
161	239900.0
162	239900.0
163	239900.0
164	239900.0
165	43294.0
166	43294.0
167	43294.0
168	43294.0
169	43294.0
170	107639.0
171	107639.0
172	107639.0
173	107639.0
174	107639.0
175	72208.0
176	72208.0
177	72208.0
178	72208.0
179	72208.0
180	230443.0
181	230443.0
182	230443.0
183	230443.0
184	230443.0
185	176396.0
186	176396.0
187	176396.0
188	176396.0
189	176396.0
190	163364.0
191	163364.0
192	163364.0
193	163364.0
194	163364.0
195	56447.0
196	56447.0
197	56447.0
198	56447.0
199	56447.0
200	37798.0
201	37798.0
202	37798.0
203	37798.0
204	37798.0
205	133906.0
206	133906.0
207	133906.0
208	133906.0
209	133906.0
210	102295.0
211	102295.0
212	102295.0
213	102295.0
214	102295.0
215	100167.0
216	100167.0
217	100167.0
218	100167.0
219	100167.0
220	227014.0
221	227014.0
222	227014.0
223	227014.0
224	227014.0
225	73002.0
226	73002.0
227	73002.0
228	73002.0
229	73002.0
230	237300.0
231	237300.0
232	237300.0
233	237300.0
234	237300.0
235	230648.0
236	230648.0
237	230648.0
238	230648.0
239	230648.0
240	169801.0
241	169801.0
242	169801.0
243	169801.0
244	169801.0
245	4841.0
246	4841.0
247	4841.0
248	4841.0
249	4841.0
