0	133703.0
1	133703.0
2	133703.0
3	133703.0
4	133703.0
5	17024.0
6	17024.0
7	17024.0
8	17024.0
9	17024.0
10	252832.0
11	252832.0
12	252832.0
13	252832.0
14	252832.0
15	39367.0
16	39367.0
17	39367.0
18	39367.0
19	39367.0
20	187129.0
21	187129.0
22	187129.0
23	187129.0
24	187129.0
25	258194.0
26	258194.0
27	258194.0
28	258194.0
29	258194.0
30	170473.0
31	170473.0
32	170473.0
33	170473.0
34	170473.0
35	184515.0
36	184515.0
37	184515.0
38	184515.0
39	184515.0
40	218884.0
41	218884.0
42	218884.0
43	218884.0
44	218884.0
45	259074.0
46	259074.0
47	259074.0
48	259074.0
49	259074.0
50	108215.0
51	108215.0
52	108215.0
53	108215.0
54	108215.0
55	214460.0
56	214460.0
57	214460.0
58	214460.0
59	214460.0
60	253796.0
61	253796.0
62	253796.0
63	253796.0
64	253796.0
65	165339.0
66	165339.0
67	165339.0
68	165339.0
69	165339.0
70	204109.0
71	204109.0
72	204109.0
73	204109.0
74	204109.0
75	34564.0
76	34564.0
77	34564.0
78	34564.0
79	34564.0
80	186612.0
81	186612.0
82	186612.0
83	186612.0
84	186612.0
85	47439.0
86	47439.0
87	47439.0
88	47439.0
89	47439.0
90	111194.0
91	111194.0
92	111194.0
93	111194.0
94	111194.0
95	90481.0
96	90481.0
97	90481.0
98	90481.0
99	90481.0
100	49054.0
101	49054.0
102	49054.0
103	49054.0
104	49054.0
105	195888.0
106	195888.0
107	195888.0
108	195888.0
109	195888.0
110	232440.0
111	232440.0
112	232440.0
113	232440.0
114	232440.0
115	31223.0
116	31223.0
117	31223.0
118	31223.0
119	31223.0
120	172115.0
121	172115.0
122	172115.0
123	172115.0
124	172115.0
125	148199.0
126	148199.0
127	148199.0
128	148199.0
129	148199.0
130	53943.0
131	53943.0
132	53943.0
133	53943.0
134	53943.0
135	252983.0
136	252983.0
137	252983.0
138	252983.0
139	252983.0
140	101298.0
141	101298.0
142	101298.0
143	101298.0
144	101298.0
145	116446.0
146	116446.0
147	116446.0
148	116446.0
149	116446.0
150	184616.0
151	184616.0
152	184616.0
153	184616.0
154	184616.0
155	230990.0
156	230990.0
157	230990.0
158	230990.0
159	230990.0
160	146025.0
161	146025.0
162	146025.0
163	146025.0
164	146025.0
165	106567.0
166	106567.0
167	106567.0
168	106567.0
169	106567.0
170	6262.0
171	6262.0
172	6262.0
173	6262.0
174	6262.0
175	66223.0
176	66223.0
177	66223.0
178	66223.0
179	66223.0
180	189550.0
181	189550.0
182	189550.0
183	189550.0
184	189550.0
185	191834.0
186	191834.0
187	191834.0
188	191834.0
189	191834.0
190	236322.0
191	236322.0
192	236322.0
193	236322.0
194	236322.0
195	221415.0
196	221415.0
197	221415.0
198	221415.0
199	221415.0
200	19035.0
201	19035.0
202	19035.0
203	19035.0
204	19035.0
205	112837.0
206	112837.0
207	112837.0
208	112837.0
209	112837.0
210	96924.0
211	96924.0
212	96924.0
213	96924.0
214	96924.0
215	99144.0
216	99144.0
217	99144.0
218	99144.0
219	99144.0
220	64548.0
221	64548.0
222	64548.0
223	64548.0
224	64548.0
225	259439.0
226	259439.0
227	259439.0
228	259439.0
229	259439.0
230	105158.0
231	105158.0
232	105158.0
233	105158.0
234	105158.0
235	199273.0
236	199273.0
237	199273.0
238	199273.0
239	199273.0
240	25368.0
241	25368.0
242	25368.0
243	25368.0
244	25368.0
245	55919.0
246	55919.0
247	55919.0
248	55919.0
249	55919.0
