0	196643.0
1	196643.0
2	196643.0
3	196643.0
4	196643.0
5	45818.0
6	45818.0
7	45818.0
8	45818.0
9	45818.0
10	136311.0
11	136311.0
12	136311.0
13	136311.0
14	136311.0
15	90704.0
16	90704.0
17	90704.0
18	90704.0
19	90704.0
20	188210.0
21	188210.0
22	188210.0
23	188210.0
24	188210.0
25	231105.0
26	231105.0
27	231105.0
28	231105.0
29	231105.0
30	123729.0
31	123729.0
32	123729.0
33	123729.0
34	123729.0
35	104207.0
36	104207.0
37	104207.0
38	104207.0
39	104207.0
40	185029.0
41	185029.0
42	185029.0
43	185029.0
44	185029.0
45	202998.0
46	202998.0
47	202998.0
48	202998.0
49	202998.0
50	175937.0
51	175937.0
52	175937.0
53	175937.0
54	175937.0
55	99815.0
56	99815.0
57	99815.0
58	99815.0
59	99815.0
60	188648.0
61	188648.0
62	188648.0
63	188648.0
64	188648.0
65	16328.0
66	16328.0
67	16328.0
68	16328.0
69	16328.0
70	198042.0
71	198042.0
72	198042.0
73	198042.0
74	198042.0
75	116023.0
76	116023.0
77	116023.0
78	116023.0
79	116023.0
80	46420.0
81	46420.0
82	46420.0
83	46420.0
84	46420.0
85	128886.0
86	128886.0
87	128886.0
88	128886.0
89	128886.0
90	7104.0
91	7104.0
92	7104.0
93	7104.0
94	7104.0
95	208467.0
96	208467.0
97	208467.0
98	208467.0
99	208467.0
100	182317.0
101	182317.0
102	182317.0
103	182317.0
104	182317.0
105	53856.0
106	53856.0
107	53856.0
108	53856.0
109	53856.0
110	113163.0
111	113163.0
112	113163.0
113	113163.0
114	113163.0
115	117394.0
116	117394.0
117	117394.0
118	117394.0
119	117394.0
120	152628.0
121	152628.0
122	152628.0
123	152628.0
124	152628.0
125	226776.0
126	226776.0
127	226776.0
128	226776.0
129	226776.0
130	148388.0
131	148388.0
132	148388.0
133	148388.0
134	148388.0
135	13844.0
136	13844.0
137	13844.0
138	13844.0
139	13844.0
140	174665.0
141	174665.0
142	174665.0
143	174665.0
144	174665.0
145	217758.0
146	217758.0
147	217758.0
148	217758.0
149	217758.0
150	20009.0
151	20009.0
152	20009.0
153	20009.0
154	20009.0
155	53144.0
156	53144.0
157	53144.0
158	53144.0
159	53144.0
160	223658.0
161	223658.0
162	223658.0
163	223658.0
164	223658.0
165	19225.0
166	19225.0
167	19225.0
168	19225.0
169	19225.0
170	142063.0
171	142063.0
172	142063.0
173	142063.0
174	142063.0
175	111298.0
176	111298.0
177	111298.0
178	111298.0
179	111298.0
180	37871.0
181	37871.0
182	37871.0
183	37871.0
184	37871.0
185	67821.0
186	67821.0
187	67821.0
188	67821.0
189	67821.0
190	22806.0
191	22806.0
192	22806.0
193	22806.0
194	22806.0
195	174387.0
196	174387.0
197	174387.0
198	174387.0
199	174387.0
200	25137.0
201	25137.0
202	25137.0
203	25137.0
204	25137.0
205	154870.0
206	154870.0
207	154870.0
208	154870.0
209	154870.0
210	123033.0
211	123033.0
212	123033.0
213	123033.0
214	123033.0
215	144248.0
216	144248.0
217	144248.0
218	144248.0
219	144248.0
220	129336.0
221	129336.0
222	129336.0
223	129336.0
224	129336.0
225	143474.0
226	143474.0
227	143474.0
228	143474.0
229	143474.0
230	10086.0
231	10086.0
232	10086.0
233	10086.0
234	10086.0
235	172073.0
236	172073.0
237	172073.0
238	172073.0
239	172073.0
240	143587.0
241	143587.0
242	143587.0
243	143587.0
244	143587.0
245	51289.0
246	51289.0
247	51289.0
248	51289.0
249	51289.0
