0	90757.0
1	90757.0
2	90757.0
3	90757.0
4	90757.0
5	151581.0
6	151581.0
7	151581.0
8	151581.0
9	151581.0
10	152008.0
11	152008.0
12	152008.0
13	152008.0
14	152008.0
15	17770.0
16	17770.0
17	17770.0
18	17770.0
19	17770.0
20	49777.0
21	49777.0
22	49777.0
23	49777.0
24	49777.0
25	121538.0
26	121538.0
27	121538.0
28	121538.0
29	121538.0
30	40808.0
31	40808.0
32	40808.0
33	40808.0
34	40808.0
35	233549.0
36	233549.0
37	233549.0
38	233549.0
39	233549.0
40	51214.0
41	51214.0
42	51214.0
43	51214.0
44	51214.0
45	190184.0
46	190184.0
47	190184.0
48	190184.0
49	190184.0
50	49922.0
51	49922.0
52	49922.0
53	49922.0
54	49922.0
55	118566.0
56	118566.0
57	118566.0
58	118566.0
59	118566.0
60	58941.0
61	58941.0
62	58941.0
63	58941.0
64	58941.0
65	72935.0
66	72935.0
67	72935.0
68	72935.0
69	72935.0
70	217525.0
71	217525.0
72	217525.0
73	217525.0
74	217525.0
75	12140.0
76	12140.0
77	12140.0
78	12140.0
79	12140.0
80	213771.0
81	213771.0
82	213771.0
83	213771.0
84	213771.0
85	140331.0
86	140331.0
87	140331.0
88	140331.0
89	140331.0
90	101931.0
91	101931.0
92	101931.0
93	101931.0
94	101931.0
95	23970.0
96	23970.0
97	23970.0
98	23970.0
99	23970.0
100	65055.0
101	65055.0
102	65055.0
103	65055.0
104	65055.0
105	226104.0
106	226104.0
107	226104.0
108	226104.0
109	226104.0
110	53078.0
111	53078.0
112	53078.0
113	53078.0
114	53078.0
115	96870.0
116	96870.0
117	96870.0
118	96870.0
119	96870.0
120	134454.0
121	134454.0
122	134454.0
123	134454.0
124	134454.0
125	209301.0
126	209301.0
127	209301.0
128	209301.0
129	209301.0
130	142367.0
131	142367.0
132	142367.0
133	142367.0
134	142367.0
135	176498.0
136	176498.0
137	176498.0
138	176498.0
139	176498.0
140	183491.0
141	183491.0
142	183491.0
143	183491.0
144	183491.0
145	9221.0
146	9221.0
147	9221.0
148	9221.0
149	9221.0
150	106632.0
151	106632.0
152	106632.0
153	106632.0
154	106632.0
155	18195.0
156	18195.0
157	18195.0
158	18195.0
159	18195.0
160	19027.0
161	19027.0
162	19027.0
163	19027.0
164	19027.0
165	1578.0
166	1578.0
167	1578.0
168	1578.0
169	1578.0
170	174954.0
171	174954.0
172	174954.0
173	174954.0
174	174954.0
175	114492.0
176	114492.0
177	114492.0
178	114492.0
179	114492.0
180	198360.0
181	198360.0
182	198360.0
183	198360.0
184	198360.0
185	32861.0
186	32861.0
187	32861.0
188	32861.0
189	32861.0
190	58108.0
191	58108.0
192	58108.0
193	58108.0
194	58108.0
195	106945.0
196	106945.0
197	106945.0
198	106945.0
199	106945.0
200	214128.0
201	214128.0
202	214128.0
203	214128.0
204	214128.0
205	72558.0
206	72558.0
207	72558.0
208	72558.0
209	72558.0
210	212066.0
211	212066.0
212	212066.0
213	212066.0
214	212066.0
215	187197.0
216	187197.0
217	187197.0
218	187197.0
219	187197.0
220	232839.0
221	232839.0
222	232839.0
223	232839.0
224	232839.0
225	109542.0
226	109542.0
227	109542.0
228	109542.0
229	109542.0
230	199116.0
231	199116.0
232	199116.0
233	199116.0
234	199116.0
235	148271.0
236	148271.0
237	148271.0
238	148271.0
239	148271.0
240	28335.0
241	28335.0
242	28335.0
243	28335.0
244	28335.0
245	106073.0
246	106073.0
247	106073.0
248	106073.0
249	106073.0
