0	131073.0
1	131073.0
2	131073.0
3	131073.0
4	131073.0
5	221591.0
6	221591.0
7	221591.0
8	221591.0
9	221591.0
10	146962.0
11	146962.0
12	146962.0
13	146962.0
14	146962.0
15	51296.0
16	51296.0
17	51296.0
18	51296.0
19	51296.0
20	180802.0
21	180802.0
22	180802.0
23	180802.0
24	180802.0
25	198574.0
26	198574.0
27	198574.0
28	198574.0
29	198574.0
30	228620.0
31	228620.0
32	228620.0
33	228620.0
34	228620.0
35	123985.0
36	123985.0
37	123985.0
38	123985.0
39	123985.0
40	9576.0
41	9576.0
42	9576.0
43	9576.0
44	9576.0
45	165841.0
46	165841.0
47	165841.0
48	165841.0
49	165841.0
50	233641.0
51	233641.0
52	233641.0
53	233641.0
54	233641.0
55	91822.0
56	91822.0
57	91822.0
58	91822.0
59	91822.0
60	139096.0
61	139096.0
62	139096.0
63	139096.0
64	139096.0
65	174904.0
66	174904.0
67	174904.0
68	174904.0
69	174904.0
70	125733.0
71	125733.0
72	125733.0
73	125733.0
74	125733.0
75	56513.0
76	56513.0
77	56513.0
78	56513.0
79	56513.0
80	87881.0
81	87881.0
82	87881.0
83	87881.0
84	87881.0
85	20102.0
86	20102.0
87	20102.0
88	20102.0
89	20102.0
90	13674.0
91	13674.0
92	13674.0
93	13674.0
94	13674.0
95	81715.0
96	81715.0
97	81715.0
98	81715.0
99	81715.0
100	134541.0
101	134541.0
102	134541.0
103	134541.0
104	134541.0
105	237186.0
106	237186.0
107	237186.0
108	237186.0
109	237186.0
110	48157.0
111	48157.0
112	48157.0
113	48157.0
114	48157.0
115	215808.0
116	215808.0
117	215808.0
118	215808.0
119	215808.0
120	53983.0
121	53983.0
122	53983.0
123	53983.0
124	53983.0
125	199314.0
126	199314.0
127	199314.0
128	199314.0
129	199314.0
130	74699.0
131	74699.0
132	74699.0
133	74699.0
134	74699.0
135	57013.0
136	57013.0
137	57013.0
138	57013.0
139	57013.0
140	232042.0
141	232042.0
142	232042.0
143	232042.0
144	232042.0
145	202545.0
146	202545.0
147	202545.0
148	202545.0
149	202545.0
150	181692.0
151	181692.0
152	181692.0
153	181692.0
154	181692.0
155	161190.0
156	161190.0
157	161190.0
158	161190.0
159	161190.0
160	74521.0
161	74521.0
162	74521.0
163	74521.0
164	74521.0
165	143638.0
166	143638.0
167	143638.0
168	143638.0
169	143638.0
170	219030.0
171	219030.0
172	219030.0
173	219030.0
174	219030.0
175	174307.0
176	174307.0
177	174307.0
178	174307.0
179	174307.0
180	225735.0
181	225735.0
182	225735.0
183	225735.0
184	225735.0
185	68232.0
186	68232.0
187	68232.0
188	68232.0
189	68232.0
190	224747.0
191	224747.0
192	224747.0
193	224747.0
194	224747.0
195	696.0
196	696.0
197	696.0
198	696.0
199	696.0
200	154223.0
201	154223.0
202	154223.0
203	154223.0
204	154223.0
205	166551.0
206	166551.0
207	166551.0
208	166551.0
209	166551.0
210	7484.0
211	7484.0
212	7484.0
213	7484.0
214	7484.0
215	5931.0
216	5931.0
217	5931.0
218	5931.0
219	5931.0
220	70857.0
221	70857.0
222	70857.0
223	70857.0
224	70857.0
225	124156.0
226	124156.0
227	124156.0
228	124156.0
229	124156.0
230	94388.0
231	94388.0
232	94388.0
233	94388.0
234	94388.0
235	73451.0
236	73451.0
237	73451.0
238	73451.0
239	73451.0
240	185728.0
241	185728.0
242	185728.0
243	185728.0
244	185728.0
245	42790.0
246	42790.0
247	42790.0
248	42790.0
249	42790.0
