0	42404.0
1	42404.0
2	42404.0
3	42404.0
4	42404.0
5	44622.0
6	44622.0
7	44622.0
8	44622.0
9	44622.0
10	15283.0
11	15283.0
12	15283.0
13	15283.0
14	15283.0
15	13860.0
16	13860.0
17	13860.0
18	13860.0
19	13860.0
20	2041.0
21	2041.0
22	2041.0
23	2041.0
24	2041.0
25	39166.0
26	39166.0
27	39166.0
28	39166.0
29	39166.0
30	27431.0
31	27431.0
32	27431.0
33	27431.0
34	27431.0
35	12476.0
36	12476.0
37	12476.0
38	12476.0
39	12476.0
40	40521.0
41	40521.0
42	40521.0
43	40521.0
44	40521.0
45	30047.0
46	30047.0
47	30047.0
48	30047.0
49	30047.0
50	36111.0
51	36111.0
52	36111.0
53	36111.0
54	36111.0
55	968.0
56	968.0
57	968.0
58	968.0
59	968.0
60	1811.0
61	1811.0
62	1811.0
63	1811.0
64	1811.0
65	12814.0
66	12814.0
67	12814.0
68	12814.0
69	12814.0
70	10480.0
71	10480.0
72	10480.0
73	10480.0
74	10480.0
75	38637.0
76	38637.0
77	38637.0
78	38637.0
79	38637.0
80	2623.0
81	2623.0
82	2623.0
83	2623.0
84	2623.0
85	2849.0
86	2849.0
87	2849.0
88	2849.0
89	2849.0
90	25287.0
91	25287.0
92	25287.0
93	25287.0
94	25287.0
95	11925.0
96	11925.0
97	11925.0
98	11925.0
99	11925.0
100	17115.0
101	17115.0
102	17115.0
103	17115.0
104	17115.0
105	20329.0
106	20329.0
107	20329.0
108	20329.0
109	20329.0
110	15259.0
111	15259.0
112	15259.0
113	15259.0
114	15259.0
115	5572.0
116	5572.0
117	5572.0
118	5572.0
119	5572.0
120	26715.0
121	26715.0
122	26715.0
123	26715.0
124	26715.0
125	35147.0
126	35147.0
127	35147.0
128	35147.0
129	35147.0
130	12520.0
131	12520.0
132	12520.0
133	12520.0
134	12520.0
135	29662.0
136	29662.0
137	29662.0
138	29662.0
139	29662.0
140	21366.0
141	21366.0
142	21366.0
143	21366.0
144	21366.0
145	30272.0
146	30272.0
147	30272.0
148	30272.0
149	30272.0
150	2799.0
151	2799.0
152	2799.0
153	2799.0
154	2799.0
155	10994.0
156	10994.0
157	10994.0
158	10994.0
159	10994.0
160	43830.0
161	43830.0
162	43830.0
163	43830.0
164	43830.0
165	7483.0
166	7483.0
167	7483.0
168	7483.0
169	7483.0
170	20376.0
171	20376.0
172	20376.0
173	20376.0
174	20376.0
175	10304.0
176	10304.0
177	10304.0
178	10304.0
179	10304.0
180	29424.0
181	29424.0
182	29424.0
183	29424.0
184	29424.0
185	40537.0
186	40537.0
187	40537.0
188	40537.0
189	40537.0
190	18407.0
191	18407.0
192	18407.0
193	18407.0
194	18407.0
195	17872.0
196	17872.0
197	17872.0
198	17872.0
199	17872.0
200	13686.0
201	13686.0
202	13686.0
203	13686.0
204	13686.0
205	12022.0
206	12022.0
207	12022.0
208	12022.0
209	12022.0
210	40523.0
211	40523.0
212	40523.0
213	40523.0
214	40523.0
215	19325.0
216	19325.0
217	19325.0
218	19325.0
219	19325.0
220	12524.0
221	12524.0
222	12524.0
223	12524.0
224	12524.0
225	44244.0
226	44244.0
227	44244.0
228	44244.0
229	44244.0
230	28663.0
231	28663.0
232	28663.0
233	28663.0
234	28663.0
235	22634.0
236	22634.0
237	22634.0
238	22634.0
239	22634.0
240	35206.0
241	35206.0
242	35206.0
243	35206.0
244	35206.0
245	6887.0
246	6887.0
247	6887.0
248	6887.0
249	6887.0
