0	25394.0
1	25394.0
2	25394.0
3	25394.0
4	25394.0
5	12477.0
6	12477.0
7	12477.0
8	12477.0
9	12477.0
10	23052.0
11	23052.0
12	23052.0
13	23052.0
14	23052.0
15	9307.0
16	9307.0
17	9307.0
18	9307.0
19	9307.0
20	4259.0
21	4259.0
22	4259.0
23	4259.0
24	4259.0
25	10425.0
26	10425.0
27	10425.0
28	10425.0
29	10425.0
30	7690.0
31	7690.0
32	7690.0
33	7690.0
34	7690.0
35	18969.0
36	18969.0
37	18969.0
38	18969.0
39	18969.0
40	19693.0
41	19693.0
42	19693.0
43	19693.0
44	19693.0
45	24851.0
46	24851.0
47	24851.0
48	24851.0
49	24851.0
50	27927.0
51	27927.0
52	27927.0
53	27927.0
54	27927.0
55	27527.0
56	27527.0
57	27527.0
58	27527.0
59	27527.0
60	25568.0
61	25568.0
62	25568.0
63	25568.0
64	25568.0
65	21232.0
66	21232.0
67	21232.0
68	21232.0
69	21232.0
70	1126.0
71	1126.0
72	1126.0
73	1126.0
74	1126.0
75	15218.0
76	15218.0
77	15218.0
78	15218.0
79	15218.0
80	24116.0
81	24116.0
82	24116.0
83	24116.0
84	24116.0
85	23108.0
86	23108.0
87	23108.0
88	23108.0
89	23108.0
90	9333.0
91	9333.0
92	9333.0
93	9333.0
94	9333.0
95	28058.0
96	28058.0
97	28058.0
98	28058.0
99	28058.0
100	27017.0
101	27017.0
102	27017.0
103	27017.0
104	27017.0
105	26815.0
106	26815.0
107	26815.0
108	26815.0
109	26815.0
110	2176.0
111	2176.0
112	2176.0
113	2176.0
114	2176.0
115	9060.0
116	9060.0
117	9060.0
118	9060.0
119	9060.0
120	14420.0
121	14420.0
122	14420.0
123	14420.0
124	14420.0
125	1511.0
126	1511.0
127	1511.0
128	1511.0
129	1511.0
130	24136.0
131	24136.0
132	24136.0
133	24136.0
134	24136.0
135	18886.0
136	18886.0
137	18886.0
138	18886.0
139	18886.0
140	12778.0
141	12778.0
142	12778.0
143	12778.0
144	12778.0
145	11292.0
146	11292.0
147	11292.0
148	11292.0
149	11292.0
150	10525.0
151	10525.0
152	10525.0
153	10525.0
154	10525.0
155	11328.0
156	11328.0
157	11328.0
158	11328.0
159	11328.0
160	16072.0
161	16072.0
162	16072.0
163	16072.0
164	16072.0
165	22210.0
166	22210.0
167	22210.0
168	22210.0
169	22210.0
170	4490.0
171	4490.0
172	4490.0
173	4490.0
174	4490.0
175	19278.0
176	19278.0
177	19278.0
178	19278.0
179	19278.0
180	503.0
181	503.0
182	503.0
183	503.0
184	503.0
185	1532.0
186	1532.0
187	1532.0
188	1532.0
189	1532.0
190	11577.0
191	11577.0
192	11577.0
193	11577.0
194	11577.0
195	23177.0
196	23177.0
197	23177.0
198	23177.0
199	23177.0
200	20534.0
201	20534.0
202	20534.0
203	20534.0
204	20534.0
205	20875.0
206	20875.0
207	20875.0
208	20875.0
209	20875.0
210	9700.0
211	9700.0
212	9700.0
213	9700.0
214	9700.0
215	6641.0
216	6641.0
217	6641.0
218	6641.0
219	6641.0
220	8779.0
221	8779.0
222	8779.0
223	8779.0
224	8779.0
225	22111.0
226	22111.0
227	22111.0
228	22111.0
229	22111.0
230	25782.0
231	25782.0
232	25782.0
233	25782.0
234	25782.0
235	10359.0
236	10359.0
237	10359.0
238	10359.0
239	10359.0
240	20336.0
241	20336.0
242	20336.0
243	20336.0
244	20336.0
245	22371.0
246	22371.0
247	22371.0
248	22371.0
249	22371.0
