0	19370.0
1	19370.0
2	19370.0
3	19370.0
4	19370.0
5	29208.0
6	29208.0
7	29208.0
8	29208.0
9	29208.0
10	38006.0
11	38006.0
12	38006.0
13	38006.0
14	38006.0
15	32384.0
16	32384.0
17	32384.0
18	32384.0
19	32384.0
20	16547.0
21	16547.0
22	16547.0
23	16547.0
24	16547.0
25	31765.0
26	31765.0
27	31765.0
28	31765.0
29	31765.0
30	29672.0
31	29672.0
32	29672.0
33	29672.0
34	29672.0
35	48389.0
36	48389.0
37	48389.0
38	48389.0
39	48389.0
40	47850.0
41	47850.0
42	47850.0
43	47850.0
44	47850.0
45	54456.0
46	54456.0
47	54456.0
48	54456.0
49	54456.0
50	42592.0
51	42592.0
52	42592.0
53	42592.0
54	42592.0
55	10128.0
56	10128.0
57	10128.0
58	10128.0
59	10128.0
60	25968.0
61	25968.0
62	25968.0
63	25968.0
64	25968.0
65	20098.0
66	20098.0
67	20098.0
68	20098.0
69	20098.0
70	38322.0
71	38322.0
72	38322.0
73	38322.0
74	38322.0
75	63488.0
76	63488.0
77	63488.0
78	63488.0
79	63488.0
80	54371.0
81	54371.0
82	54371.0
83	54371.0
84	54371.0
85	62318.0
86	62318.0
87	62318.0
88	62318.0
89	62318.0
90	29113.0
91	29113.0
92	29113.0
93	29113.0
94	29113.0
95	26240.0
96	26240.0
97	26240.0
98	26240.0
99	26240.0
100	44084.0
101	44084.0
102	44084.0
103	44084.0
104	44084.0
105	6900.0
106	6900.0
107	6900.0
108	6900.0
109	6900.0
110	27638.0
111	27638.0
112	27638.0
113	27638.0
114	27638.0
115	13256.0
116	13256.0
117	13256.0
118	13256.0
119	13256.0
120	63339.0
121	63339.0
122	63339.0
123	63339.0
124	63339.0
125	11761.0
126	11761.0
127	11761.0
128	11761.0
129	11761.0
130	26812.0
131	26812.0
132	26812.0
133	26812.0
134	26812.0
135	57699.0
136	57699.0
137	57699.0
138	57699.0
139	57699.0
140	62575.0
141	62575.0
142	62575.0
143	62575.0
144	62575.0
145	26014.0
146	26014.0
147	26014.0
148	26014.0
149	26014.0
150	30253.0
151	30253.0
152	30253.0
153	30253.0
154	30253.0
155	21812.0
156	21812.0
157	21812.0
158	21812.0
159	21812.0
160	41310.0
161	41310.0
162	41310.0
163	41310.0
164	41310.0
165	21460.0
166	21460.0
167	21460.0
168	21460.0
169	21460.0
170	17842.0
171	17842.0
172	17842.0
173	17842.0
174	17842.0
175	43513.0
176	43513.0
177	43513.0
178	43513.0
179	43513.0
180	13620.0
181	13620.0
182	13620.0
183	13620.0
184	13620.0
185	46553.0
186	46553.0
187	46553.0
188	46553.0
189	46553.0
190	51756.0
191	51756.0
192	51756.0
193	51756.0
194	51756.0
195	41020.0
196	41020.0
197	41020.0
198	41020.0
199	41020.0
200	36359.0
201	36359.0
202	36359.0
203	36359.0
204	36359.0
205	495.0
206	495.0
207	495.0
208	495.0
209	495.0
210	209.0
211	209.0
212	209.0
213	209.0
214	209.0
215	17562.0
216	17562.0
217	17562.0
218	17562.0
219	17562.0
220	8488.0
221	8488.0
222	8488.0
223	8488.0
224	8488.0
225	42678.0
226	42678.0
227	42678.0
228	42678.0
229	42678.0
230	43923.0
231	43923.0
232	43923.0
233	43923.0
234	43923.0
235	44714.0
236	44714.0
237	44714.0
238	44714.0
239	44714.0
240	5748.0
241	5748.0
242	5748.0
243	5748.0
244	5748.0
245	43400.0
246	43400.0
247	43400.0
248	43400.0
249	43400.0
