0	7879.0
1	7879.0
2	7879.0
3	7879.0
4	7879.0
5	4396.0
6	4396.0
7	4396.0
8	4396.0
9	4396.0
10	12706.0
11	12706.0
12	12706.0
13	12706.0
14	12706.0
15	28835.0
16	28835.0
17	28835.0
18	28835.0
19	28835.0
20	8917.0
21	8917.0
22	8917.0
23	8917.0
24	8917.0
25	25718.0
26	25718.0
27	25718.0
28	25718.0
29	25718.0
30	33031.0
31	33031.0
32	33031.0
33	33031.0
34	33031.0
35	17245.0
36	17245.0
37	17245.0
38	17245.0
39	17245.0
40	3889.0
41	3889.0
42	3889.0
43	3889.0
44	3889.0
45	11503.0
46	11503.0
47	11503.0
48	11503.0
49	11503.0
50	11244.0
51	11244.0
52	11244.0
53	11244.0
54	11244.0
55	24724.0
56	24724.0
57	24724.0
58	24724.0
59	24724.0
60	17051.0
61	17051.0
62	17051.0
63	17051.0
64	17051.0
65	74.0
66	74.0
67	74.0
68	74.0
69	74.0
70	24795.0
71	24795.0
72	24795.0
73	24795.0
74	24795.0
75	33964.0
76	33964.0
77	33964.0
78	33964.0
79	33964.0
80	28606.0
81	28606.0
82	28606.0
83	28606.0
84	28606.0
85	19675.0
86	19675.0
87	19675.0
88	19675.0
89	19675.0
90	27609.0
91	27609.0
92	27609.0
93	27609.0
94	27609.0
95	14394.0
96	14394.0
97	14394.0
98	14394.0
99	14394.0
100	4340.0
101	4340.0
102	4340.0
103	4340.0
104	4340.0
105	23850.0
106	23850.0
107	23850.0
108	23850.0
109	23850.0
110	2896.0
111	2896.0
112	2896.0
113	2896.0
114	2896.0
115	25527.0
116	25527.0
117	25527.0
118	25527.0
119	25527.0
120	17679.0
121	17679.0
122	17679.0
123	17679.0
124	17679.0
125	18507.0
126	18507.0
127	18507.0
128	18507.0
129	18507.0
130	19888.0
131	19888.0
132	19888.0
133	19888.0
134	19888.0
135	9310.0
136	9310.0
137	9310.0
138	9310.0
139	9310.0
140	22240.0
141	22240.0
142	22240.0
143	22240.0
144	22240.0
145	11541.0
146	11541.0
147	11541.0
148	11541.0
149	11541.0
150	29007.0
151	29007.0
152	29007.0
153	29007.0
154	29007.0
155	23015.0
156	23015.0
157	23015.0
158	23015.0
159	23015.0
160	19596.0
161	19596.0
162	19596.0
163	19596.0
164	19596.0
165	34033.0
166	34033.0
167	34033.0
168	34033.0
169	34033.0
170	33767.0
171	33767.0
172	33767.0
173	33767.0
174	33767.0
175	6104.0
176	6104.0
177	6104.0
178	6104.0
179	6104.0
180	2985.0
181	2985.0
182	2985.0
183	2985.0
184	2985.0
185	12852.0
186	12852.0
187	12852.0
188	12852.0
189	12852.0
190	14961.0
191	14961.0
192	14961.0
193	14961.0
194	14961.0
195	13637.0
196	13637.0
197	13637.0
198	13637.0
199	13637.0
200	22796.0
201	22796.0
202	22796.0
203	22796.0
204	22796.0
205	27067.0
206	27067.0
207	27067.0
208	27067.0
209	27067.0
210	18991.0
211	18991.0
212	18991.0
213	18991.0
214	18991.0
215	10442.0
216	10442.0
217	10442.0
218	10442.0
219	10442.0
220	10828.0
221	10828.0
222	10828.0
223	10828.0
224	10828.0
225	27909.0
226	27909.0
227	27909.0
228	27909.0
229	27909.0
230	22921.0
231	22921.0
232	22921.0
233	22921.0
234	22921.0
235	30502.0
236	30502.0
237	30502.0
238	30502.0
239	30502.0
240	13104.0
241	13104.0
242	13104.0
243	13104.0
244	13104.0
245	3908.0
246	3908.0
247	3908.0
248	3908.0
249	3908.0
