0	238232.0
1	238232.0
2	238232.0
3	238232.0
4	238232.0
5	22615.0
6	22615.0
7	22615.0
8	22615.0
9	22615.0
10	268888.0
11	268888.0
12	268888.0
13	268888.0
14	268888.0
15	92989.0
16	92989.0
17	92989.0
18	92989.0
19	92989.0
20	843071.0
21	843071.0
22	843071.0
23	843071.0
24	843071.0
25	503301.0
26	503301.0
27	503301.0
28	503301.0
29	503301.0
30	586392.0
31	586392.0
32	586392.0
33	586392.0
34	586392.0
35	440403.0
36	440403.0
37	440403.0
38	440403.0
39	440403.0
40	592388.0
41	592388.0
42	592388.0
43	592388.0
44	592388.0
45	478257.0
46	478257.0
47	478257.0
48	478257.0
49	478257.0
50	528252.0
51	528252.0
52	528252.0
53	528252.0
54	528252.0
55	845913.0
56	845913.0
57	845913.0
58	845913.0
59	845913.0
60	18495.0
61	18495.0
62	18495.0
63	18495.0
64	18495.0
65	317715.0
66	317715.0
67	317715.0
68	317715.0
69	317715.0
70	791470.0
71	791470.0
72	791470.0
73	791470.0
74	791470.0
75	775538.0
76	775538.0
77	775538.0
78	775538.0
79	775538.0
80	543750.0
81	543750.0
82	543750.0
83	543750.0
84	543750.0
85	690273.0
86	690273.0
87	690273.0
88	690273.0
89	690273.0
90	735395.0
91	735395.0
92	735395.0
93	735395.0
94	735395.0
95	266993.0
96	266993.0
97	266993.0
98	266993.0
99	266993.0
100	70109.0
101	70109.0
102	70109.0
103	70109.0
104	70109.0
105	404888.0
106	404888.0
107	404888.0
108	404888.0
109	404888.0
110	251706.0
111	251706.0
112	251706.0
113	251706.0
114	251706.0
115	664332.0
116	664332.0
117	664332.0
118	664332.0
119	664332.0
120	53075.0
121	53075.0
122	53075.0
123	53075.0
124	53075.0
125	355167.0
126	355167.0
127	355167.0
128	355167.0
129	355167.0
130	849584.0
131	849584.0
132	849584.0
133	849584.0
134	849584.0
135	297456.0
136	297456.0
137	297456.0
138	297456.0
139	297456.0
140	473968.0
141	473968.0
142	473968.0
143	473968.0
144	473968.0
145	29151.0
146	29151.0
147	29151.0
148	29151.0
149	29151.0
150	565382.0
151	565382.0
152	565382.0
153	565382.0
154	565382.0
155	194757.0
156	194757.0
157	194757.0
158	194757.0
159	194757.0
160	350887.0
161	350887.0
162	350887.0
163	350887.0
164	350887.0
165	45008.0
166	45008.0
167	45008.0
168	45008.0
169	45008.0
170	579820.0
171	579820.0
172	579820.0
173	579820.0
174	579820.0
175	634492.0
176	634492.0
177	634492.0
178	634492.0
179	634492.0
180	371334.0
181	371334.0
182	371334.0
183	371334.0
184	371334.0
185	113426.0
186	113426.0
187	113426.0
188	113426.0
189	113426.0
190	508706.0
191	508706.0
192	508706.0
193	508706.0
194	508706.0
195	823551.0
196	823551.0
197	823551.0
198	823551.0
199	823551.0
200	586746.0
201	586746.0
202	586746.0
203	586746.0
204	586746.0
205	846672.0
206	846672.0
207	846672.0
208	846672.0
209	846672.0
210	142640.0
211	142640.0
212	142640.0
213	142640.0
214	142640.0
215	662813.0
216	662813.0
217	662813.0
218	662813.0
219	662813.0
220	364443.0
221	364443.0
222	364443.0
223	364443.0
224	364443.0
225	338999.0
226	338999.0
227	338999.0
228	338999.0
229	338999.0
230	366354.0
231	366354.0
232	366354.0
233	366354.0
234	366354.0
235	57594.0
236	57594.0
237	57594.0
238	57594.0
239	57594.0
240	483460.0
241	483460.0
242	483460.0
243	483460.0
244	483460.0
245	683398.0
246	683398.0
247	683398.0
248	683398.0
249	683398.0
