0	374823.0
1	374823.0
2	374823.0
3	374823.0
4	374823.0
5	237116.0
6	237116.0
7	237116.0
8	237116.0
9	237116.0
10	343264.0
11	343264.0
12	343264.0
13	343264.0
14	343264.0
15	164512.0
16	164512.0
17	164512.0
18	164512.0
19	164512.0
20	439789.0
21	439789.0
22	439789.0
23	439789.0
24	439789.0
25	755750.0
26	755750.0
27	755750.0
28	755750.0
29	755750.0
30	258709.0
31	258709.0
32	258709.0
33	258709.0
34	258709.0
35	773241.0
36	773241.0
37	773241.0
38	773241.0
39	773241.0
40	504885.0
41	504885.0
42	504885.0
43	504885.0
44	504885.0
45	707015.0
46	707015.0
47	707015.0
48	707015.0
49	707015.0
50	683008.0
51	683008.0
52	683008.0
53	683008.0
54	683008.0
55	187691.0
56	187691.0
57	187691.0
58	187691.0
59	187691.0
60	717571.0
61	717571.0
62	717571.0
63	717571.0
64	717571.0
65	175695.0
66	175695.0
67	175695.0
68	175695.0
69	175695.0
70	686170.0
71	686170.0
72	686170.0
73	686170.0
74	686170.0
75	673569.0
76	673569.0
77	673569.0
78	673569.0
79	673569.0
80	461669.0
81	461669.0
82	461669.0
83	461669.0
84	461669.0
85	3615.0
86	3615.0
87	3615.0
88	3615.0
89	3615.0
90	812084.0
91	812084.0
92	812084.0
93	812084.0
94	812084.0
95	298825.0
96	298825.0
97	298825.0
98	298825.0
99	298825.0
100	788157.0
101	788157.0
102	788157.0
103	788157.0
104	788157.0
105	175593.0
106	175593.0
107	175593.0
108	175593.0
109	175593.0
110	28242.0
111	28242.0
112	28242.0
113	28242.0
114	28242.0
115	274476.0
116	274476.0
117	274476.0
118	274476.0
119	274476.0
120	847882.0
121	847882.0
122	847882.0
123	847882.0
124	847882.0
125	138668.0
126	138668.0
127	138668.0
128	138668.0
129	138668.0
130	747866.0
131	747866.0
132	747866.0
133	747866.0
134	747866.0
135	250116.0
136	250116.0
137	250116.0
138	250116.0
139	250116.0
140	830061.0
141	830061.0
142	830061.0
143	830061.0
144	830061.0
145	189351.0
146	189351.0
147	189351.0
148	189351.0
149	189351.0
150	848731.0
151	848731.0
152	848731.0
153	848731.0
154	848731.0
155	562887.0
156	562887.0
157	562887.0
158	562887.0
159	562887.0
160	58843.0
161	58843.0
162	58843.0
163	58843.0
164	58843.0
165	398291.0
166	398291.0
167	398291.0
168	398291.0
169	398291.0
170	81925.0
171	81925.0
172	81925.0
173	81925.0
174	81925.0
175	300166.0
176	300166.0
177	300166.0
178	300166.0
179	300166.0
180	655293.0
181	655293.0
182	655293.0
183	655293.0
184	655293.0
185	70619.0
186	70619.0
187	70619.0
188	70619.0
189	70619.0
190	813077.0
191	813077.0
192	813077.0
193	813077.0
194	813077.0
195	309209.0
196	309209.0
197	309209.0
198	309209.0
199	309209.0
200	56101.0
201	56101.0
202	56101.0
203	56101.0
204	56101.0
205	94870.0
206	94870.0
207	94870.0
208	94870.0
209	94870.0
210	314829.0
211	314829.0
212	314829.0
213	314829.0
214	314829.0
215	692839.0
216	692839.0
217	692839.0
218	692839.0
219	692839.0
220	824784.0
221	824784.0
222	824784.0
223	824784.0
224	824784.0
225	564939.0
226	564939.0
227	564939.0
228	564939.0
229	564939.0
230	84703.0
231	84703.0
232	84703.0
233	84703.0
234	84703.0
235	507483.0
236	507483.0
237	507483.0
238	507483.0
239	507483.0
240	745456.0
241	745456.0
242	745456.0
243	745456.0
244	745456.0
245	21260.0
246	21260.0
247	21260.0
248	21260.0
249	21260.0
