0	10539.0
1	10539.0
2	10539.0
3	10539.0
4	10539.0
5	766840.0
6	766840.0
7	766840.0
8	766840.0
9	766840.0
10	257702.0
11	257702.0
12	257702.0
13	257702.0
14	257702.0
15	593932.0
16	593932.0
17	593932.0
18	593932.0
19	593932.0
20	618114.0
21	618114.0
22	618114.0
23	618114.0
24	618114.0
25	396807.0
26	396807.0
27	396807.0
28	396807.0
29	396807.0
30	756942.0
31	756942.0
32	756942.0
33	756942.0
34	756942.0
35	205853.0
36	205853.0
37	205853.0
38	205853.0
39	205853.0
40	11270.0
41	11270.0
42	11270.0
43	11270.0
44	11270.0
45	773216.0
46	773216.0
47	773216.0
48	773216.0
49	773216.0
50	481652.0
51	481652.0
52	481652.0
53	481652.0
54	481652.0
55	336409.0
56	336409.0
57	336409.0
58	336409.0
59	336409.0
60	37590.0
61	37590.0
62	37590.0
63	37590.0
64	37590.0
65	731614.0
66	731614.0
67	731614.0
68	731614.0
69	731614.0
70	575610.0
71	575610.0
72	575610.0
73	575610.0
74	575610.0
75	534231.0
76	534231.0
77	534231.0
78	534231.0
79	534231.0
80	604908.0
81	604908.0
82	604908.0
83	604908.0
84	604908.0
85	785741.0
86	785741.0
87	785741.0
88	785741.0
89	785741.0
90	464193.0
91	464193.0
92	464193.0
93	464193.0
94	464193.0
95	458900.0
96	458900.0
97	458900.0
98	458900.0
99	458900.0
100	583221.0
101	583221.0
102	583221.0
103	583221.0
104	583221.0
105	2781.0
106	2781.0
107	2781.0
108	2781.0
109	2781.0
110	346633.0
111	346633.0
112	346633.0
113	346633.0
114	346633.0
115	208396.0
116	208396.0
117	208396.0
118	208396.0
119	208396.0
120	557125.0
121	557125.0
122	557125.0
123	557125.0
124	557125.0
125	162647.0
126	162647.0
127	162647.0
128	162647.0
129	162647.0
130	551586.0
131	551586.0
132	551586.0
133	551586.0
134	551586.0
135	834861.0
136	834861.0
137	834861.0
138	834861.0
139	834861.0
140	214468.0
141	214468.0
142	214468.0
143	214468.0
144	214468.0
145	390813.0
146	390813.0
147	390813.0
148	390813.0
149	390813.0
150	383297.0
151	383297.0
152	383297.0
153	383297.0
154	383297.0
155	276639.0
156	276639.0
157	276639.0
158	276639.0
159	276639.0
160	11069.0
161	11069.0
162	11069.0
163	11069.0
164	11069.0
165	302074.0
166	302074.0
167	302074.0
168	302074.0
169	302074.0
170	468025.0
171	468025.0
172	468025.0
173	468025.0
174	468025.0
175	698041.0
176	698041.0
177	698041.0
178	698041.0
179	698041.0
180	713625.0
181	713625.0
182	713625.0
183	713625.0
184	713625.0
185	530348.0
186	530348.0
187	530348.0
188	530348.0
189	530348.0
190	474778.0
191	474778.0
192	474778.0
193	474778.0
194	474778.0
195	836806.0
196	836806.0
197	836806.0
198	836806.0
199	836806.0
200	399481.0
201	399481.0
202	399481.0
203	399481.0
204	399481.0
205	324282.0
206	324282.0
207	324282.0
208	324282.0
209	324282.0
210	445571.0
211	445571.0
212	445571.0
213	445571.0
214	445571.0
215	46533.0
216	46533.0
217	46533.0
218	46533.0
219	46533.0
220	232290.0
221	232290.0
222	232290.0
223	232290.0
224	232290.0
225	715800.0
226	715800.0
227	715800.0
228	715800.0
229	715800.0
230	195582.0
231	195582.0
232	195582.0
233	195582.0
234	195582.0
235	506245.0
236	506245.0
237	506245.0
238	506245.0
239	506245.0
240	453843.0
241	453843.0
242	453843.0
243	453843.0
244	453843.0
245	192220.0
246	192220.0
247	192220.0
248	192220.0
249	192220.0
