0	781864.0
1	781864.0
2	781864.0
3	781864.0
4	781864.0
5	808291.0
6	808291.0
7	808291.0
8	808291.0
9	808291.0
10	478198.0
11	478198.0
12	478198.0
13	478198.0
14	478198.0
15	35534.0
16	35534.0
17	35534.0
18	35534.0
19	35534.0
20	235127.0
21	235127.0
22	235127.0
23	235127.0
24	235127.0
25	192922.0
26	192922.0
27	192922.0
28	192922.0
29	192922.0
30	43339.0
31	43339.0
32	43339.0
33	43339.0
34	43339.0
35	79870.0
36	79870.0
37	79870.0
38	79870.0
39	79870.0
40	87565.0
41	87565.0
42	87565.0
43	87565.0
44	87565.0
45	721285.0
46	721285.0
47	721285.0
48	721285.0
49	721285.0
50	664367.0
51	664367.0
52	664367.0
53	664367.0
54	664367.0
55	271735.0
56	271735.0
57	271735.0
58	271735.0
59	271735.0
60	313503.0
61	313503.0
62	313503.0
63	313503.0
64	313503.0
65	548350.0
66	548350.0
67	548350.0
68	548350.0
69	548350.0
70	744327.0
71	744327.0
72	744327.0
73	744327.0
74	744327.0
75	623401.0
76	623401.0
77	623401.0
78	623401.0
79	623401.0
80	642349.0
81	642349.0
82	642349.0
83	642349.0
84	642349.0
85	732706.0
86	732706.0
87	732706.0
88	732706.0
89	732706.0
90	519034.0
91	519034.0
92	519034.0
93	519034.0
94	519034.0
95	147226.0
96	147226.0
97	147226.0
98	147226.0
99	147226.0
100	33206.0
101	33206.0
102	33206.0
103	33206.0
104	33206.0
105	30393.0
106	30393.0
107	30393.0
108	30393.0
109	30393.0
110	249913.0
111	249913.0
112	249913.0
113	249913.0
114	249913.0
115	835274.0
116	835274.0
117	835274.0
118	835274.0
119	835274.0
120	467844.0
121	467844.0
122	467844.0
123	467844.0
124	467844.0
125	18428.0
126	18428.0
127	18428.0
128	18428.0
129	18428.0
130	126380.0
131	126380.0
132	126380.0
133	126380.0
134	126380.0
135	312385.0
136	312385.0
137	312385.0
138	312385.0
139	312385.0
140	106946.0
141	106946.0
142	106946.0
143	106946.0
144	106946.0
145	33180.0
146	33180.0
147	33180.0
148	33180.0
149	33180.0
150	515149.0
151	515149.0
152	515149.0
153	515149.0
154	515149.0
155	72626.0
156	72626.0
157	72626.0
158	72626.0
159	72626.0
160	203711.0
161	203711.0
162	203711.0
163	203711.0
164	203711.0
165	288331.0
166	288331.0
167	288331.0
168	288331.0
169	288331.0
170	352251.0
171	352251.0
172	352251.0
173	352251.0
174	352251.0
175	567585.0
176	567585.0
177	567585.0
178	567585.0
179	567585.0
180	765909.0
181	765909.0
182	765909.0
183	765909.0
184	765909.0
185	648775.0
186	648775.0
187	648775.0
188	648775.0
189	648775.0
190	358355.0
191	358355.0
192	358355.0
193	358355.0
194	358355.0
195	396534.0
196	396534.0
197	396534.0
198	396534.0
199	396534.0
200	256238.0
201	256238.0
202	256238.0
203	256238.0
204	256238.0
205	736715.0
206	736715.0
207	736715.0
208	736715.0
209	736715.0
210	282094.0
211	282094.0
212	282094.0
213	282094.0
214	282094.0
215	928.0
216	928.0
217	928.0
218	928.0
219	928.0
220	408119.0
221	408119.0
222	408119.0
223	408119.0
224	408119.0
225	68956.0
226	68956.0
227	68956.0
228	68956.0
229	68956.0
230	625450.0
231	625450.0
232	625450.0
233	625450.0
234	625450.0
235	23183.0
236	23183.0
237	23183.0
238	23183.0
239	23183.0
240	94053.0
241	94053.0
242	94053.0
243	94053.0
244	94053.0
245	403376.0
246	403376.0
247	403376.0
248	403376.0
249	403376.0
