0	635020.0
1	635020.0
2	635020.0
3	635020.0
4	635020.0
5	506976.0
6	506976.0
7	506976.0
8	506976.0
9	506976.0
10	622558.0
11	622558.0
12	622558.0
13	622558.0
14	622558.0
15	632180.0
16	632180.0
17	632180.0
18	632180.0
19	632180.0
20	124972.0
21	124972.0
22	124972.0
23	124972.0
24	124972.0
25	78017.0
26	78017.0
27	78017.0
28	78017.0
29	78017.0
30	189941.0
31	189941.0
32	189941.0
33	189941.0
34	189941.0
35	266547.0
36	266547.0
37	266547.0
38	266547.0
39	266547.0
40	319792.0
41	319792.0
42	319792.0
43	319792.0
44	319792.0
45	380082.0
46	380082.0
47	380082.0
48	380082.0
49	380082.0
50	329351.0
51	329351.0
52	329351.0
53	329351.0
54	329351.0
55	165785.0
56	165785.0
57	165785.0
58	165785.0
59	165785.0
60	583714.0
61	583714.0
62	583714.0
63	583714.0
64	583714.0
65	603216.0
66	603216.0
67	603216.0
68	603216.0
69	603216.0
70	764538.0
71	764538.0
72	764538.0
73	764538.0
74	764538.0
75	128435.0
76	128435.0
77	128435.0
78	128435.0
79	128435.0
80	244312.0
81	244312.0
82	244312.0
83	244312.0
84	244312.0
85	822708.0
86	822708.0
87	822708.0
88	822708.0
89	822708.0
90	473546.0
91	473546.0
92	473546.0
93	473546.0
94	473546.0
95	177795.0
96	177795.0
97	177795.0
98	177795.0
99	177795.0
100	852074.0
101	852074.0
102	852074.0
103	852074.0
104	852074.0
105	55049.0
106	55049.0
107	55049.0
108	55049.0
109	55049.0
110	213559.0
111	213559.0
112	213559.0
113	213559.0
114	213559.0
115	565344.0
116	565344.0
117	565344.0
118	565344.0
119	565344.0
120	118500.0
121	118500.0
122	118500.0
123	118500.0
124	118500.0
125	265853.0
126	265853.0
127	265853.0
128	265853.0
129	265853.0
130	155.0
131	155.0
132	155.0
133	155.0
134	155.0
135	749017.0
136	749017.0
137	749017.0
138	749017.0
139	749017.0
140	139506.0
141	139506.0
142	139506.0
143	139506.0
144	139506.0
145	426554.0
146	426554.0
147	426554.0
148	426554.0
149	426554.0
150	1327.0
151	1327.0
152	1327.0
153	1327.0
154	1327.0
155	332938.0
156	332938.0
157	332938.0
158	332938.0
159	332938.0
160	781389.0
161	781389.0
162	781389.0
163	781389.0
164	781389.0
165	43208.0
166	43208.0
167	43208.0
168	43208.0
169	43208.0
170	732535.0
171	732535.0
172	732535.0
173	732535.0
174	732535.0
175	629693.0
176	629693.0
177	629693.0
178	629693.0
179	629693.0
180	709070.0
181	709070.0
182	709070.0
183	709070.0
184	709070.0
185	100529.0
186	100529.0
187	100529.0
188	100529.0
189	100529.0
190	8271.0
191	8271.0
192	8271.0
193	8271.0
194	8271.0
195	497050.0
196	497050.0
197	497050.0
198	497050.0
199	497050.0
200	64187.0
201	64187.0
202	64187.0
203	64187.0
204	64187.0
205	619916.0
206	619916.0
207	619916.0
208	619916.0
209	619916.0
210	365672.0
211	365672.0
212	365672.0
213	365672.0
214	365672.0
215	247766.0
216	247766.0
217	247766.0
218	247766.0
219	247766.0
220	403640.0
221	403640.0
222	403640.0
223	403640.0
224	403640.0
225	108171.0
226	108171.0
227	108171.0
228	108171.0
229	108171.0
230	125907.0
231	125907.0
232	125907.0
233	125907.0
234	125907.0
235	517257.0
236	517257.0
237	517257.0
238	517257.0
239	517257.0
240	481512.0
241	481512.0
242	481512.0
243	481512.0
244	481512.0
245	850677.0
246	850677.0
247	850677.0
248	850677.0
249	850677.0
