0	364521.0
1	364521.0
2	364521.0
3	364521.0
4	364521.0
5	315850.0
6	315850.0
7	315850.0
8	315850.0
9	315850.0
10	581905.0
11	581905.0
12	581905.0
13	581905.0
14	581905.0
15	14931.0
16	14931.0
17	14931.0
18	14931.0
19	14931.0
20	397405.0
21	397405.0
22	397405.0
23	397405.0
24	397405.0
25	601188.0
26	601188.0
27	601188.0
28	601188.0
29	601188.0
30	733832.0
31	733832.0
32	733832.0
33	733832.0
34	733832.0
35	617648.0
36	617648.0
37	617648.0
38	617648.0
39	617648.0
40	741296.0
41	741296.0
42	741296.0
43	741296.0
44	741296.0
45	322101.0
46	322101.0
47	322101.0
48	322101.0
49	322101.0
50	257435.0
51	257435.0
52	257435.0
53	257435.0
54	257435.0
55	425373.0
56	425373.0
57	425373.0
58	425373.0
59	425373.0
60	202964.0
61	202964.0
62	202964.0
63	202964.0
64	202964.0
65	397491.0
66	397491.0
67	397491.0
68	397491.0
69	397491.0
70	394173.0
71	394173.0
72	394173.0
73	394173.0
74	394173.0
75	653779.0
76	653779.0
77	653779.0
78	653779.0
79	653779.0
80	774685.0
81	774685.0
82	774685.0
83	774685.0
84	774685.0
85	852833.0
86	852833.0
87	852833.0
88	852833.0
89	852833.0
90	97719.0
91	97719.0
92	97719.0
93	97719.0
94	97719.0
95	289587.0
96	289587.0
97	289587.0
98	289587.0
99	289587.0
100	795318.0
101	795318.0
102	795318.0
103	795318.0
104	795318.0
105	849608.0
106	849608.0
107	849608.0
108	849608.0
109	849608.0
110	810580.0
111	810580.0
112	810580.0
113	810580.0
114	810580.0
115	446360.0
116	446360.0
117	446360.0
118	446360.0
119	446360.0
120	562021.0
121	562021.0
122	562021.0
123	562021.0
124	562021.0
125	253890.0
126	253890.0
127	253890.0
128	253890.0
129	253890.0
130	657231.0
131	657231.0
132	657231.0
133	657231.0
134	657231.0
135	790400.0
136	790400.0
137	790400.0
138	790400.0
139	790400.0
140	113926.0
141	113926.0
142	113926.0
143	113926.0
144	113926.0
145	112734.0
146	112734.0
147	112734.0
148	112734.0
149	112734.0
150	853377.0
151	853377.0
152	853377.0
153	853377.0
154	853377.0
155	590907.0
156	590907.0
157	590907.0
158	590907.0
159	590907.0
160	303730.0
161	303730.0
162	303730.0
163	303730.0
164	303730.0
165	52066.0
166	52066.0
167	52066.0
168	52066.0
169	52066.0
170	286969.0
171	286969.0
172	286969.0
173	286969.0
174	286969.0
175	214946.0
176	214946.0
177	214946.0
178	214946.0
179	214946.0
180	708683.0
181	708683.0
182	708683.0
183	708683.0
184	708683.0
185	416241.0
186	416241.0
187	416241.0
188	416241.0
189	416241.0
190	801019.0
191	801019.0
192	801019.0
193	801019.0
194	801019.0
195	401170.0
196	401170.0
197	401170.0
198	401170.0
199	401170.0
200	297171.0
201	297171.0
202	297171.0
203	297171.0
204	297171.0
205	843648.0
206	843648.0
207	843648.0
208	843648.0
209	843648.0
210	264022.0
211	264022.0
212	264022.0
213	264022.0
214	264022.0
215	451121.0
216	451121.0
217	451121.0
218	451121.0
219	451121.0
220	348165.0
221	348165.0
222	348165.0
223	348165.0
224	348165.0
225	378984.0
226	378984.0
227	378984.0
228	378984.0
229	378984.0
230	744120.0
231	744120.0
232	744120.0
233	744120.0
234	744120.0
235	334686.0
236	334686.0
237	334686.0
238	334686.0
239	334686.0
240	694458.0
241	694458.0
242	694458.0
243	694458.0
244	694458.0
245	10510.0
246	10510.0
247	10510.0
248	10510.0
249	10510.0
