0	470875.0
1	470875.0
2	470875.0
3	470875.0
4	470875.0
5	197473.0
6	197473.0
7	197473.0
8	197473.0
9	197473.0
10	355623.0
11	355623.0
12	355623.0
13	355623.0
14	355623.0
15	667130.0
16	667130.0
17	667130.0
18	667130.0
19	667130.0
20	11245.0
21	11245.0
22	11245.0
23	11245.0
24	11245.0
25	104406.0
26	104406.0
27	104406.0
28	104406.0
29	104406.0
30	222786.0
31	222786.0
32	222786.0
33	222786.0
34	222786.0
35	823933.0
36	823933.0
37	823933.0
38	823933.0
39	823933.0
40	835846.0
41	835846.0
42	835846.0
43	835846.0
44	835846.0
45	241239.0
46	241239.0
47	241239.0
48	241239.0
49	241239.0
50	698137.0
51	698137.0
52	698137.0
53	698137.0
54	698137.0
55	60870.0
56	60870.0
57	60870.0
58	60870.0
59	60870.0
60	501169.0
61	501169.0
62	501169.0
63	501169.0
64	501169.0
65	576258.0
66	576258.0
67	576258.0
68	576258.0
69	576258.0
70	615498.0
71	615498.0
72	615498.0
73	615498.0
74	615498.0
75	111322.0
76	111322.0
77	111322.0
78	111322.0
79	111322.0
80	808915.0
81	808915.0
82	808915.0
83	808915.0
84	808915.0
85	786397.0
86	786397.0
87	786397.0
88	786397.0
89	786397.0
90	520965.0
91	520965.0
92	520965.0
93	520965.0
94	520965.0
95	740014.0
96	740014.0
97	740014.0
98	740014.0
99	740014.0
100	552817.0
101	552817.0
102	552817.0
103	552817.0
104	552817.0
105	6440.0
106	6440.0
107	6440.0
108	6440.0
109	6440.0
110	694380.0
111	694380.0
112	694380.0
113	694380.0
114	694380.0
115	313987.0
116	313987.0
117	313987.0
118	313987.0
119	313987.0
120	524694.0
121	524694.0
122	524694.0
123	524694.0
124	524694.0
125	131994.0
126	131994.0
127	131994.0
128	131994.0
129	131994.0
130	70102.0
131	70102.0
132	70102.0
133	70102.0
134	70102.0
135	131131.0
136	131131.0
137	131131.0
138	131131.0
139	131131.0
140	319130.0
141	319130.0
142	319130.0
143	319130.0
144	319130.0
145	261222.0
146	261222.0
147	261222.0
148	261222.0
149	261222.0
150	661108.0
151	661108.0
152	661108.0
153	661108.0
154	661108.0
155	320124.0
156	320124.0
157	320124.0
158	320124.0
159	320124.0
160	372823.0
161	372823.0
162	372823.0
163	372823.0
164	372823.0
165	195108.0
166	195108.0
167	195108.0
168	195108.0
169	195108.0
170	103843.0
171	103843.0
172	103843.0
173	103843.0
174	103843.0
175	640721.0
176	640721.0
177	640721.0
178	640721.0
179	640721.0
180	776452.0
181	776452.0
182	776452.0
183	776452.0
184	776452.0
185	853244.0
186	853244.0
187	853244.0
188	853244.0
189	853244.0
190	731520.0
191	731520.0
192	731520.0
193	731520.0
194	731520.0
195	667479.0
196	667479.0
197	667479.0
198	667479.0
199	667479.0
200	762840.0
201	762840.0
202	762840.0
203	762840.0
204	762840.0
205	175649.0
206	175649.0
207	175649.0
208	175649.0
209	175649.0
210	49234.0
211	49234.0
212	49234.0
213	49234.0
214	49234.0
215	667485.0
216	667485.0
217	667485.0
218	667485.0
219	667485.0
220	348543.0
221	348543.0
222	348543.0
223	348543.0
224	348543.0
225	101619.0
226	101619.0
227	101619.0
228	101619.0
229	101619.0
230	166597.0
231	166597.0
232	166597.0
233	166597.0
234	166597.0
235	822536.0
236	822536.0
237	822536.0
238	822536.0
239	822536.0
240	725099.0
241	725099.0
242	725099.0
243	725099.0
244	725099.0
245	521635.0
246	521635.0
247	521635.0
248	521635.0
249	521635.0
