0	269447.0
1	269447.0
2	269447.0
3	269447.0
4	269447.0
5	427477.0
6	427477.0
7	427477.0
8	427477.0
9	427477.0
10	29630.0
11	29630.0
12	29630.0
13	29630.0
14	29630.0
15	290940.0
16	290940.0
17	290940.0
18	290940.0
19	290940.0
20	205250.0
21	205250.0
22	205250.0
23	205250.0
24	205250.0
25	209855.0
26	209855.0
27	209855.0
28	209855.0
29	209855.0
30	423350.0
31	423350.0
32	423350.0
33	423350.0
34	423350.0
35	8647.0
36	8647.0
37	8647.0
38	8647.0
39	8647.0
40	514116.0
41	514116.0
42	514116.0
43	514116.0
44	514116.0
45	62877.0
46	62877.0
47	62877.0
48	62877.0
49	62877.0
50	88937.0
51	88937.0
52	88937.0
53	88937.0
54	88937.0
55	48784.0
56	48784.0
57	48784.0
58	48784.0
59	48784.0
60	48339.0
61	48339.0
62	48339.0
63	48339.0
64	48339.0
65	533998.0
66	533998.0
67	533998.0
68	533998.0
69	533998.0
70	467663.0
71	467663.0
72	467663.0
73	467663.0
74	467663.0
75	72839.0
76	72839.0
77	72839.0
78	72839.0
79	72839.0
80	401044.0
81	401044.0
82	401044.0
83	401044.0
84	401044.0
85	475195.0
86	475195.0
87	475195.0
88	475195.0
89	475195.0
90	342227.0
91	342227.0
92	342227.0
93	342227.0
94	342227.0
95	221456.0
96	221456.0
97	221456.0
98	221456.0
99	221456.0
100	412251.0
101	412251.0
102	412251.0
103	412251.0
104	412251.0
105	218055.0
106	218055.0
107	218055.0
108	218055.0
109	218055.0
110	263826.0
111	263826.0
112	263826.0
113	263826.0
114	263826.0
115	260189.0
116	260189.0
117	260189.0
118	260189.0
119	260189.0
120	403930.0
121	403930.0
122	403930.0
123	403930.0
124	403930.0
125	537851.0
126	537851.0
127	537851.0
128	537851.0
129	537851.0
130	544291.0
131	544291.0
132	544291.0
133	544291.0
134	544291.0
135	147785.0
136	147785.0
137	147785.0
138	147785.0
139	147785.0
140	277642.0
141	277642.0
142	277642.0
143	277642.0
144	277642.0
145	425369.0
146	425369.0
147	425369.0
148	425369.0
149	425369.0
150	397135.0
151	397135.0
152	397135.0
153	397135.0
154	397135.0
155	494436.0
156	494436.0
157	494436.0
158	494436.0
159	494436.0
160	319453.0
161	319453.0
162	319453.0
163	319453.0
164	319453.0
165	338654.0
166	338654.0
167	338654.0
168	338654.0
169	338654.0
170	145745.0
171	145745.0
172	145745.0
173	145745.0
174	145745.0
175	308235.0
176	308235.0
177	308235.0
178	308235.0
179	308235.0
180	525853.0
181	525853.0
182	525853.0
183	525853.0
184	525853.0
185	528782.0
186	528782.0
187	528782.0
188	528782.0
189	528782.0
190	21037.0
191	21037.0
192	21037.0
193	21037.0
194	21037.0
195	87821.0
196	87821.0
197	87821.0
198	87821.0
199	87821.0
200	397027.0
201	397027.0
202	397027.0
203	397027.0
204	397027.0
205	518820.0
206	518820.0
207	518820.0
208	518820.0
209	518820.0
210	183585.0
211	183585.0
212	183585.0
213	183585.0
214	183585.0
215	429910.0
216	429910.0
217	429910.0
218	429910.0
219	429910.0
220	183061.0
221	183061.0
222	183061.0
223	183061.0
224	183061.0
225	478919.0
226	478919.0
227	478919.0
228	478919.0
229	478919.0
230	219333.0
231	219333.0
232	219333.0
233	219333.0
234	219333.0
235	333678.0
236	333678.0
237	333678.0
238	333678.0
239	333678.0
240	469080.0
241	469080.0
242	469080.0
243	469080.0
244	469080.0
245	388860.0
246	388860.0
247	388860.0
248	388860.0
249	388860.0
