0	449304.0
1	449304.0
2	449304.0
3	449304.0
4	449304.0
5	328825.0
6	328825.0
7	328825.0
8	328825.0
9	328825.0
10	452984.0
11	452984.0
12	452984.0
13	452984.0
14	452984.0
15	530597.0
16	530597.0
17	530597.0
18	530597.0
19	530597.0
20	147930.0
21	147930.0
22	147930.0
23	147930.0
24	147930.0
25	53813.0
26	53813.0
27	53813.0
28	53813.0
29	53813.0
30	458617.0
31	458617.0
32	458617.0
33	458617.0
34	458617.0
35	290203.0
36	290203.0
37	290203.0
38	290203.0
39	290203.0
40	497345.0
41	497345.0
42	497345.0
43	497345.0
44	497345.0
45	363848.0
46	363848.0
47	363848.0
48	363848.0
49	363848.0
50	444398.0
51	444398.0
52	444398.0
53	444398.0
54	444398.0
55	309238.0
56	309238.0
57	309238.0
58	309238.0
59	309238.0
60	201400.0
61	201400.0
62	201400.0
63	201400.0
64	201400.0
65	346978.0
66	346978.0
67	346978.0
68	346978.0
69	346978.0
70	122650.0
71	122650.0
72	122650.0
73	122650.0
74	122650.0
75	452517.0
76	452517.0
77	452517.0
78	452517.0
79	452517.0
80	406796.0
81	406796.0
82	406796.0
83	406796.0
84	406796.0
85	210266.0
86	210266.0
87	210266.0
88	210266.0
89	210266.0
90	27148.0
91	27148.0
92	27148.0
93	27148.0
94	27148.0
95	341699.0
96	341699.0
97	341699.0
98	341699.0
99	341699.0
100	302408.0
101	302408.0
102	302408.0
103	302408.0
104	302408.0
105	306856.0
106	306856.0
107	306856.0
108	306856.0
109	306856.0
110	74745.0
111	74745.0
112	74745.0
113	74745.0
114	74745.0
115	205560.0
116	205560.0
117	205560.0
118	205560.0
119	205560.0
120	31519.0
121	31519.0
122	31519.0
123	31519.0
124	31519.0
125	521329.0
126	521329.0
127	521329.0
128	521329.0
129	521329.0
130	389342.0
131	389342.0
132	389342.0
133	389342.0
134	389342.0
135	409713.0
136	409713.0
137	409713.0
138	409713.0
139	409713.0
140	45912.0
141	45912.0
142	45912.0
143	45912.0
144	45912.0
145	203947.0
146	203947.0
147	203947.0
148	203947.0
149	203947.0
150	235406.0
151	235406.0
152	235406.0
153	235406.0
154	235406.0
155	413242.0
156	413242.0
157	413242.0
158	413242.0
159	413242.0
160	426844.0
161	426844.0
162	426844.0
163	426844.0
164	426844.0
165	191988.0
166	191988.0
167	191988.0
168	191988.0
169	191988.0
170	235512.0
171	235512.0
172	235512.0
173	235512.0
174	235512.0
175	369263.0
176	369263.0
177	369263.0
178	369263.0
179	369263.0
180	261015.0
181	261015.0
182	261015.0
183	261015.0
184	261015.0
185	199047.0
186	199047.0
187	199047.0
188	199047.0
189	199047.0
190	237307.0
191	237307.0
192	237307.0
193	237307.0
194	237307.0
195	409962.0
196	409962.0
197	409962.0
198	409962.0
199	409962.0
200	55566.0
201	55566.0
202	55566.0
203	55566.0
204	55566.0
205	37752.0
206	37752.0
207	37752.0
208	37752.0
209	37752.0
210	315931.0
211	315931.0
212	315931.0
213	315931.0
214	315931.0
215	215274.0
216	215274.0
217	215274.0
218	215274.0
219	215274.0
220	316682.0
221	316682.0
222	316682.0
223	316682.0
224	316682.0
225	64308.0
226	64308.0
227	64308.0
228	64308.0
229	64308.0
230	280258.0
231	280258.0
232	280258.0
233	280258.0
234	280258.0
235	10712.0
236	10712.0
237	10712.0
238	10712.0
239	10712.0
240	54478.0
241	54478.0
242	54478.0
243	54478.0
244	54478.0
245	83788.0
246	83788.0
247	83788.0
248	83788.0
249	83788.0
