0	2346.0
1	2346.0
2	2346.0
3	2346.0
4	2346.0
5	250173.0
6	250173.0
7	250173.0
8	250173.0
9	250173.0
10	180109.0
11	180109.0
12	180109.0
13	180109.0
14	180109.0
15	245714.0
16	245714.0
17	245714.0
18	245714.0
19	245714.0
20	422275.0
21	422275.0
22	422275.0
23	422275.0
24	422275.0
25	520876.0
26	520876.0
27	520876.0
28	520876.0
29	520876.0
30	449879.0
31	449879.0
32	449879.0
33	449879.0
34	449879.0
35	256387.0
36	256387.0
37	256387.0
38	256387.0
39	256387.0
40	95696.0
41	95696.0
42	95696.0
43	95696.0
44	95696.0
45	511538.0
46	511538.0
47	511538.0
48	511538.0
49	511538.0
50	517627.0
51	517627.0
52	517627.0
53	517627.0
54	517627.0
55	465986.0
56	465986.0
57	465986.0
58	465986.0
59	465986.0
60	190073.0
61	190073.0
62	190073.0
63	190073.0
64	190073.0
65	529451.0
66	529451.0
67	529451.0
68	529451.0
69	529451.0
70	504063.0
71	504063.0
72	504063.0
73	504063.0
74	504063.0
75	421882.0
76	421882.0
77	421882.0
78	421882.0
79	421882.0
80	175745.0
81	175745.0
82	175745.0
83	175745.0
84	175745.0
85	397421.0
86	397421.0
87	397421.0
88	397421.0
89	397421.0
90	34624.0
91	34624.0
92	34624.0
93	34624.0
94	34624.0
95	198804.0
96	198804.0
97	198804.0
98	198804.0
99	198804.0
100	36673.0
101	36673.0
102	36673.0
103	36673.0
104	36673.0
105	2487.0
106	2487.0
107	2487.0
108	2487.0
109	2487.0
110	392750.0
111	392750.0
112	392750.0
113	392750.0
114	392750.0
115	39931.0
116	39931.0
117	39931.0
118	39931.0
119	39931.0
120	211283.0
121	211283.0
122	211283.0
123	211283.0
124	211283.0
125	379648.0
126	379648.0
127	379648.0
128	379648.0
129	379648.0
130	184938.0
131	184938.0
132	184938.0
133	184938.0
134	184938.0
135	258624.0
136	258624.0
137	258624.0
138	258624.0
139	258624.0
140	223855.0
141	223855.0
142	223855.0
143	223855.0
144	223855.0
145	382194.0
146	382194.0
147	382194.0
148	382194.0
149	382194.0
150	177573.0
151	177573.0
152	177573.0
153	177573.0
154	177573.0
155	160350.0
156	160350.0
157	160350.0
158	160350.0
159	160350.0
160	290770.0
161	290770.0
162	290770.0
163	290770.0
164	290770.0
165	100497.0
166	100497.0
167	100497.0
168	100497.0
169	100497.0
170	308276.0
171	308276.0
172	308276.0
173	308276.0
174	308276.0
175	426205.0
176	426205.0
177	426205.0
178	426205.0
179	426205.0
180	468302.0
181	468302.0
182	468302.0
183	468302.0
184	468302.0
185	34158.0
186	34158.0
187	34158.0
188	34158.0
189	34158.0
190	406173.0
191	406173.0
192	406173.0
193	406173.0
194	406173.0
195	338797.0
196	338797.0
197	338797.0
198	338797.0
199	338797.0
200	325722.0
201	325722.0
202	325722.0
203	325722.0
204	325722.0
205	345261.0
206	345261.0
207	345261.0
208	345261.0
209	345261.0
210	541690.0
211	541690.0
212	541690.0
213	541690.0
214	541690.0
215	301155.0
216	301155.0
217	301155.0
218	301155.0
219	301155.0
220	48181.0
221	48181.0
222	48181.0
223	48181.0
224	48181.0
225	362249.0
226	362249.0
227	362249.0
228	362249.0
229	362249.0
230	372266.0
231	372266.0
232	372266.0
233	372266.0
234	372266.0
235	243385.0
236	243385.0
237	243385.0
238	243385.0
239	243385.0
240	197742.0
241	197742.0
242	197742.0
243	197742.0
244	197742.0
245	21623.0
246	21623.0
247	21623.0
248	21623.0
249	21623.0
