0	467515.0
1	467515.0
2	467515.0
3	467515.0
4	467515.0
5	455767.0
6	455767.0
7	455767.0
8	455767.0
9	455767.0
10	547063.0
11	547063.0
12	547063.0
13	547063.0
14	547063.0
15	147995.0
16	147995.0
17	147995.0
18	147995.0
19	147995.0
20	380953.0
21	380953.0
22	380953.0
23	380953.0
24	380953.0
25	150942.0
26	150942.0
27	150942.0
28	150942.0
29	150942.0
30	222286.0
31	222286.0
32	222286.0
33	222286.0
34	222286.0
35	150478.0
36	150478.0
37	150478.0
38	150478.0
39	150478.0
40	521061.0
41	521061.0
42	521061.0
43	521061.0
44	521061.0
45	458041.0
46	458041.0
47	458041.0
48	458041.0
49	458041.0
50	321878.0
51	321878.0
52	321878.0
53	321878.0
54	321878.0
55	267636.0
56	267636.0
57	267636.0
58	267636.0
59	267636.0
60	91930.0
61	91930.0
62	91930.0
63	91930.0
64	91930.0
65	450144.0
66	450144.0
67	450144.0
68	450144.0
69	450144.0
70	95946.0
71	95946.0
72	95946.0
73	95946.0
74	95946.0
75	444278.0
76	444278.0
77	444278.0
78	444278.0
79	444278.0
80	92361.0
81	92361.0
82	92361.0
83	92361.0
84	92361.0
85	453365.0
86	453365.0
87	453365.0
88	453365.0
89	453365.0
90	147344.0
91	147344.0
92	147344.0
93	147344.0
94	147344.0
95	96455.0
96	96455.0
97	96455.0
98	96455.0
99	96455.0
100	225491.0
101	225491.0
102	225491.0
103	225491.0
104	225491.0
105	81254.0
106	81254.0
107	81254.0
108	81254.0
109	81254.0
110	535384.0
111	535384.0
112	535384.0
113	535384.0
114	535384.0
115	236316.0
116	236316.0
117	236316.0
118	236316.0
119	236316.0
120	338952.0
121	338952.0
122	338952.0
123	338952.0
124	338952.0
125	179455.0
126	179455.0
127	179455.0
128	179455.0
129	179455.0
130	69465.0
131	69465.0
132	69465.0
133	69465.0
134	69465.0
135	21628.0
136	21628.0
137	21628.0
138	21628.0
139	21628.0
140	366786.0
141	366786.0
142	366786.0
143	366786.0
144	366786.0
145	222746.0
146	222746.0
147	222746.0
148	222746.0
149	222746.0
150	180403.0
151	180403.0
152	180403.0
153	180403.0
154	180403.0
155	453971.0
156	453971.0
157	453971.0
158	453971.0
159	453971.0
160	476134.0
161	476134.0
162	476134.0
163	476134.0
164	476134.0
165	294231.0
166	294231.0
167	294231.0
168	294231.0
169	294231.0
170	178966.0
171	178966.0
172	178966.0
173	178966.0
174	178966.0
175	29821.0
176	29821.0
177	29821.0
178	29821.0
179	29821.0
180	449043.0
181	449043.0
182	449043.0
183	449043.0
184	449043.0
185	320437.0
186	320437.0
187	320437.0
188	320437.0
189	320437.0
190	547556.0
191	547556.0
192	547556.0
193	547556.0
194	547556.0
195	276072.0
196	276072.0
197	276072.0
198	276072.0
199	276072.0
200	142076.0
201	142076.0
202	142076.0
203	142076.0
204	142076.0
205	51295.0
206	51295.0
207	51295.0
208	51295.0
209	51295.0
210	491959.0
211	491959.0
212	491959.0
213	491959.0
214	491959.0
215	227592.0
216	227592.0
217	227592.0
218	227592.0
219	227592.0
220	511461.0
221	511461.0
222	511461.0
223	511461.0
224	511461.0
225	71024.0
226	71024.0
227	71024.0
228	71024.0
229	71024.0
230	233566.0
231	233566.0
232	233566.0
233	233566.0
234	233566.0
235	329676.0
236	329676.0
237	329676.0
238	329676.0
239	329676.0
240	444446.0
241	444446.0
242	444446.0
243	444446.0
244	444446.0
245	454090.0
246	454090.0
247	454090.0
248	454090.0
249	454090.0
