0	207891.0
1	207891.0
2	207891.0
3	207891.0
4	207891.0
5	177873.0
6	177873.0
7	177873.0
8	177873.0
9	177873.0
10	18751.0
11	18751.0
12	18751.0
13	18751.0
14	18751.0
15	188908.0
16	188908.0
17	188908.0
18	188908.0
19	188908.0
20	165081.0
21	165081.0
22	165081.0
23	165081.0
24	165081.0
25	41195.0
26	41195.0
27	41195.0
28	41195.0
29	41195.0
30	16248.0
31	16248.0
32	16248.0
33	16248.0
34	16248.0
35	160103.0
36	160103.0
37	160103.0
38	160103.0
39	160103.0
40	206696.0
41	206696.0
42	206696.0
43	206696.0
44	206696.0
45	171134.0
46	171134.0
47	171134.0
48	171134.0
49	171134.0
50	1236.0
51	1236.0
52	1236.0
53	1236.0
54	1236.0
55	61479.0
56	61479.0
57	61479.0
58	61479.0
59	61479.0
60	169903.0
61	169903.0
62	169903.0
63	169903.0
64	169903.0
65	125514.0
66	125514.0
67	125514.0
68	125514.0
69	125514.0
70	127663.0
71	127663.0
72	127663.0
73	127663.0
74	127663.0
75	100653.0
76	100653.0
77	100653.0
78	100653.0
79	100653.0
80	8135.0
81	8135.0
82	8135.0
83	8135.0
84	8135.0
85	141889.0
86	141889.0
87	141889.0
88	141889.0
89	141889.0
90	180193.0
91	180193.0
92	180193.0
93	180193.0
94	180193.0
95	172899.0
96	172899.0
97	172899.0
98	172899.0
99	172899.0
100	114049.0
101	114049.0
102	114049.0
103	114049.0
104	114049.0
105	189584.0
106	189584.0
107	189584.0
108	189584.0
109	189584.0
110	94400.0
111	94400.0
112	94400.0
113	94400.0
114	94400.0
115	126356.0
116	126356.0
117	126356.0
118	126356.0
119	126356.0
120	126952.0
121	126952.0
122	126952.0
123	126952.0
124	126952.0
125	97560.0
126	97560.0
127	97560.0
128	97560.0
129	97560.0
130	200521.0
131	200521.0
132	200521.0
133	200521.0
134	200521.0
135	174760.0
136	174760.0
137	174760.0
138	174760.0
139	174760.0
140	187593.0
141	187593.0
142	187593.0
143	187593.0
144	187593.0
145	75301.0
146	75301.0
147	75301.0
148	75301.0
149	75301.0
150	164801.0
151	164801.0
152	164801.0
153	164801.0
154	164801.0
155	72180.0
156	72180.0
157	72180.0
158	72180.0
159	72180.0
160	64058.0
161	64058.0
162	64058.0
163	64058.0
164	64058.0
165	171238.0
166	171238.0
167	171238.0
168	171238.0
169	171238.0
170	82260.0
171	82260.0
172	82260.0
173	82260.0
174	82260.0
175	14994.0
176	14994.0
177	14994.0
178	14994.0
179	14994.0
180	35918.0
181	35918.0
182	35918.0
183	35918.0
184	35918.0
185	32915.0
186	32915.0
187	32915.0
188	32915.0
189	32915.0
190	166044.0
191	166044.0
192	166044.0
193	166044.0
194	166044.0
195	200290.0
196	200290.0
197	200290.0
198	200290.0
199	200290.0
200	182782.0
201	182782.0
202	182782.0
203	182782.0
204	182782.0
205	215224.0
206	215224.0
207	215224.0
208	215224.0
209	215224.0
210	181814.0
211	181814.0
212	181814.0
213	181814.0
214	181814.0
215	163389.0
216	163389.0
217	163389.0
218	163389.0
219	163389.0
220	42795.0
221	42795.0
222	42795.0
223	42795.0
224	42795.0
225	192406.0
226	192406.0
227	192406.0
228	192406.0
229	192406.0
230	141553.0
231	141553.0
232	141553.0
233	141553.0
234	141553.0
235	99502.0
236	99502.0
237	99502.0
238	99502.0
239	99502.0
240	133645.0
241	133645.0
242	133645.0
243	133645.0
244	133645.0
245	218440.0
246	218440.0
247	218440.0
248	218440.0
249	218440.0
