0	187469.0
1	187469.0
2	187469.0
3	187469.0
4	187469.0
5	29641.0
6	29641.0
7	29641.0
8	29641.0
9	29641.0
10	156835.0
11	156835.0
12	156835.0
13	156835.0
14	156835.0
15	202188.0
16	202188.0
17	202188.0
18	202188.0
19	202188.0
20	201743.0
21	201743.0
22	201743.0
23	201743.0
24	201743.0
25	88299.0
26	88299.0
27	88299.0
28	88299.0
29	88299.0
30	3754.0
31	3754.0
32	3754.0
33	3754.0
34	3754.0
35	106610.0
36	106610.0
37	106610.0
38	106610.0
39	106610.0
40	6178.0
41	6178.0
42	6178.0
43	6178.0
44	6178.0
45	68029.0
46	68029.0
47	68029.0
48	68029.0
49	68029.0
50	115879.0
51	115879.0
52	115879.0
53	115879.0
54	115879.0
55	24668.0
56	24668.0
57	24668.0
58	24668.0
59	24668.0
60	153348.0
61	153348.0
62	153348.0
63	153348.0
64	153348.0
65	35839.0
66	35839.0
67	35839.0
68	35839.0
69	35839.0
70	60813.0
71	60813.0
72	60813.0
73	60813.0
74	60813.0
75	38562.0
76	38562.0
77	38562.0
78	38562.0
79	38562.0
80	139420.0
81	139420.0
82	139420.0
83	139420.0
84	139420.0
85	10758.0
86	10758.0
87	10758.0
88	10758.0
89	10758.0
90	8260.0
91	8260.0
92	8260.0
93	8260.0
94	8260.0
95	149447.0
96	149447.0
97	149447.0
98	149447.0
99	149447.0
100	145068.0
101	145068.0
102	145068.0
103	145068.0
104	145068.0
105	179774.0
106	179774.0
107	179774.0
108	179774.0
109	179774.0
110	206628.0
111	206628.0
112	206628.0
113	206628.0
114	206628.0
115	55876.0
116	55876.0
117	55876.0
118	55876.0
119	55876.0
120	121731.0
121	121731.0
122	121731.0
123	121731.0
124	121731.0
125	91791.0
126	91791.0
127	91791.0
128	91791.0
129	91791.0
130	41635.0
131	41635.0
132	41635.0
133	41635.0
134	41635.0
135	143546.0
136	143546.0
137	143546.0
138	143546.0
139	143546.0
140	4371.0
141	4371.0
142	4371.0
143	4371.0
144	4371.0
145	90453.0
146	90453.0
147	90453.0
148	90453.0
149	90453.0
150	195815.0
151	195815.0
152	195815.0
153	195815.0
154	195815.0
155	185201.0
156	185201.0
157	185201.0
158	185201.0
159	185201.0
160	91387.0
161	91387.0
162	91387.0
163	91387.0
164	91387.0
165	207827.0
166	207827.0
167	207827.0
168	207827.0
169	207827.0
170	86388.0
171	86388.0
172	86388.0
173	86388.0
174	86388.0
175	174919.0
176	174919.0
177	174919.0
178	174919.0
179	174919.0
180	56115.0
181	56115.0
182	56115.0
183	56115.0
184	56115.0
185	177913.0
186	177913.0
187	177913.0
188	177913.0
189	177913.0
190	155661.0
191	155661.0
192	155661.0
193	155661.0
194	155661.0
195	52802.0
196	52802.0
197	52802.0
198	52802.0
199	52802.0
200	30172.0
201	30172.0
202	30172.0
203	30172.0
204	30172.0
205	114277.0
206	114277.0
207	114277.0
208	114277.0
209	114277.0
210	96997.0
211	96997.0
212	96997.0
213	96997.0
214	96997.0
215	50878.0
216	50878.0
217	50878.0
218	50878.0
219	50878.0
220	82461.0
221	82461.0
222	82461.0
223	82461.0
224	82461.0
225	186817.0
226	186817.0
227	186817.0
228	186817.0
229	186817.0
230	130888.0
231	130888.0
232	130888.0
233	130888.0
234	130888.0
235	141960.0
236	141960.0
237	141960.0
238	141960.0
239	141960.0
240	89584.0
241	89584.0
242	89584.0
243	89584.0
244	89584.0
245	9630.0
246	9630.0
247	9630.0
248	9630.0
249	9630.0
