0	40566.0
1	40566.0
2	40566.0
3	40566.0
4	40566.0
5	26473.0
6	26473.0
7	26473.0
8	26473.0
9	26473.0
10	3437.0
11	3437.0
12	3437.0
13	3437.0
14	3437.0
15	203082.0
16	203082.0
17	203082.0
18	203082.0
19	203082.0
20	138830.0
21	138830.0
22	138830.0
23	138830.0
24	138830.0
25	125423.0
26	125423.0
27	125423.0
28	125423.0
29	125423.0
30	89802.0
31	89802.0
32	89802.0
33	89802.0
34	89802.0
35	66500.0
36	66500.0
37	66500.0
38	66500.0
39	66500.0
40	179754.0
41	179754.0
42	179754.0
43	179754.0
44	179754.0
45	42150.0
46	42150.0
47	42150.0
48	42150.0
49	42150.0
50	56076.0
51	56076.0
52	56076.0
53	56076.0
54	56076.0
55	39854.0
56	39854.0
57	39854.0
58	39854.0
59	39854.0
60	186014.0
61	186014.0
62	186014.0
63	186014.0
64	186014.0
65	56766.0
66	56766.0
67	56766.0
68	56766.0
69	56766.0
70	59540.0
71	59540.0
72	59540.0
73	59540.0
74	59540.0
75	136021.0
76	136021.0
77	136021.0
78	136021.0
79	136021.0
80	16523.0
81	16523.0
82	16523.0
83	16523.0
84	16523.0
85	22868.0
86	22868.0
87	22868.0
88	22868.0
89	22868.0
90	6456.0
91	6456.0
92	6456.0
93	6456.0
94	6456.0
95	156557.0
96	156557.0
97	156557.0
98	156557.0
99	156557.0
100	45606.0
101	45606.0
102	45606.0
103	45606.0
104	45606.0
105	107865.0
106	107865.0
107	107865.0
108	107865.0
109	107865.0
110	190342.0
111	190342.0
112	190342.0
113	190342.0
114	190342.0
115	58209.0
116	58209.0
117	58209.0
118	58209.0
119	58209.0
120	97429.0
121	97429.0
122	97429.0
123	97429.0
124	97429.0
125	178479.0
126	178479.0
127	178479.0
128	178479.0
129	178479.0
130	3032.0
131	3032.0
132	3032.0
133	3032.0
134	3032.0
135	17558.0
136	17558.0
137	17558.0
138	17558.0
139	17558.0
140	18431.0
141	18431.0
142	18431.0
143	18431.0
144	18431.0
145	51539.0
146	51539.0
147	51539.0
148	51539.0
149	51539.0
150	19600.0
151	19600.0
152	19600.0
153	19600.0
154	19600.0
155	75279.0
156	75279.0
157	75279.0
158	75279.0
159	75279.0
160	3775.0
161	3775.0
162	3775.0
163	3775.0
164	3775.0
165	174249.0
166	174249.0
167	174249.0
168	174249.0
169	174249.0
170	138404.0
171	138404.0
172	138404.0
173	138404.0
174	138404.0
175	100854.0
176	100854.0
177	100854.0
178	100854.0
179	100854.0
180	92276.0
181	92276.0
182	92276.0
183	92276.0
184	92276.0
185	17625.0
186	17625.0
187	17625.0
188	17625.0
189	17625.0
190	148939.0
191	148939.0
192	148939.0
193	148939.0
194	148939.0
195	32835.0
196	32835.0
197	32835.0
198	32835.0
199	32835.0
200	61063.0
201	61063.0
202	61063.0
203	61063.0
204	61063.0
205	53793.0
206	53793.0
207	53793.0
208	53793.0
209	53793.0
210	51751.0
211	51751.0
212	51751.0
213	51751.0
214	51751.0
215	103188.0
216	103188.0
217	103188.0
218	103188.0
219	103188.0
220	215670.0
221	215670.0
222	215670.0
223	215670.0
224	215670.0
225	157438.0
226	157438.0
227	157438.0
228	157438.0
229	157438.0
230	212953.0
231	212953.0
232	212953.0
233	212953.0
234	212953.0
235	138602.0
236	138602.0
237	138602.0
238	138602.0
239	138602.0
240	50782.0
241	50782.0
242	50782.0
243	50782.0
244	50782.0
245	155142.0
246	155142.0
247	155142.0
248	155142.0
249	155142.0
