0	167041.0
1	167041.0
2	167041.0
3	167041.0
4	167041.0
5	39917.0
6	39917.0
7	39917.0
8	39917.0
9	39917.0
10	158907.0
11	158907.0
12	158907.0
13	158907.0
14	158907.0
15	54009.0
16	54009.0
17	54009.0
18	54009.0
19	54009.0
20	129854.0
21	129854.0
22	129854.0
23	129854.0
24	129854.0
25	162568.0
26	162568.0
27	162568.0
28	162568.0
29	162568.0
30	17757.0
31	17757.0
32	17757.0
33	17757.0
34	17757.0
35	116455.0
36	116455.0
37	116455.0
38	116455.0
39	116455.0
40	130549.0
41	130549.0
42	130549.0
43	130549.0
44	130549.0
45	21399.0
46	21399.0
47	21399.0
48	21399.0
49	21399.0
50	66388.0
51	66388.0
52	66388.0
53	66388.0
54	66388.0
55	156287.0
56	156287.0
57	156287.0
58	156287.0
59	156287.0
60	184274.0
61	184274.0
62	184274.0
63	184274.0
64	184274.0
65	186517.0
66	186517.0
67	186517.0
68	186517.0
69	186517.0
70	19951.0
71	19951.0
72	19951.0
73	19951.0
74	19951.0
75	50709.0
76	50709.0
77	50709.0
78	50709.0
79	50709.0
80	207605.0
81	207605.0
82	207605.0
83	207605.0
84	207605.0
85	157162.0
86	157162.0
87	157162.0
88	157162.0
89	157162.0
90	209008.0
91	209008.0
92	209008.0
93	209008.0
94	209008.0
95	217071.0
96	217071.0
97	217071.0
98	217071.0
99	217071.0
100	202527.0
101	202527.0
102	202527.0
103	202527.0
104	202527.0
105	66244.0
106	66244.0
107	66244.0
108	66244.0
109	66244.0
110	169915.0
111	169915.0
112	169915.0
113	169915.0
114	169915.0
115	208582.0
116	208582.0
117	208582.0
118	208582.0
119	208582.0
120	194948.0
121	194948.0
122	194948.0
123	194948.0
124	194948.0
125	107876.0
126	107876.0
127	107876.0
128	107876.0
129	107876.0
130	24950.0
131	24950.0
132	24950.0
133	24950.0
134	24950.0
135	51941.0
136	51941.0
137	51941.0
138	51941.0
139	51941.0
140	78741.0
141	78741.0
142	78741.0
143	78741.0
144	78741.0
145	186558.0
146	186558.0
147	186558.0
148	186558.0
149	186558.0
150	207139.0
151	207139.0
152	207139.0
153	207139.0
154	207139.0
155	216051.0
156	216051.0
157	216051.0
158	216051.0
159	216051.0
160	67719.0
161	67719.0
162	67719.0
163	67719.0
164	67719.0
165	42158.0
166	42158.0
167	42158.0
168	42158.0
169	42158.0
170	138379.0
171	138379.0
172	138379.0
173	138379.0
174	138379.0
175	134992.0
176	134992.0
177	134992.0
178	134992.0
179	134992.0
180	69560.0
181	69560.0
182	69560.0
183	69560.0
184	69560.0
185	176220.0
186	176220.0
187	176220.0
188	176220.0
189	176220.0
190	14196.0
191	14196.0
192	14196.0
193	14196.0
194	14196.0
195	81978.0
196	81978.0
197	81978.0
198	81978.0
199	81978.0
200	66971.0
201	66971.0
202	66971.0
203	66971.0
204	66971.0
205	165065.0
206	165065.0
207	165065.0
208	165065.0
209	165065.0
210	85993.0
211	85993.0
212	85993.0
213	85993.0
214	85993.0
215	58097.0
216	58097.0
217	58097.0
218	58097.0
219	58097.0
220	107717.0
221	107717.0
222	107717.0
223	107717.0
224	107717.0
225	147464.0
226	147464.0
227	147464.0
228	147464.0
229	147464.0
230	194898.0
231	194898.0
232	194898.0
233	194898.0
234	194898.0
235	211355.0
236	211355.0
237	211355.0
238	211355.0
239	211355.0
240	64981.0
241	64981.0
242	64981.0
243	64981.0
244	64981.0
245	97308.0
246	97308.0
247	97308.0
248	97308.0
249	97308.0
