0	41620.0
1	41620.0
2	41620.0
3	41620.0
4	41620.0
5	137184.0
6	137184.0
7	137184.0
8	137184.0
9	137184.0
10	131518.0
11	131518.0
12	131518.0
13	131518.0
14	131518.0
15	149176.0
16	149176.0
17	149176.0
18	149176.0
19	149176.0
20	134058.0
21	134058.0
22	134058.0
23	134058.0
24	134058.0
25	216302.0
26	216302.0
27	216302.0
28	216302.0
29	216302.0
30	39843.0
31	39843.0
32	39843.0
33	39843.0
34	39843.0
35	90562.0
36	90562.0
37	90562.0
38	90562.0
39	90562.0
40	10051.0
41	10051.0
42	10051.0
43	10051.0
44	10051.0
45	33239.0
46	33239.0
47	33239.0
48	33239.0
49	33239.0
50	69213.0
51	69213.0
52	69213.0
53	69213.0
54	69213.0
55	47901.0
56	47901.0
57	47901.0
58	47901.0
59	47901.0
60	140197.0
61	140197.0
62	140197.0
63	140197.0
64	140197.0
65	107407.0
66	107407.0
67	107407.0
68	107407.0
69	107407.0
70	53771.0
71	53771.0
72	53771.0
73	53771.0
74	53771.0
75	176093.0
76	176093.0
77	176093.0
78	176093.0
79	176093.0
80	27081.0
81	27081.0
82	27081.0
83	27081.0
84	27081.0
85	41534.0
86	41534.0
87	41534.0
88	41534.0
89	41534.0
90	81902.0
91	81902.0
92	81902.0
93	81902.0
94	81902.0
95	64723.0
96	64723.0
97	64723.0
98	64723.0
99	64723.0
100	62990.0
101	62990.0
102	62990.0
103	62990.0
104	62990.0
105	219466.0
106	219466.0
107	219466.0
108	219466.0
109	219466.0
110	186887.0
111	186887.0
112	186887.0
113	186887.0
114	186887.0
115	56540.0
116	56540.0
117	56540.0
118	56540.0
119	56540.0
120	62538.0
121	62538.0
122	62538.0
123	62538.0
124	62538.0
125	20938.0
126	20938.0
127	20938.0
128	20938.0
129	20938.0
130	81480.0
131	81480.0
132	81480.0
133	81480.0
134	81480.0
135	123862.0
136	123862.0
137	123862.0
138	123862.0
139	123862.0
140	65982.0
141	65982.0
142	65982.0
143	65982.0
144	65982.0
145	191956.0
146	191956.0
147	191956.0
148	191956.0
149	191956.0
150	222943.0
151	222943.0
152	222943.0
153	222943.0
154	222943.0
155	35433.0
156	35433.0
157	35433.0
158	35433.0
159	35433.0
160	219184.0
161	219184.0
162	219184.0
163	219184.0
164	219184.0
165	13509.0
166	13509.0
167	13509.0
168	13509.0
169	13509.0
170	87985.0
171	87985.0
172	87985.0
173	87985.0
174	87985.0
175	153164.0
176	153164.0
177	153164.0
178	153164.0
179	153164.0
180	41555.0
181	41555.0
182	41555.0
183	41555.0
184	41555.0
185	189301.0
186	189301.0
187	189301.0
188	189301.0
189	189301.0
190	72851.0
191	72851.0
192	72851.0
193	72851.0
194	72851.0
195	14668.0
196	14668.0
197	14668.0
198	14668.0
199	14668.0
200	161695.0
201	161695.0
202	161695.0
203	161695.0
204	161695.0
205	160470.0
206	160470.0
207	160470.0
208	160470.0
209	160470.0
210	90721.0
211	90721.0
212	90721.0
213	90721.0
214	90721.0
215	40166.0
216	40166.0
217	40166.0
218	40166.0
219	40166.0
220	85310.0
221	85310.0
222	85310.0
223	85310.0
224	85310.0
225	169841.0
226	169841.0
227	169841.0
228	169841.0
229	169841.0
230	191289.0
231	191289.0
232	191289.0
233	191289.0
234	191289.0
235	10711.0
236	10711.0
237	10711.0
238	10711.0
239	10711.0
240	189033.0
241	189033.0
242	189033.0
243	189033.0
244	189033.0
245	52649.0
246	52649.0
247	52649.0
248	52649.0
249	52649.0
