0	132190.0
1	132190.0
2	132190.0
3	132190.0
4	132190.0
5	22448.0
6	22448.0
7	22448.0
8	22448.0
9	22448.0
10	153079.0
11	153079.0
12	153079.0
13	153079.0
14	153079.0
15	154561.0
16	154561.0
17	154561.0
18	154561.0
19	154561.0
20	130751.0
21	130751.0
22	130751.0
23	130751.0
24	130751.0
25	28827.0
26	28827.0
27	28827.0
28	28827.0
29	28827.0
30	60291.0
31	60291.0
32	60291.0
33	60291.0
34	60291.0
35	75495.0
36	75495.0
37	75495.0
38	75495.0
39	75495.0
40	210706.0
41	210706.0
42	210706.0
43	210706.0
44	210706.0
45	54828.0
46	54828.0
47	54828.0
48	54828.0
49	54828.0
50	79524.0
51	79524.0
52	79524.0
53	79524.0
54	79524.0
55	183351.0
56	183351.0
57	183351.0
58	183351.0
59	183351.0
60	162682.0
61	162682.0
62	162682.0
63	162682.0
64	162682.0
65	78474.0
66	78474.0
67	78474.0
68	78474.0
69	78474.0
70	143955.0
71	143955.0
72	143955.0
73	143955.0
74	143955.0
75	38867.0
76	38867.0
77	38867.0
78	38867.0
79	38867.0
80	189570.0
81	189570.0
82	189570.0
83	189570.0
84	189570.0
85	193008.0
86	193008.0
87	193008.0
88	193008.0
89	193008.0
90	181761.0
91	181761.0
92	181761.0
93	181761.0
94	181761.0
95	147754.0
96	147754.0
97	147754.0
98	147754.0
99	147754.0
100	68608.0
101	68608.0
102	68608.0
103	68608.0
104	68608.0
105	102912.0
106	102912.0
107	102912.0
108	102912.0
109	102912.0
110	127782.0
111	127782.0
112	127782.0
113	127782.0
114	127782.0
115	77779.0
116	77779.0
117	77779.0
118	77779.0
119	77779.0
120	168944.0
121	168944.0
122	168944.0
123	168944.0
124	168944.0
125	96486.0
126	96486.0
127	96486.0
128	96486.0
129	96486.0
130	59621.0
131	59621.0
132	59621.0
133	59621.0
134	59621.0
135	52340.0
136	52340.0
137	52340.0
138	52340.0
139	52340.0
140	20089.0
141	20089.0
142	20089.0
143	20089.0
144	20089.0
145	113525.0
146	113525.0
147	113525.0
148	113525.0
149	113525.0
150	193389.0
151	193389.0
152	193389.0
153	193389.0
154	193389.0
155	74429.0
156	74429.0
157	74429.0
158	74429.0
159	74429.0
160	189720.0
161	189720.0
162	189720.0
163	189720.0
164	189720.0
165	179001.0
166	179001.0
167	179001.0
168	179001.0
169	179001.0
170	9591.0
171	9591.0
172	9591.0
173	9591.0
174	9591.0
175	108662.0
176	108662.0
177	108662.0
178	108662.0
179	108662.0
180	48589.0
181	48589.0
182	48589.0
183	48589.0
184	48589.0
185	136695.0
186	136695.0
187	136695.0
188	136695.0
189	136695.0
190	189432.0
191	189432.0
192	189432.0
193	189432.0
194	189432.0
195	7010.0
196	7010.0
197	7010.0
198	7010.0
199	7010.0
200	127299.0
201	127299.0
202	127299.0
203	127299.0
204	127299.0
205	188895.0
206	188895.0
207	188895.0
208	188895.0
209	188895.0
210	54901.0
211	54901.0
212	54901.0
213	54901.0
214	54901.0
215	192310.0
216	192310.0
217	192310.0
218	192310.0
219	192310.0
220	158965.0
221	158965.0
222	158965.0
223	158965.0
224	158965.0
225	45775.0
226	45775.0
227	45775.0
228	45775.0
229	45775.0
230	205998.0
231	205998.0
232	205998.0
233	205998.0
234	205998.0
235	31830.0
236	31830.0
237	31830.0
238	31830.0
239	31830.0
240	45842.0
241	45842.0
242	45842.0
243	45842.0
244	45842.0
245	117560.0
246	117560.0
247	117560.0
248	117560.0
249	117560.0
