0	139467.0
1	139467.0
2	139467.0
3	139467.0
4	139467.0
5	165545.0
6	165545.0
7	165545.0
8	165545.0
9	165545.0
10	165272.0
11	165272.0
12	165272.0
13	165272.0
14	165272.0
15	201505.0
16	201505.0
17	201505.0
18	201505.0
19	201505.0
20	191833.0
21	191833.0
22	191833.0
23	191833.0
24	191833.0
25	213787.0
26	213787.0
27	213787.0
28	213787.0
29	213787.0
30	88756.0
31	88756.0
32	88756.0
33	88756.0
34	88756.0
35	146091.0
36	146091.0
37	146091.0
38	146091.0
39	146091.0
40	10290.0
41	10290.0
42	10290.0
43	10290.0
44	10290.0
45	10613.0
46	10613.0
47	10613.0
48	10613.0
49	10613.0
50	149385.0
51	149385.0
52	149385.0
53	149385.0
54	149385.0
55	124204.0
56	124204.0
57	124204.0
58	124204.0
59	124204.0
60	155303.0
61	155303.0
62	155303.0
63	155303.0
64	155303.0
65	94675.0
66	94675.0
67	94675.0
68	94675.0
69	94675.0
70	59438.0
71	59438.0
72	59438.0
73	59438.0
74	59438.0
75	61401.0
76	61401.0
77	61401.0
78	61401.0
79	61401.0
80	220540.0
81	220540.0
82	220540.0
83	220540.0
84	220540.0
85	133546.0
86	133546.0
87	133546.0
88	133546.0
89	133546.0
90	110770.0
91	110770.0
92	110770.0
93	110770.0
94	110770.0
95	43463.0
96	43463.0
97	43463.0
98	43463.0
99	43463.0
100	65839.0
101	65839.0
102	65839.0
103	65839.0
104	65839.0
105	24507.0
106	24507.0
107	24507.0
108	24507.0
109	24507.0
110	155666.0
111	155666.0
112	155666.0
113	155666.0
114	155666.0
115	187287.0
116	187287.0
117	187287.0
118	187287.0
119	187287.0
120	203798.0
121	203798.0
122	203798.0
123	203798.0
124	203798.0
125	121330.0
126	121330.0
127	121330.0
128	121330.0
129	121330.0
130	59918.0
131	59918.0
132	59918.0
133	59918.0
134	59918.0
135	52889.0
136	52889.0
137	52889.0
138	52889.0
139	52889.0
140	79943.0
141	79943.0
142	79943.0
143	79943.0
144	79943.0
145	61656.0
146	61656.0
147	61656.0
148	61656.0
149	61656.0
150	181861.0
151	181861.0
152	181861.0
153	181861.0
154	181861.0
155	108358.0
156	108358.0
157	108358.0
158	108358.0
159	108358.0
160	167230.0
161	167230.0
162	167230.0
163	167230.0
164	167230.0
165	44533.0
166	44533.0
167	44533.0
168	44533.0
169	44533.0
170	12383.0
171	12383.0
172	12383.0
173	12383.0
174	12383.0
175	23964.0
176	23964.0
177	23964.0
178	23964.0
179	23964.0
180	182614.0
181	182614.0
182	182614.0
183	182614.0
184	182614.0
185	163011.0
186	163011.0
187	163011.0
188	163011.0
189	163011.0
190	139241.0
191	139241.0
192	139241.0
193	139241.0
194	139241.0
195	168636.0
196	168636.0
197	168636.0
198	168636.0
199	168636.0
200	196279.0
201	196279.0
202	196279.0
203	196279.0
204	196279.0
205	4237.0
206	4237.0
207	4237.0
208	4237.0
209	4237.0
210	55389.0
211	55389.0
212	55389.0
213	55389.0
214	55389.0
215	217899.0
216	217899.0
217	217899.0
218	217899.0
219	217899.0
220	31771.0
221	31771.0
222	31771.0
223	31771.0
224	31771.0
225	31963.0
226	31963.0
227	31963.0
228	31963.0
229	31963.0
230	170615.0
231	170615.0
232	170615.0
233	170615.0
234	170615.0
235	199139.0
236	199139.0
237	199139.0
238	199139.0
239	199139.0
240	131755.0
241	131755.0
242	131755.0
243	131755.0
244	131755.0
245	123694.0
246	123694.0
247	123694.0
248	123694.0
249	123694.0
