0	58586.0
1	58586.0
2	58586.0
3	58586.0
4	58586.0
5	66863.0
6	66863.0
7	66863.0
8	66863.0
9	66863.0
10	211000.0
11	211000.0
12	211000.0
13	211000.0
14	211000.0
15	122020.0
16	122020.0
17	122020.0
18	122020.0
19	122020.0
20	25377.0
21	25377.0
22	25377.0
23	25377.0
24	25377.0
25	72159.0
26	72159.0
27	72159.0
28	72159.0
29	72159.0
30	116378.0
31	116378.0
32	116378.0
33	116378.0
34	116378.0
35	26504.0
36	26504.0
37	26504.0
38	26504.0
39	26504.0
40	118073.0
41	118073.0
42	118073.0
43	118073.0
44	118073.0
45	91645.0
46	91645.0
47	91645.0
48	91645.0
49	91645.0
50	202948.0
51	202948.0
52	202948.0
53	202948.0
54	202948.0
55	9260.0
56	9260.0
57	9260.0
58	9260.0
59	9260.0
60	2797.0
61	2797.0
62	2797.0
63	2797.0
64	2797.0
65	110569.0
66	110569.0
67	110569.0
68	110569.0
69	110569.0
70	109957.0
71	109957.0
72	109957.0
73	109957.0
74	109957.0
75	15584.0
76	15584.0
77	15584.0
78	15584.0
79	15584.0
80	9817.0
81	9817.0
82	9817.0
83	9817.0
84	9817.0
85	32095.0
86	32095.0
87	32095.0
88	32095.0
89	32095.0
90	119665.0
91	119665.0
92	119665.0
93	119665.0
94	119665.0
95	15938.0
96	15938.0
97	15938.0
98	15938.0
99	15938.0
100	182453.0
101	182453.0
102	182453.0
103	182453.0
104	182453.0
105	169507.0
106	169507.0
107	169507.0
108	169507.0
109	169507.0
110	144108.0
111	144108.0
112	144108.0
113	144108.0
114	144108.0
115	19017.0
116	19017.0
117	19017.0
118	19017.0
119	19017.0
120	91734.0
121	91734.0
122	91734.0
123	91734.0
124	91734.0
125	198995.0
126	198995.0
127	198995.0
128	198995.0
129	198995.0
130	45651.0
131	45651.0
132	45651.0
133	45651.0
134	45651.0
135	149732.0
136	149732.0
137	149732.0
138	149732.0
139	149732.0
140	13737.0
141	13737.0
142	13737.0
143	13737.0
144	13737.0
145	15535.0
146	15535.0
147	15535.0
148	15535.0
149	15535.0
150	974.0
151	974.0
152	974.0
153	974.0
154	974.0
155	61190.0
156	61190.0
157	61190.0
158	61190.0
159	61190.0
160	13230.0
161	13230.0
162	13230.0
163	13230.0
164	13230.0
165	83310.0
166	83310.0
167	83310.0
168	83310.0
169	83310.0
170	29969.0
171	29969.0
172	29969.0
173	29969.0
174	29969.0
175	81914.0
176	81914.0
177	81914.0
178	81914.0
179	81914.0
180	9269.0
181	9269.0
182	9269.0
183	9269.0
184	9269.0
185	84255.0
186	84255.0
187	84255.0
188	84255.0
189	84255.0
190	25307.0
191	25307.0
192	25307.0
193	25307.0
194	25307.0
195	203768.0
196	203768.0
197	203768.0
198	203768.0
199	203768.0
200	70188.0
201	70188.0
202	70188.0
203	70188.0
204	70188.0
205	111971.0
206	111971.0
207	111971.0
208	111971.0
209	111971.0
210	206674.0
211	206674.0
212	206674.0
213	206674.0
214	206674.0
215	187583.0
216	187583.0
217	187583.0
218	187583.0
219	187583.0
220	11453.0
221	11453.0
222	11453.0
223	11453.0
224	11453.0
225	98246.0
226	98246.0
227	98246.0
228	98246.0
229	98246.0
230	115545.0
231	115545.0
232	115545.0
233	115545.0
234	115545.0
235	1039.0
236	1039.0
237	1039.0
238	1039.0
239	1039.0
240	93005.0
241	93005.0
242	93005.0
243	93005.0
244	93005.0
245	196101.0
246	196101.0
247	196101.0
248	196101.0
249	196101.0
