0	29309.0
1	29309.0
2	29309.0
3	29309.0
4	29309.0
5	154154.0
6	154154.0
7	154154.0
8	154154.0
9	154154.0
10	117245.0
11	117245.0
12	117245.0
13	117245.0
14	117245.0
15	195187.0
16	195187.0
17	195187.0
18	195187.0
19	195187.0
20	204223.0
21	204223.0
22	204223.0
23	204223.0
24	204223.0
25	127054.0
26	127054.0
27	127054.0
28	127054.0
29	127054.0
30	63631.0
31	63631.0
32	63631.0
33	63631.0
34	63631.0
35	104016.0
36	104016.0
37	104016.0
38	104016.0
39	104016.0
40	42035.0
41	42035.0
42	42035.0
43	42035.0
44	42035.0
45	146754.0
46	146754.0
47	146754.0
48	146754.0
49	146754.0
50	180599.0
51	180599.0
52	180599.0
53	180599.0
54	180599.0
55	74443.0
56	74443.0
57	74443.0
58	74443.0
59	74443.0
60	129053.0
61	129053.0
62	129053.0
63	129053.0
64	129053.0
65	152648.0
66	152648.0
67	152648.0
68	152648.0
69	152648.0
70	124751.0
71	124751.0
72	124751.0
73	124751.0
74	124751.0
75	165138.0
76	165138.0
77	165138.0
78	165138.0
79	165138.0
80	197228.0
81	197228.0
82	197228.0
83	197228.0
84	197228.0
85	184596.0
86	184596.0
87	184596.0
88	184596.0
89	184596.0
90	103638.0
91	103638.0
92	103638.0
93	103638.0
94	103638.0
95	34102.0
96	34102.0
97	34102.0
98	34102.0
99	34102.0
100	16383.0
101	16383.0
102	16383.0
103	16383.0
104	16383.0
105	167738.0
106	167738.0
107	167738.0
108	167738.0
109	167738.0
110	182566.0
111	182566.0
112	182566.0
113	182566.0
114	182566.0
115	154264.0
116	154264.0
117	154264.0
118	154264.0
119	154264.0
120	130109.0
121	130109.0
122	130109.0
123	130109.0
124	130109.0
125	160590.0
126	160590.0
127	160590.0
128	160590.0
129	160590.0
130	69016.0
131	69016.0
132	69016.0
133	69016.0
134	69016.0
135	219178.0
136	219178.0
137	219178.0
138	219178.0
139	219178.0
140	54667.0
141	54667.0
142	54667.0
143	54667.0
144	54667.0
145	164946.0
146	164946.0
147	164946.0
148	164946.0
149	164946.0
150	121316.0
151	121316.0
152	121316.0
153	121316.0
154	121316.0
155	174363.0
156	174363.0
157	174363.0
158	174363.0
159	174363.0
160	122613.0
161	122613.0
162	122613.0
163	122613.0
164	122613.0
165	173921.0
166	173921.0
167	173921.0
168	173921.0
169	173921.0
170	217329.0
171	217329.0
172	217329.0
173	217329.0
174	217329.0
175	125117.0
176	125117.0
177	125117.0
178	125117.0
179	125117.0
180	198790.0
181	198790.0
182	198790.0
183	198790.0
184	198790.0
185	211247.0
186	211247.0
187	211247.0
188	211247.0
189	211247.0
190	222479.0
191	222479.0
192	222479.0
193	222479.0
194	222479.0
195	53972.0
196	53972.0
197	53972.0
198	53972.0
199	53972.0
200	53118.0
201	53118.0
202	53118.0
203	53118.0
204	53118.0
205	207058.0
206	207058.0
207	207058.0
208	207058.0
209	207058.0
210	161912.0
211	161912.0
212	161912.0
213	161912.0
214	161912.0
215	126277.0
216	126277.0
217	126277.0
218	126277.0
219	126277.0
220	40153.0
221	40153.0
222	40153.0
223	40153.0
224	40153.0
225	154879.0
226	154879.0
227	154879.0
228	154879.0
229	154879.0
230	160145.0
231	160145.0
232	160145.0
233	160145.0
234	160145.0
235	138405.0
236	138405.0
237	138405.0
238	138405.0
239	138405.0
240	172028.0
241	172028.0
242	172028.0
243	172028.0
244	172028.0
245	115548.0
246	115548.0
247	115548.0
248	115548.0
249	115548.0
