0	249317.0
1	249317.0
2	249317.0
3	249317.0
4	249317.0
5	381494.0
6	381494.0
7	381494.0
8	381494.0
9	381494.0
10	329087.0
11	329087.0
12	329087.0
13	329087.0
14	329087.0
15	17450.0
16	17450.0
17	17450.0
18	17450.0
19	17450.0
20	377256.0
21	377256.0
22	377256.0
23	377256.0
24	377256.0
25	57520.0
26	57520.0
27	57520.0
28	57520.0
29	57520.0
30	260347.0
31	260347.0
32	260347.0
33	260347.0
34	260347.0
35	389539.0
36	389539.0
37	389539.0
38	389539.0
39	389539.0
40	299286.0
41	299286.0
42	299286.0
43	299286.0
44	299286.0
45	223458.0
46	223458.0
47	223458.0
48	223458.0
49	223458.0
50	49850.0
51	49850.0
52	49850.0
53	49850.0
54	49850.0
55	232685.0
56	232685.0
57	232685.0
58	232685.0
59	232685.0
60	202444.0
61	202444.0
62	202444.0
63	202444.0
64	202444.0
65	169969.0
66	169969.0
67	169969.0
68	169969.0
69	169969.0
70	348416.0
71	348416.0
72	348416.0
73	348416.0
74	348416.0
75	386881.0
76	386881.0
77	386881.0
78	386881.0
79	386881.0
80	454712.0
81	454712.0
82	454712.0
83	454712.0
84	454712.0
85	277020.0
86	277020.0
87	277020.0
88	277020.0
89	277020.0
90	413466.0
91	413466.0
92	413466.0
93	413466.0
94	413466.0
95	114843.0
96	114843.0
97	114843.0
98	114843.0
99	114843.0
100	10870.0
101	10870.0
102	10870.0
103	10870.0
104	10870.0
105	337623.0
106	337623.0
107	337623.0
108	337623.0
109	337623.0
110	300054.0
111	300054.0
112	300054.0
113	300054.0
114	300054.0
115	69016.0
116	69016.0
117	69016.0
118	69016.0
119	69016.0
120	113484.0
121	113484.0
122	113484.0
123	113484.0
124	113484.0
125	204597.0
126	204597.0
127	204597.0
128	204597.0
129	204597.0
130	450918.0
131	450918.0
132	450918.0
133	450918.0
134	450918.0
135	254879.0
136	254879.0
137	254879.0
138	254879.0
139	254879.0
140	15636.0
141	15636.0
142	15636.0
143	15636.0
144	15636.0
145	184708.0
146	184708.0
147	184708.0
148	184708.0
149	184708.0
150	207329.0
151	207329.0
152	207329.0
153	207329.0
154	207329.0
155	63069.0
156	63069.0
157	63069.0
158	63069.0
159	63069.0
160	4183.0
161	4183.0
162	4183.0
163	4183.0
164	4183.0
165	118447.0
166	118447.0
167	118447.0
168	118447.0
169	118447.0
170	12601.0
171	12601.0
172	12601.0
173	12601.0
174	12601.0
175	271684.0
176	271684.0
177	271684.0
178	271684.0
179	271684.0
180	100905.0
181	100905.0
182	100905.0
183	100905.0
184	100905.0
185	159120.0
186	159120.0
187	159120.0
188	159120.0
189	159120.0
190	30340.0
191	30340.0
192	30340.0
193	30340.0
194	30340.0
195	40743.0
196	40743.0
197	40743.0
198	40743.0
199	40743.0
200	333379.0
201	333379.0
202	333379.0
203	333379.0
204	333379.0
205	164830.0
206	164830.0
207	164830.0
208	164830.0
209	164830.0
210	58560.0
211	58560.0
212	58560.0
213	58560.0
214	58560.0
215	91430.0
216	91430.0
217	91430.0
218	91430.0
219	91430.0
220	201117.0
221	201117.0
222	201117.0
223	201117.0
224	201117.0
225	385125.0
226	385125.0
227	385125.0
228	385125.0
229	385125.0
230	215981.0
231	215981.0
232	215981.0
233	215981.0
234	215981.0
235	166324.0
236	166324.0
237	166324.0
238	166324.0
239	166324.0
240	462181.0
241	462181.0
242	462181.0
243	462181.0
244	462181.0
245	10052.0
246	10052.0
247	10052.0
248	10052.0
249	10052.0
