0	178739.0
1	178739.0
2	178739.0
3	178739.0
4	178739.0
5	465847.0
6	465847.0
7	465847.0
8	465847.0
9	465847.0
10	451557.0
11	451557.0
12	451557.0
13	451557.0
14	451557.0
15	272944.0
16	272944.0
17	272944.0
18	272944.0
19	272944.0
20	443574.0
21	443574.0
22	443574.0
23	443574.0
24	443574.0
25	230217.0
26	230217.0
27	230217.0
28	230217.0
29	230217.0
30	202557.0
31	202557.0
32	202557.0
33	202557.0
34	202557.0
35	315613.0
36	315613.0
37	315613.0
38	315613.0
39	315613.0
40	286824.0
41	286824.0
42	286824.0
43	286824.0
44	286824.0
45	226583.0
46	226583.0
47	226583.0
48	226583.0
49	226583.0
50	159486.0
51	159486.0
52	159486.0
53	159486.0
54	159486.0
55	367330.0
56	367330.0
57	367330.0
58	367330.0
59	367330.0
60	293781.0
61	293781.0
62	293781.0
63	293781.0
64	293781.0
65	175225.0
66	175225.0
67	175225.0
68	175225.0
69	175225.0
70	25748.0
71	25748.0
72	25748.0
73	25748.0
74	25748.0
75	27138.0
76	27138.0
77	27138.0
78	27138.0
79	27138.0
80	21972.0
81	21972.0
82	21972.0
83	21972.0
84	21972.0
85	269507.0
86	269507.0
87	269507.0
88	269507.0
89	269507.0
90	113742.0
91	113742.0
92	113742.0
93	113742.0
94	113742.0
95	307862.0
96	307862.0
97	307862.0
98	307862.0
99	307862.0
100	47952.0
101	47952.0
102	47952.0
103	47952.0
104	47952.0
105	283157.0
106	283157.0
107	283157.0
108	283157.0
109	283157.0
110	102105.0
111	102105.0
112	102105.0
113	102105.0
114	102105.0
115	263451.0
116	263451.0
117	263451.0
118	263451.0
119	263451.0
120	421088.0
121	421088.0
122	421088.0
123	421088.0
124	421088.0
125	410156.0
126	410156.0
127	410156.0
128	410156.0
129	410156.0
130	247144.0
131	247144.0
132	247144.0
133	247144.0
134	247144.0
135	42993.0
136	42993.0
137	42993.0
138	42993.0
139	42993.0
140	296830.0
141	296830.0
142	296830.0
143	296830.0
144	296830.0
145	334682.0
146	334682.0
147	334682.0
148	334682.0
149	334682.0
150	459971.0
151	459971.0
152	459971.0
153	459971.0
154	459971.0
155	45598.0
156	45598.0
157	45598.0
158	45598.0
159	45598.0
160	324158.0
161	324158.0
162	324158.0
163	324158.0
164	324158.0
165	300814.0
166	300814.0
167	300814.0
168	300814.0
169	300814.0
170	11647.0
171	11647.0
172	11647.0
173	11647.0
174	11647.0
175	187363.0
176	187363.0
177	187363.0
178	187363.0
179	187363.0
180	371979.0
181	371979.0
182	371979.0
183	371979.0
184	371979.0
185	189632.0
186	189632.0
187	189632.0
188	189632.0
189	189632.0
190	449036.0
191	449036.0
192	449036.0
193	449036.0
194	449036.0
195	117398.0
196	117398.0
197	117398.0
198	117398.0
199	117398.0
200	133656.0
201	133656.0
202	133656.0
203	133656.0
204	133656.0
205	18887.0
206	18887.0
207	18887.0
208	18887.0
209	18887.0
210	282537.0
211	282537.0
212	282537.0
213	282537.0
214	282537.0
215	384118.0
216	384118.0
217	384118.0
218	384118.0
219	384118.0
220	367941.0
221	367941.0
222	367941.0
223	367941.0
224	367941.0
225	449082.0
226	449082.0
227	449082.0
228	449082.0
229	449082.0
230	156738.0
231	156738.0
232	156738.0
233	156738.0
234	156738.0
235	118257.0
236	118257.0
237	118257.0
238	118257.0
239	118257.0
240	150622.0
241	150622.0
242	150622.0
243	150622.0
244	150622.0
245	248733.0
246	248733.0
247	248733.0
248	248733.0
249	248733.0
