0	303652.0
1	303652.0
2	303652.0
3	303652.0
4	303652.0
5	354859.0
6	354859.0
7	354859.0
8	354859.0
9	354859.0
10	230263.0
11	230263.0
12	230263.0
13	230263.0
14	230263.0
15	345463.0
16	345463.0
17	345463.0
18	345463.0
19	345463.0
20	299645.0
21	299645.0
22	299645.0
23	299645.0
24	299645.0
25	372552.0
26	372552.0
27	372552.0
28	372552.0
29	372552.0
30	170610.0
31	170610.0
32	170610.0
33	170610.0
34	170610.0
35	377068.0
36	377068.0
37	377068.0
38	377068.0
39	377068.0
40	262596.0
41	262596.0
42	262596.0
43	262596.0
44	262596.0
45	132879.0
46	132879.0
47	132879.0
48	132879.0
49	132879.0
50	360087.0
51	360087.0
52	360087.0
53	360087.0
54	360087.0
55	26189.0
56	26189.0
57	26189.0
58	26189.0
59	26189.0
60	100795.0
61	100795.0
62	100795.0
63	100795.0
64	100795.0
65	366401.0
66	366401.0
67	366401.0
68	366401.0
69	366401.0
70	280705.0
71	280705.0
72	280705.0
73	280705.0
74	280705.0
75	28198.0
76	28198.0
77	28198.0
78	28198.0
79	28198.0
80	331770.0
81	331770.0
82	331770.0
83	331770.0
84	331770.0
85	85035.0
86	85035.0
87	85035.0
88	85035.0
89	85035.0
90	116729.0
91	116729.0
92	116729.0
93	116729.0
94	116729.0
95	169251.0
96	169251.0
97	169251.0
98	169251.0
99	169251.0
100	131209.0
101	131209.0
102	131209.0
103	131209.0
104	131209.0
105	386908.0
106	386908.0
107	386908.0
108	386908.0
109	386908.0
110	324036.0
111	324036.0
112	324036.0
113	324036.0
114	324036.0
115	341415.0
116	341415.0
117	341415.0
118	341415.0
119	341415.0
120	216566.0
121	216566.0
122	216566.0
123	216566.0
124	216566.0
125	124381.0
126	124381.0
127	124381.0
128	124381.0
129	124381.0
130	458472.0
131	458472.0
132	458472.0
133	458472.0
134	458472.0
135	102682.0
136	102682.0
137	102682.0
138	102682.0
139	102682.0
140	10859.0
141	10859.0
142	10859.0
143	10859.0
144	10859.0
145	295431.0
146	295431.0
147	295431.0
148	295431.0
149	295431.0
150	273481.0
151	273481.0
152	273481.0
153	273481.0
154	273481.0
155	114243.0
156	114243.0
157	114243.0
158	114243.0
159	114243.0
160	405167.0
161	405167.0
162	405167.0
163	405167.0
164	405167.0
165	26243.0
166	26243.0
167	26243.0
168	26243.0
169	26243.0
170	16660.0
171	16660.0
172	16660.0
173	16660.0
174	16660.0
175	347157.0
176	347157.0
177	347157.0
178	347157.0
179	347157.0
180	463928.0
181	463928.0
182	463928.0
183	463928.0
184	463928.0
185	425764.0
186	425764.0
187	425764.0
188	425764.0
189	425764.0
190	289002.0
191	289002.0
192	289002.0
193	289002.0
194	289002.0
195	223176.0
196	223176.0
197	223176.0
198	223176.0
199	223176.0
200	264432.0
201	264432.0
202	264432.0
203	264432.0
204	264432.0
205	146304.0
206	146304.0
207	146304.0
208	146304.0
209	146304.0
210	258237.0
211	258237.0
212	258237.0
213	258237.0
214	258237.0
215	180714.0
216	180714.0
217	180714.0
218	180714.0
219	180714.0
220	46916.0
221	46916.0
222	46916.0
223	46916.0
224	46916.0
225	177462.0
226	177462.0
227	177462.0
228	177462.0
229	177462.0
230	278041.0
231	278041.0
232	278041.0
233	278041.0
234	278041.0
235	132901.0
236	132901.0
237	132901.0
238	132901.0
239	132901.0
240	366225.0
241	366225.0
242	366225.0
243	366225.0
244	366225.0
245	62880.0
246	62880.0
247	62880.0
248	62880.0
249	62880.0
