0	31909.0
1	31909.0
2	31909.0
3	31909.0
4	31909.0
5	17060.0
6	17060.0
7	17060.0
8	17060.0
9	17060.0
10	29375.0
11	29375.0
12	29375.0
13	29375.0
14	29375.0
15	16684.0
16	16684.0
17	16684.0
18	16684.0
19	16684.0
20	7984.0
21	7984.0
22	7984.0
23	7984.0
24	7984.0
25	20956.0
26	20956.0
27	20956.0
28	20956.0
29	20956.0
30	17390.0
31	17390.0
32	17390.0
33	17390.0
34	17390.0
35	9825.0
36	9825.0
37	9825.0
38	9825.0
39	9825.0
40	16990.0
41	16990.0
42	16990.0
43	16990.0
44	16990.0
45	6793.0
46	6793.0
47	6793.0
48	6793.0
49	6793.0
50	2119.0
51	2119.0
52	2119.0
53	2119.0
54	2119.0
55	11911.0
56	11911.0
57	11911.0
58	11911.0
59	11911.0
60	28060.0
61	28060.0
62	28060.0
63	28060.0
64	28060.0
65	851.0
66	851.0
67	851.0
68	851.0
69	851.0
70	4642.0
71	4642.0
72	4642.0
73	4642.0
74	4642.0
75	14272.0
76	14272.0
77	14272.0
78	14272.0
79	14272.0
80	21142.0
81	21142.0
82	21142.0
83	21142.0
84	21142.0
85	4303.0
86	4303.0
87	4303.0
88	4303.0
89	4303.0
90	22322.0
91	22322.0
92	22322.0
93	22322.0
94	22322.0
95	31098.0
96	31098.0
97	31098.0
98	31098.0
99	31098.0
100	14448.0
101	14448.0
102	14448.0
103	14448.0
104	14448.0
105	17769.0
106	17769.0
107	17769.0
108	17769.0
109	17769.0
110	19321.0
111	19321.0
112	19321.0
113	19321.0
114	19321.0
115	26107.0
116	26107.0
117	26107.0
118	26107.0
119	26107.0
120	15950.0
121	15950.0
122	15950.0
123	15950.0
124	15950.0
125	14966.0
126	14966.0
127	14966.0
128	14966.0
129	14966.0
130	28491.0
131	28491.0
132	28491.0
133	28491.0
134	28491.0
135	20869.0
136	20869.0
137	20869.0
138	20869.0
139	20869.0
140	18688.0
141	18688.0
142	18688.0
143	18688.0
144	18688.0
145	3548.0
146	3548.0
147	3548.0
148	3548.0
149	3548.0
150	26185.0
151	26185.0
152	26185.0
153	26185.0
154	26185.0
155	3959.0
156	3959.0
157	3959.0
158	3959.0
159	3959.0
160	14115.0
161	14115.0
162	14115.0
163	14115.0
164	14115.0
165	20931.0
166	20931.0
167	20931.0
168	20931.0
169	20931.0
170	20664.0
171	20664.0
172	20664.0
173	20664.0
174	20664.0
175	17345.0
176	17345.0
177	17345.0
178	17345.0
179	17345.0
180	8707.0
181	8707.0
182	8707.0
183	8707.0
184	8707.0
185	15175.0
186	15175.0
187	15175.0
188	15175.0
189	15175.0
190	33452.0
191	33452.0
192	33452.0
193	33452.0
194	33452.0
195	4576.0
196	4576.0
197	4576.0
198	4576.0
199	4576.0
200	19822.0
201	19822.0
202	19822.0
203	19822.0
204	19822.0
205	22184.0
206	22184.0
207	22184.0
208	22184.0
209	22184.0
210	2330.0
211	2330.0
212	2330.0
213	2330.0
214	2330.0
215	6674.0
216	6674.0
217	6674.0
218	6674.0
219	6674.0
220	24452.0
221	24452.0
222	24452.0
223	24452.0
224	24452.0
225	22253.0
226	22253.0
227	22253.0
228	22253.0
229	22253.0
230	32433.0
231	32433.0
232	32433.0
233	32433.0
234	32433.0
235	10110.0
236	10110.0
237	10110.0
238	10110.0
239	10110.0
240	5629.0
241	5629.0
242	5629.0
243	5629.0
244	5629.0
245	26257.0
246	26257.0
247	26257.0
248	26257.0
249	26257.0
