0	22406.0
1	22406.0
2	22406.0
3	22406.0
4	22406.0
5	11006.0
6	11006.0
7	11006.0
8	11006.0
9	11006.0
10	7354.0
11	7354.0
12	7354.0
13	7354.0
14	7354.0
15	3195.0
16	3195.0
17	3195.0
18	3195.0
19	3195.0
20	29365.0
21	29365.0
22	29365.0
23	29365.0
24	29365.0
25	15075.0
26	15075.0
27	15075.0
28	15075.0
29	15075.0
30	5575.0
31	5575.0
32	5575.0
33	5575.0
34	5575.0
35	16766.0
36	16766.0
37	16766.0
38	16766.0
39	16766.0
40	6354.0
41	6354.0
42	6354.0
43	6354.0
44	6354.0
45	27585.0
46	27585.0
47	27585.0
48	27585.0
49	27585.0
50	4186.0
51	4186.0
52	4186.0
53	4186.0
54	4186.0
55	26417.0
56	26417.0
57	26417.0
58	26417.0
59	26417.0
60	18678.0
61	18678.0
62	18678.0
63	18678.0
64	18678.0
65	11191.0
66	11191.0
67	11191.0
68	11191.0
69	11191.0
70	30287.0
71	30287.0
72	30287.0
73	30287.0
74	30287.0
75	11673.0
76	11673.0
77	11673.0
78	11673.0
79	11673.0
80	18317.0
81	18317.0
82	18317.0
83	18317.0
84	18317.0
85	7908.0
86	7908.0
87	7908.0
88	7908.0
89	7908.0
90	14327.0
91	14327.0
92	14327.0
93	14327.0
94	14327.0
95	9807.0
96	9807.0
97	9807.0
98	9807.0
99	9807.0
100	27620.0
101	27620.0
102	27620.0
103	27620.0
104	27620.0
105	29761.0
106	29761.0
107	29761.0
108	29761.0
109	29761.0
110	23890.0
111	23890.0
112	23890.0
113	23890.0
114	23890.0
115	5315.0
116	5315.0
117	5315.0
118	5315.0
119	5315.0
120	683.0
121	683.0
122	683.0
123	683.0
124	683.0
125	29388.0
126	29388.0
127	29388.0
128	29388.0
129	29388.0
130	18545.0
131	18545.0
132	18545.0
133	18545.0
134	18545.0
135	22805.0
136	22805.0
137	22805.0
138	22805.0
139	22805.0
140	18909.0
141	18909.0
142	18909.0
143	18909.0
144	18909.0
145	6693.0
146	6693.0
147	6693.0
148	6693.0
149	6693.0
150	26170.0
151	26170.0
152	26170.0
153	26170.0
154	26170.0
155	16603.0
156	16603.0
157	16603.0
158	16603.0
159	16603.0
160	27444.0
161	27444.0
162	27444.0
163	27444.0
164	27444.0
165	22831.0
166	22831.0
167	22831.0
168	22831.0
169	22831.0
170	3350.0
171	3350.0
172	3350.0
173	3350.0
174	3350.0
175	30565.0
176	30565.0
177	30565.0
178	30565.0
179	30565.0
180	20394.0
181	20394.0
182	20394.0
183	20394.0
184	20394.0
185	29883.0
186	29883.0
187	29883.0
188	29883.0
189	29883.0
190	21843.0
191	21843.0
192	21843.0
193	21843.0
194	21843.0
195	14912.0
196	14912.0
197	14912.0
198	14912.0
199	14912.0
200	21206.0
201	21206.0
202	21206.0
203	21206.0
204	21206.0
205	20385.0
206	20385.0
207	20385.0
208	20385.0
209	20385.0
210	2976.0
211	2976.0
212	2976.0
213	2976.0
214	2976.0
215	26370.0
216	26370.0
217	26370.0
218	26370.0
219	26370.0
220	17008.0
221	17008.0
222	17008.0
223	17008.0
224	17008.0
225	5196.0
226	5196.0
227	5196.0
228	5196.0
229	5196.0
230	4031.0
231	4031.0
232	4031.0
233	4031.0
234	4031.0
235	22212.0
236	22212.0
237	22212.0
238	22212.0
239	22212.0
240	29451.0
241	29451.0
242	29451.0
243	29451.0
244	29451.0
245	14235.0
246	14235.0
247	14235.0
248	14235.0
249	14235.0
