0	2635.0
1	2635.0
2	2635.0
3	2635.0
4	2635.0
5	4937.0
6	4937.0
7	4937.0
8	4937.0
9	4937.0
10	31761.0
11	31761.0
12	31761.0
13	31761.0
14	31761.0
15	30905.0
16	30905.0
17	30905.0
18	30905.0
19	30905.0
20	26145.0
21	26145.0
22	26145.0
23	26145.0
24	26145.0
25	29234.0
26	29234.0
27	29234.0
28	29234.0
29	29234.0
30	27853.0
31	27853.0
32	27853.0
33	27853.0
34	27853.0
35	11537.0
36	11537.0
37	11537.0
38	11537.0
39	11537.0
40	23553.0
41	23553.0
42	23553.0
43	23553.0
44	23553.0
45	18591.0
46	18591.0
47	18591.0
48	18591.0
49	18591.0
50	29617.0
51	29617.0
52	29617.0
53	29617.0
54	29617.0
55	17307.0
56	17307.0
57	17307.0
58	17307.0
59	17307.0
60	11596.0
61	11596.0
62	11596.0
63	11596.0
64	11596.0
65	30039.0
66	30039.0
67	30039.0
68	30039.0
69	30039.0
70	17285.0
71	17285.0
72	17285.0
73	17285.0
74	17285.0
75	4286.0
76	4286.0
77	4286.0
78	4286.0
79	4286.0
80	27953.0
81	27953.0
82	27953.0
83	27953.0
84	27953.0
85	24964.0
86	24964.0
87	24964.0
88	24964.0
89	24964.0
90	25283.0
91	25283.0
92	25283.0
93	25283.0
94	25283.0
95	18699.0
96	18699.0
97	18699.0
98	18699.0
99	18699.0
100	23241.0
101	23241.0
102	23241.0
103	23241.0
104	23241.0
105	15911.0
106	15911.0
107	15911.0
108	15911.0
109	15911.0
110	6996.0
111	6996.0
112	6996.0
113	6996.0
114	6996.0
115	226.0
116	226.0
117	226.0
118	226.0
119	226.0
120	19489.0
121	19489.0
122	19489.0
123	19489.0
124	19489.0
125	17641.0
126	17641.0
127	17641.0
128	17641.0
129	17641.0
130	14390.0
131	14390.0
132	14390.0
133	14390.0
134	14390.0
135	14179.0
136	14179.0
137	14179.0
138	14179.0
139	14179.0
140	13176.0
141	13176.0
142	13176.0
143	13176.0
144	13176.0
145	18232.0
146	18232.0
147	18232.0
148	18232.0
149	18232.0
150	31106.0
151	31106.0
152	31106.0
153	31106.0
154	31106.0
155	27773.0
156	27773.0
157	27773.0
158	27773.0
159	27773.0
160	26666.0
161	26666.0
162	26666.0
163	26666.0
164	26666.0
165	22501.0
166	22501.0
167	22501.0
168	22501.0
169	22501.0
170	24465.0
171	24465.0
172	24465.0
173	24465.0
174	24465.0
175	9815.0
176	9815.0
177	9815.0
178	9815.0
179	9815.0
180	15441.0
181	15441.0
182	15441.0
183	15441.0
184	15441.0
185	6064.0
186	6064.0
187	6064.0
188	6064.0
189	6064.0
190	30390.0
191	30390.0
192	30390.0
193	30390.0
194	30390.0
195	7167.0
196	7167.0
197	7167.0
198	7167.0
199	7167.0
200	24518.0
201	24518.0
202	24518.0
203	24518.0
204	24518.0
205	4765.0
206	4765.0
207	4765.0
208	4765.0
209	4765.0
210	632.0
211	632.0
212	632.0
213	632.0
214	632.0
215	14068.0
216	14068.0
217	14068.0
218	14068.0
219	14068.0
220	8401.0
221	8401.0
222	8401.0
223	8401.0
224	8401.0
225	20505.0
226	20505.0
227	20505.0
228	20505.0
229	20505.0
230	9392.0
231	9392.0
232	9392.0
233	9392.0
234	9392.0
235	33031.0
236	33031.0
237	33031.0
238	33031.0
239	33031.0
240	1723.0
241	1723.0
242	1723.0
243	1723.0
244	1723.0
245	31075.0
246	31075.0
247	31075.0
248	31075.0
249	31075.0
