0	3.2029477568749276
1	3.2029477568749276
2	3.27631227698461
3	3.27631227698461
4	3.386812708316674
5	3.386812708316674
6	3.7808794134257
7	3.7808794134257
8	4.485560233634248
9	4.485560233634248
10	3.0308283169445964
11	3.0308283169445964
12	2.955995570556057
13	2.955995570556057
14	4.9572549274809665
15	4.9572549274809665
16	2.759374681660137
17	2.759374681660137
18	4.030719281996756
19	4.030719281996756
20	2.5669825062195217
21	2.5669825062195217
22	3.6930403110642755
23	3.6930403110642755
24	3.95031499702603
25	3.95031499702603
26	3.9044656428030726
27	3.9044656428030726
28	4.208668284559295
29	4.208668284559295
30	5.589518976620121
31	5.589518976620121
32	4.7423168037010495
33	4.7423168037010495
34	4.258184807732148
35	4.258184807732148
36	4.692571445456619
37	4.692571445456619
38	3.6439976893167243
39	3.6439976893167243
40	4.016462510025936
41	4.016462510025936
42	3.7261113076595413
43	3.9426313914875912
44	3.9426313914875912
45	6.264058450580702
46	6.264058450580702
47	7.432601700428632
48	7.432601700428632
49	6.188358478400177
50	6.188358478400177
51	7.86958851779395
52	7.86958851779395
53	5.058384525881047
54	5.058384525881047
55	4.818434545126057
56	4.818434545126057
57	5.998620630990968
58	5.998620630990968
59	5.795366262649977
60	5.795366262649977
61	4.27184574343526
62	4.27184574343526
63	7.177704471216921
64	7.177704471216921
65	6.0268110846492124
66	6.0268110846492124
67	6.109862484517083
68	6.109862484517083
69	5.797868548480346
70	5.797868548480346
71	5.32383305336551
72	5.32383305336551
73	5.156468970087352
74	5.156468970087352
75	6.225095978279574
76	6.225095978279574
77	4.466014080587267
78	4.466014080587267
79	7.37276072020454
80	7.37276072020454
81	5.473444076756848
82	5.473444076756848
83	7.630293077556144
84	7.630293077556144
85	6.708026118433004
86	6.708026118433004
87	5.417438178247584
88	5.417438178247584
89	6.578767652843654
90	6.578767652843654
91	6.355582461051628
92	6.355582461051628
93	5.466599646392271
94	5.466599646392271
95	8.192973938229523
96	8.192973938229523
97	5.1301076139451425
98	5.1301076139451425
99	7.240945385512178
100	7.240945385512178
101	4.58513750769188
102	4.58513750769188
103	7.236639718721906
104	7.236639718721906
105	5.921662795611412
106	5.921662795611412
107	6.459220421985339
108	6.459220421985339
109	7.542150757158314
110	7.542150757158314
111	7.145030804059213
112	7.145030804059213
113	5.368969401618748
114	5.368969401618748
115	5.33423232957912
116	5.33423232957912
117	5.233374592796488
118	5.233374592796488
119	6.40871148543688
120	6.40871148543688
121	6.705213401863061
122	6.705213401863061
123	4.310875779330443
124	4.310875779330443
125	8.421136734625478
126	8.421136734625478
127	5.7723600093190255
128	5.7723600093190255
129	6.245515001493978
130	6.245515001493978
131	7.609382549490833
132	7.609382549490833
133	5.126932649443972
134	5.126932649443972
135	4.860794306794122
136	4.860794306794122
137	6.524764703785138
138	6.524764703785138
139	4.8777777272323
140	4.8777777272323
141	6.901938579281816
142	6.901938579281816
143	6.283023892777817
144	6.283023892777817
145	6.302661488681926
146	6.302661488681926
147	6.257053345535011
148	6.257053345535011
149	5.685197605037665
150	5.685197605037665
151	4.133104384398641
152	4.133104384398641
153	6.709786316746449
154	6.709786316746449
155	5.759376280930803
156	5.759376280930803
157	4.185759933090681
158	4.185759933090681
159	6.240031063896392
160	6.240031063896392
161	6.090921890732364
162	6.090921890732364
163	6.400926528894976
164	6.400926528894976
165	5.787946770727441
166	5.787946770727441
167	6.410163395637354
168	6.410163395637354
169	8.839423578487642
170	8.839423578487642
171	6.871059572340889
172	6.871059572340889
173	4.617731796582861
174	4.617731796582861
175	4.579005882851963
176	4.579005882851963
177	7.478464254471621
178	7.478464254471621
179	3.344997188678219
180	3.344997188678219
181	6.17355630043358
182	6.17355630043358
183	5.743511920542582
184	5.743511920542582
185	5.398802139727401
186	5.398802139727401
187	5.41947614081672
188	5.41947614081672
189	4.0696237362409216
190	4.0696237362409216
191	6.429678481274306
192	6.429678481274306
193	5.94376583803552
194	5.94376583803552
195	7.1027577717886325
196	7.1027577717886325
197	7.095329450072858
198	7.095329450072858
199	12.201904977999089
200	12.201904977999089
201	13.477382057054925
202	13.477382057054925
203	10.418778645073035
204	10.418778645073035
205	11.851821923548735
206	11.851821923548735
207	13.16143030620059
208	13.16143030620059
209	11.990628134327165
210	11.990628134327165
211	4.401321385417958
212	4.401321385417958
213	10.240721333070343
214	10.240721333070343
215	10.798502107570245
216	10.798502107570245
217	8.67402531778825
218	8.67402531778825
219	14.33188982723253
220	14.33188982723253
221	9.928863162881418
222	9.928863162881418
223	9.268459205920678
224	9.268459205920678
225	9.080109497876403
226	9.080109497876403
227	10.9425523015195
228	10.9425523015195
229	13.361524645877946
230	13.361524645877946
231	9.331950014162368
232	9.331950014162368
233	10.711098296003554
234	10.711098296003554
235	11.157339588337322
236	11.157339588337322
237	8.171183382277018
238	8.171183382277018
239	10.140412487497555
240	10.140412487497555
241	9.259595250792538
242	9.259595250792538
243	11.87049670614459
244	11.39346289886236
245	11.39346289886236
246	13.95951707733728
247	13.95951707733728
248	11.924631258715499
249	11.924631258715499
250	13.54760128247659
251	13.54760128247659
252	14.303273590463832
253	14.303273590463832
254	13.465865375342025
255	13.465865375342025
256	15.660805065354037
257	15.660805065354037
258	16.038502392653232
259	16.038502392653232
260	14.39369559906951
261	14.39369559906951
262	12.941273285496525
263	12.941273285496525
264	15.51969965340828
265	15.51969965340828
266	13.29748301111016
267	13.29748301111016
268	12.157818340632963
269	12.157818340632963
270	15.777717850825653
271	15.777717850825653
272	16.83689701361241
273	16.83689701361241
274	17.22323890962793
275	17.22323890962793
276	14.04315491550599
277	14.04315491550599
278	13.31720824374219
279	13.31720824374219
280	13.583472374950386
281	13.583472374950386
282	16.43808888008394
283	16.43808888008394
284	17.15517139813833
285	17.15517139813833
286	13.036906054510728
287	13.036906054510728
288	17.853078634678937
289	17.853078634678937
290	18.791500863552553
291	18.791500863552553
292	13.859567231717161
293	13.859567231717161
294	19.865824103968244
295	19.865824103968244
296	11.128924398917409
297	11.128924398917409
298	14.639020994649888
299	14.639020994649888
300	10.945159077249969
301	10.945159077249969
302	14.301424556381013
303	14.301424556381013
304	14.846856193179844
305	14.846856193179844
306	13.835176000929778
307	13.835176000929778
308	16.20671750271245
309	16.20671750271245
310	15.265254567131185
311	15.265254567131185
312	14.362595713744472
313	14.362595713744472
314	8.452245449680426
315	8.452245449680426
316	20.219603492903246
317	20.219603492903246
318	19.173158023374803
319	19.173158023374803
320	12.939053050309484
321	12.939053050309484
322	12.18232462106711
323	12.18232462106711
324	8.478809784924625
325	8.478809784924625
326	15.629424364737972
327	15.629424364737972
328	12.7493668482024
329	12.7493668482024
330	16.818094052793466
331	16.818094052793466
332	17.709297640889336
333	17.709297640889336
334	14.886983514652728
335	14.886983514652728
336	11.60348114870624
337	11.60348114870624
338	13.887635140776242
339	13.887635140776242
340	16.02265625748948
341	16.02265625748948
342	15.030414326208145
343	15.030414326208145
344	11.916928940617328
345	11.916928940617328
346	14.554180964222361
347	14.554180964222361
348	15.37480642640988
349	15.37480642640988
350	13.554263827698927
351	13.554263827698927
352	14.297197552436662
353	14.297197552436662
354	17.134207957191503
355	17.134207957191503
356	12.89970154578671
357	12.89970154578671
358	14.235788282913882
359	14.235788282913882
360	13.751347911194
361	13.751347911194
362	16.656456864684504
363	16.656456864684504
364	17.261006072124967
365	17.261006072124967
366	14.684967406011362
367	14.684967406011362
368	14.258298913824998
369	14.258298913824998
370	16.79799854447321
371	16.79799854447321
372	15.496749041482584
373	15.496749041482584
374	9.836202190357325
375	9.836202190357325
376	19.336810926414692
377	19.336810926414692
378	15.844920571634713
379	15.844920571634713
380	14.331966452639747
381	14.331966452639747
382	13.217419527333773
383	13.217419527333773
384	14.040737868013437
385	14.040737868013437
386	17.131004823115706
387	17.131004823115706
388	19.87506469601169
389	19.87506469601169
390	16.000341267729283
391	16.000341267729283
392	18.017015902758256
393	18.017015902758256
394	14.86314790043998
395	14.86314790043998
396	15.37699191232989
397	15.37699191232989
398	16.481322937504476
399	16.481322937504476
400	8.75760839235875
401	8.75760839235875
402	14.249053143550839
403	14.249053143550839
404	20.975581540929213
405	20.975581540929213
406	17.036640332108224
407	17.036640332108224
408	16.04110430262696
409	16.04110430262696
410	16.324026633340633
411	16.324026633340633
412	11.066921851802292
413	11.066921851802292
414	17.595713525938482
415	17.595713525938482
416	11.643659434959728
417	11.643659434959728
418	14.54258092644696
419	14.54258092644696
420	17.610896177979093
421	17.610896177979093
422	12.315562667597577
423	12.315562667597577
424	6.806562378422347
425	6.806562378422347
426	17.550256169259384
427	17.550256169259384
428	12.117630732157123
429	12.117630732157123
430	13.72218739485247
431	13.72218739485247
432	16.278653182341014
433	16.278653182341014
434	14.489592919985952
435	14.489592919985952
436	12.687428232471225
437	12.687428232471225
438	16.863104265931245
439	16.863104265931245
440	15.06044629813304
441	15.06044629813304
442	13.90704536109508
443	13.90704536109508
444	19.001024131598477
445	19.001024131598477
446	12.79047008570819
447	12.79047008570819
448	10.577453795081436
449	10.577453795081436
450	13.856813980291678
451	13.856813980291678
452	13.82499124755115
453	13.82499124755115
454	15.94052805273854
455	15.94052805273854
456	14.304684524404099
457	14.304684524404099
458	15.31161762060097
459	15.31161762060097
460	14.541043673269481
461	14.541043673269481
462	18.44657264865236
463	18.44657264865236
464	17.50360307649953
465	17.50360307649953
466	13.258370730359848
467	13.258370730359848
468	18.99233073249154
469	18.99233073249154
470	12.000393201822897
471	12.000393201822897
472	11.083616501560813
473	11.083616501560813
474	12.134541727481137
475	12.134541727481137
476	19.40304777153217
477	19.40304777153217
478	15.5760042397896
479	15.5760042397896
480	15.391588533997153
481	15.391588533997153
482	15.805187052704824
483	15.805187052704824
484	12.581611921300533
485	12.581611921300533
486	15.368127838241804
487	15.368127838241804
488	13.358235745861542
489	13.358235745861542
490	18.229681434622027
491	18.229681434622027
492	12.653560258206792
493	12.653560258206792
494	19.063810618060455
495	19.063810618060455
496	13.45758272886986
497	13.45758272886986
498	17.44700076505771
499	17.44700076505771
500	14.341809960833968
501	14.341809960833968
502	12.169723942801904
503	12.169723942801904
504	12.910271955160521
505	12.910271955160521
506	16.770477897126238
507	16.770477897126238
508	15.394399497197645
509	15.394399497197645
510	9.723269608116432
511	9.723269608116432
512	13.398718544273692
513	13.398718544273692
514	16.125835264502168
515	16.125835264502168
516	15.7082848475409
517	15.7082848475409
518	13.104285057770818
519	13.104285057770818
520	13.892883628199607
521	13.892883628199607
522	16.50138846149483
523	16.50138846149483
524	12.822202711204964
525	12.822202711204964
526	13.957685588608339
527	13.957685588608339
528	16.236310881929068
529	16.236310881929068
530	20.465809556474827
531	20.465809556474827
532	14.716484146872613
533	14.716484146872613
534	14.463225742141235
535	14.463225742141235
536	15.94729330165662
537	15.94729330165662
538	13.141571578358283
539	13.141571578358283
540	17.206084522894386
541	17.206084522894386
542	17.110733737493902
543	17.110733737493902
544	13.954603527444862
545	13.954603527444862
546	14.046097586601224
547	14.046097586601224
548	14.01208216876673
549	14.01208216876673
550	17.006861592888256
551	17.006861592888256
552	13.104960094856176
553	13.104960094856176
554	13.741550676346021
555	13.741550676346021
556	14.64709895577136
557	14.64709895577136
558	18.45354984654815
559	18.45354984654815
560	14.11395025643065
561	14.11395025643065
562	17.708970821164243
563	17.708970821164243
564	10.877054670438635
565	10.877054670438635
566	15.959325691117561
567	15.959325691117561
568	11.618709622989362
569	11.618709622989362
570	13.771481961553976
571	13.771481961553976
572	18.12716009561085
573	18.12716009561085
574	19.00668971960552
575	19.00668971960552
576	13.766682993550022
577	13.766682993550022
578	15.059586928700469
579	15.059586928700469
580	16.864955230043893
581	16.864955230043893
582	14.052811659558607
583	14.052811659558607
584	16.56632064686189
585	16.56632064686189
586	13.34739143710396
587	13.34739143710396
588	14.527944012136071
589	14.527944012136071
590	13.934562804115858
591	13.934562804115858
592	14.228055851949405
593	14.228055851949405
594	11.912584893193456
595	11.912584893193456
596	14.116770605898754
597	14.116770605898754
598	13.713232725416203
599	13.713232725416203
600	13.4351518372692
601	13.4351518372692
602	16.916550763065942
603	16.916550763065942
604	12.440903594837762
605	12.440903594837762
606	12.654922722322718
607	12.654922722322718
608	8.25249967918457
609	8.25249967918457
610	10.73528917026119
611	10.73528917026119
612	14.510706514019587
613	14.510706514019587
614	16.473438483604916
615	16.473438483604916
616	12.248327708758254
617	12.248327708758254
618	16.085242202798312
619	16.085242202798312
620	9.823760082180037
621	9.823760082180037
622	17.75463390594896
623	17.75463390594896
624	18.734567949055048
625	12.806043242353221
626	12.806043242353221
627	13.909473615171748
628	13.909473615171748
629	14.633938230922695
630	14.633938230922695
631	19.69501901042421
632	19.69501901042421
633	14.819958385428167
634	14.819958385428167
635	21.413336285288317
636	21.413336285288317
637	20.21885924986065
638	20.21885924986065
639	23.6
640	23.6
641	15.044465209629957
642	15.044465209629957
643	18.00402980306464
644	18.00402980306464
645	14.485753228779359
646	14.485753228779359
647	15.82554471375433
648	15.82554471375433
649	19.475780918056326
650	19.475780918056326
651	18.66518840484772
652	18.66518840484772
653	17.718547161628194
654	17.718547161628194
655	22.027922417384058
656	22.027922417384058
657	16.005713467751555
658	16.005713467751555
659	12.819691755494299
660	12.819691755494299
661	17.496782966566112
662	17.496782966566112
663	16.484042194957304
664	16.484042194957304
665	19.215605921192317
666	19.215605921192317
667	14.86731385652718
668	14.86731385652718
669	15.208852789894223
670	15.208852789894223
671	12.14284706183233
672	12.14284706183233
673	18.246012227346025
674	18.246012227346025
675	19.358669201246094
676	19.358669201246094
677	10.805720383442278
678	10.805720383442278
679	20.00307011445424
680	20.00307011445424
681	11.098963537464506
682	11.098963537464506
683	22.694562743436745
684	22.694562743436745
685	12.294489637729887
686	12.294489637729887
687	15.21414043176711
688	15.21414043176711
689	13.544848066232621
690	13.544848066232621
691	12.062749001858975
692	12.062749001858975
693	15.650177880013127
694	15.650177880013127
695	14.857048305770386
696	14.857048305770386
697	15.237223601158679
698	15.237223601158679
699	15.154139831579737
700	15.154139831579737
701	18.11549875277919
702	18.11549875277919
703	15.114797057205378
704	15.114797057205378
705	10.944109961572401
706	10.944109961572401
707	19.464665797713607
708	19.464665797713607
709	16.73281815447785
710	16.73281815447785
711	15.16655143959956
712	15.16655143959956
713	16.855995024400503
714	16.855995024400503
715	16.772749049268246
716	16.772749049268246
717	17.26349777057267
718	17.26349777057267
719	18.475880999439777
720	18.475880999439777
721	15.437446207320678
722	15.437446207320678
723	11.067013717515865
724	11.067013717515865
725	11.667164976179468
726	11.667164976179468
727	15.797436590825312
728	15.797436590825312
729	15.94324907460973
730	15.94324907460973
731	17.830254974932824
732	17.830254974932824
733	16.46017106161406
734	16.46017106161406
735	14.16007895655413
736	14.16007895655413
737	14.166931108826862
738	14.166931108826862
739	15.019243691055099
740	15.019243691055099
741	21.849553812652196
742	21.849553812652196
743	18.0171568656175
744	18.0171568656175
745	13.789781731704178
746	13.789781731704178
747	16.580302466265064
748	16.580302466265064
749	13.215333143771524
750	13.215333143771524
751	22.383686649427574
752	22.383686649427574
753	22.9231673379998
754	22.9231673379998
755	17.679894644749616
756	17.679894644749616
757	21.279774271016297
758	21.279774271016297
759	19.45553784536277
760	19.45553784536277
761	12.8010205827755
762	12.8010205827755
763	19.664903221475765
764	19.664903221475765
765	17.088428103577836
766	17.088428103577836
767	12.312608212016396
768	12.312608212016396
769	19.99589720775378
770	19.99589720775378
771	19.958491000766386
772	19.958491000766386
773	16.996045840373796
774	16.996045840373796
775	18.7046544398402
776	18.7046544398402
777	10.855036208270928
778	10.855036208270928
779	20.834348226622556
780	20.834348226622556
781	17.434054904099522
782	17.434054904099522
783	17.96104705292572
784	17.96104705292572
785	18.872422747498096
786	18.872422747498096
787	18.82823513609787
788	18.82823513609787
789	13.326421049672785
790	13.326421049672785
791	17.148053838427366
792	17.148053838427366
793	16.67061719773105
794	16.67061719773105
795	19.263371390684085
796	19.263371390684085
797	15.215287634599372
798	15.215287634599372
799	17.064910543973184
800	17.064910543973184
801	19.95233018662235
802	19.95233018662235
803	16.7542334997396
804	16.7542334997396
805	23.6
806	23.6
807	23.6
808	23.6
809	22.94062227944572
810	22.94062227944572
811	19.548333746888368
812	19.548333746888368
813	15.670849956761217
814	15.670849956761217
815	17.820371042427734
816	17.820371042427734
817	13.671396603512369
818	13.671396603512369
819	11.327950072366772
820	11.327950072366772
821	12.049325462381132
822	12.049325462381132
823	17.165753360426244
824	17.165753360426244
825	19.612883507037818
826	19.612883507037818
827	20.019837569310265
828	20.019837569310265
829	23.6
830	23.6
831	23.6
832	23.6
833	21.50424985284819
834	21.50424985284819
835	16.869276384363687
836	16.869276384363687
837	20.21908611123221
838	20.21908611123221
839	23.6
840	23.6
841	23.6
842	23.6
843	23.6
844	23.6
845	15.92042041563191
846	15.92042041563191
847	18.061674118038255
848	18.061674118038255
849	21.098616625846216
850	21.098616625846216
851	18.295041225979503
852	18.295041225979503
853	23.6
854	23.6
855	23.6
856	23.6
857	23.6
858	23.6
859	23.073045636728228
860	23.073045636728228
861	23.051512819362742
862	23.051512819362742
863	22.773814891931313
864	22.773814891931313
865	23.6
866	23.6
867	23.6
868	23.6
869	23.6
870	23.6
871	18.1357069395999
872	18.1357069395999
873	23.6
874	23.6
875	23.6
876	23.6
877	21.438815058287055
878	21.438815058287055
879	19.83647294788534
880	19.83647294788534
881	23.6
882	23.6
883	23.6
884	23.6
885	23.6
886	23.6
887	20.343081549901356
888	20.343081549901356
889	19.442674410173566
890	19.442674410173566
891	23.6
892	23.6
893	21.701759933448784
894	21.701759933448784
895	23.6
896	23.6
897	23.11805738121007
898	23.11805738121007
899	23.389004279844638
900	23.389004279844638
901	20.892304129110006
902	20.892304129110006
903	23.6
904	23.6
905	18.75197304987182
906	18.75197304987182
907	23.6
908	23.6
909	19.493860289857807
910	19.493860289857807
911	23.51565939320073
912	23.51565939320073
913	23.6
914	23.6
915	22.5211738583072
916	22.5211738583072
917	23.6
918	23.6
919	22.913135178668366
920	22.913135178668366
921	23.6
922	23.6
923	21.202499796231912
924	21.202499796231912
925	23.6
926	23.6
927	23.6
928	23.6
929	23.6
930	23.6
931	23.6
932	23.6
933	23.6
934	23.6
935	17.050660001537864
936	17.050660001537864
937	23.6
938	23.6
939	18.627966057000787
940	18.627966057000787
941	19.790913569757507
942	19.790913569757507
943	19.44541085028123
944	19.44541085028123
945	21.92938014337996
946	21.92938014337996
947	23.6
948	23.6
949	17.50764834043266
950	17.50764834043266
951	18.781115107304956
952	18.781115107304956
953	21.86190939404093
954	21.86190939404093
955	22.047049899339342
956	22.047049899339342
957	18.850026800819066
958	18.850026800819066
959	23.6
960	23.6
961	23.6
962	23.6
963	23.6
964	23.6
965	23.6
966	23.6
967	14.396364117776557
968	14.396364117776557
969	23.6
970	23.6
971	23.6
972	23.6
973	23.6
974	23.6
975	22.62425550002812
976	22.62425550002812
977	22.553551541583573
978	22.553551541583573
979	18.577376412735855
980	18.577376412735855
981	23.6
982	23.6
983	23.6
984	23.6
985	21.741923376115732
986	21.741923376115732
987	23.6
988	23.6
989	23.6
990	23.6
991	23.6
992	23.6
993	22.235512890261752
994	22.235512890261752
995	18.91041622791319
996	18.91041622791319
997	23.206525227378673
998	23.206525227378673
999	23.6
1000	23.6
1001	23.6
1002	23.6
1003	23.6
1004	23.6
1005	23.6
1006	23.6
1007	22.132934880444715
1008	22.132934880444715
1009	23.6
1010	23.6
1011	23.6
1012	23.6
1013	23.6
1014	23.6
1015	21.105435010010872
1016	21.105435010010872
1017	23.6
1018	23.6
1019	21.44995979575886
1020	21.44995979575886
1021	16.12715581442201
1022	16.12715581442201
1023	23.6
1024	23.6
1025	23.6
1026	23.6
1027	16.312527208236503
1028	16.312527208236503
1029	23.6
1030	23.6
1031	16.443725057759046
1032	16.443725057759046
1033	23.6
1034	23.6
1035	23.6
1036	23.6
1037	17.782906711808124
1038	17.782906711808124
1039	23.6
1040	23.6
1041	23.6
1042	23.6
1043	18.139126811947065
1044	18.139126811947065
1045	22.063277136798362
1046	22.063277136798362
1047	20.93345691264944
1048	20.93345691264944
1049	23.6
1050	23.6
1051	23.6
1052	23.6
1053	23.6
1054	23.6
1055	23.6
1056	23.6
1057	23.57148469714628
1058	23.57148469714628
1059	14.831879418161446
1060	14.831879418161446
1061	23.6
1062	23.6
1063	23.6
1064	23.6
1065	23.6
1066	23.6
1067	20.69426164912951
1068	20.69426164912951
1069	22.984240367649925
1070	22.984240367649925
1071	21.42472237384787
1072	21.42472237384787
1073	20.79642237092561
1074	20.79642237092561
1075	23.6
1076	23.6
1077	23.596537642072402
1078	23.596537642072402
1079	23.6
1080	23.6
1081	19.1156643888852
1082	19.1156643888852
1083	23.6
1084	23.6
1085	21.362590776691555
1086	21.362590776691555
1087	23.6
1088	23.6
1089	23.6
1090	23.6
1091	23.6
1092	23.6
1093	19.85492199217775
1094	19.85492199217775
1095	21.439934467147392
1096	21.439934467147392
1097	23.6
1098	23.6
1099	23.6
1100	23.6
1101	22.510689580414606
1102	22.510689580414606
1103	23.43295678868506
1104	23.43295678868506
1105	23.6
1106	23.6
1107	22.135725654381726
1108	22.135725654381726
1109	23.6
1110	23.6
1111	23.6
1112	23.6
1113	23.340684246476027
1114	23.340684246476027
1115	21.928973808475405
1116	21.928973808475405
1117	23.6
1118	23.6
