0	23.15141010097615
1	23.15141010097615
2	23.15141010097615
3	23.15141010097615
4	23.15141010097615
5	36.8
6	36.8
7	36.8
8	36.8
9	36.8
10	12.513587966483994
11	12.513587966483994
12	12.513587966483994
13	12.513587966483994
14	12.513587966483994
15	36.8
16	36.8
17	36.8
18	36.8
19	36.8
20	18.5199173334783
21	18.5199173334783
22	18.5199173334783
23	18.5199173334783
24	18.5199173334783
25	27.354784172343784
26	27.354784172343784
27	27.354784172343784
28	27.354784172343784
29	27.354784172343784
30	18.53535564153921
31	18.53535564153921
32	18.53535564153921
33	18.53535564153921
34	18.53535564153921
35	11.16288226146228
36	11.16288226146228
37	11.16288226146228
38	11.16288226146228
39	11.16288226146228
40	36.8
41	36.8
42	36.8
43	36.8
44	36.8
45	21.653500091437945
46	21.653500091437945
47	21.653500091437945
48	21.653500091437945
49	21.653500091437945
50	19.413619167291074
51	19.413619167291074
52	19.413619167291074
53	19.413619167291074
54	19.413619167291074
55	7.352985375998955
56	7.352985375998955
57	7.352985375998955
58	7.352985375998955
59	7.352985375998955
60	36.8
61	36.8
62	36.8
63	36.8
64	36.8
65	29.56969549025128
66	29.56969549025128
67	29.56969549025128
68	29.56969549025128
69	29.56969549025128
70	36.8
71	36.8
72	36.8
73	36.8
74	36.8
75	34.61115020021485
76	34.61115020021485
77	34.61115020021485
78	34.61115020021485
79	34.61115020021485
80	34.063032573997816
81	34.063032573997816
82	34.063032573997816
83	34.063032573997816
84	34.063032573997816
85	32.97330220095689
86	32.97330220095689
87	32.97330220095689
88	32.97330220095689
89	32.97330220095689
90	24.197528688630904
91	24.197528688630904
92	24.197528688630904
93	24.197528688630904
94	24.197528688630904
95	3.3865240848603655
96	3.3865240848603655
97	3.3865240848603655
98	3.3865240848603655
99	3.3865240848603655
100	29.367873289593057
101	29.367873289593057
102	29.367873289593057
103	29.367873289593057
104	29.367873289593057
105	8.361025786906673
106	8.361025786906673
107	8.361025786906673
108	8.361025786906673
109	8.361025786906673
110	22.32595998365227
111	22.32595998365227
112	22.32595998365227
113	22.32595998365227
114	22.32595998365227
115	14.645590787189368
116	14.645590787189368
117	14.645590787189368
118	14.645590787189368
119	14.645590787189368
120	0.6735654571273386
121	0.6735654571273386
122	0.6735654571273386
123	0.6735654571273386
124	0.6735654571273386
125	15.42803823523009
126	15.42803823523009
127	15.42803823523009
128	15.42803823523009
129	15.42803823523009
130	31.081535976738174
131	31.081535976738174
132	31.081535976738174
133	31.081535976738174
134	31.081535976738174
135	0.6714035857138718
136	0.6714035857138718
137	0.6714035857138718
138	0.6714035857138718
139	0.6714035857138718
140	36.8
141	36.8
142	36.8
143	36.8
144	36.8
145	32.473165884825015
146	32.473165884825015
147	32.473165884825015
148	32.473165884825015
149	32.473165884825015
150	33.5212106183871
151	33.5212106183871
152	33.5212106183871
153	33.5212106183871
154	33.5212106183871
155	30.51868197120675
156	30.51868197120675
157	30.51868197120675
158	30.51868197120675
159	30.51868197120675
160	36.8
161	36.8
162	36.8
163	36.8
164	36.8
165	36.8
166	36.8
167	36.8
168	36.8
169	36.8
170	12.973968498159783
171	12.973968498159783
172	12.973968498159783
173	12.973968498159783
174	12.973968498159783
175	0.1
176	0.1
177	0.1
178	0.1
179	0.1
180	17.684103412546413
181	17.684103412546413
182	17.684103412546413
183	17.684103412546413
184	17.684103412546413
185	36.8
186	36.8
187	36.8
188	36.8
189	36.8
190	2.260392576129746
191	2.260392576129746
192	2.260392576129746
193	2.260392576129746
194	2.260392576129746
195	22.341858781571712
196	22.341858781571712
197	22.341858781571712
198	22.341858781571712
199	22.341858781571712
200	32.04888966107029
201	32.04888966107029
202	32.04888966107029
203	32.04888966107029
204	32.04888966107029
205	1.6094535539256256
206	1.6094535539256256
207	1.6094535539256256
208	1.6094535539256256
209	1.6094535539256256
210	36.8
211	36.8
212	36.8
213	36.8
214	36.8
215	13.046348925533577
216	13.046348925533577
217	13.046348925533577
218	13.046348925533577
219	13.046348925533577
220	36.8
221	36.8
222	36.8
223	36.8
224	36.8
225	6.282002752161258
226	6.282002752161258
227	6.282002752161258
228	6.282002752161258
229	6.282002752161258
230	36.8
231	36.8
232	36.8
233	36.8
234	36.8
235	18.685433912080427
236	18.685433912080427
237	18.685433912080427
238	18.685433912080427
239	18.685433912080427
240	20.6914094583639
241	20.6914094583639
242	20.6914094583639
243	20.6914094583639
244	20.6914094583639
245	29.4346554816061
246	29.4346554816061
247	29.4346554816061
248	29.4346554816061
249	29.4346554816061
250	24.179606990623533
251	24.179606990623533
252	24.179606990623533
253	24.179606990623533
254	24.179606990623533
255	20.67647178337334
256	20.67647178337334
257	20.67647178337334
258	20.67647178337334
259	20.67647178337334
260	11.691903044767553
261	11.691903044767553
262	11.691903044767553
263	11.691903044767553
264	11.691903044767553
265	36.8
266	36.8
267	36.8
268	36.8
269	36.8
270	36.8
271	36.8
272	36.8
273	36.8
274	36.8
275	36.8
276	36.8
277	36.8
278	36.8
279	36.8
280	4.411163596608468
281	4.411163596608468
282	4.411163596608468
283	4.411163596608468
284	27.294842029267695
285	27.294842029267695
286	27.294842029267695
287	27.294842029267695
288	27.294842029267695
289	36.8
290	36.8
291	36.8
292	36.8
293	36.8
294	36.8
295	36.8
296	36.8
297	36.8
298	36.8
299	36.8
300	36.8
301	36.8
302	36.8
303	36.8
304	36.8
305	36.8
306	36.8
307	36.8
308	36.8
309	31.295993910201823
310	31.295993910201823
311	31.295993910201823
312	31.295993910201823
313	31.295993910201823
314	36.8
315	36.8
316	36.8
317	36.8
318	36.8
319	14.256573891083814
320	14.256573891083814
321	14.256573891083814
322	14.256573891083814
323	14.256573891083814
324	36.8
325	36.8
326	36.8
327	36.8
328	36.8
329	36.8
330	36.8
331	36.8
332	36.8
333	36.8
334	36.8
335	36.8
336	36.8
337	36.8
338	36.8
339	36.8
340	36.8
341	36.8
342	36.8
343	36.8
344	19.0345886475679
345	19.0345886475679
346	19.0345886475679
347	19.0345886475679
348	19.0345886475679
349	15.483047566201787
350	15.483047566201787
351	15.483047566201787
352	15.483047566201787
353	15.483047566201787
354	36.8
355	36.8
356	36.8
357	36.8
358	36.8
359	8.418799986386798
360	8.418799986386798
361	8.418799986386798
362	8.418799986386798
363	8.418799986386798
364	15.093967010766393
365	15.093967010766393
366	15.093967010766393
367	15.093967010766393
368	15.093967010766393
369	36.8
370	36.8
371	36.8
372	36.8
373	36.8
374	36.8
375	36.8
376	36.8
377	36.8
378	36.8
379	36.8
380	36.8
381	36.8
382	36.8
383	36.8
384	36.8
385	36.8
386	36.8
387	36.8
388	36.8
389	17.50925262274084
390	17.50925262274084
391	17.50925262274084
392	17.50925262274084
393	17.50925262274084
394	26.219989390414412
395	26.219989390414412
396	26.219989390414412
397	26.219989390414412
398	26.219989390414412
399	36.8
400	36.8
401	36.8
402	36.8
403	36.8
404	22.309123844328116
405	22.309123844328116
406	22.309123844328116
407	22.309123844328116
408	22.309123844328116
409	2.5816677988378594
410	2.5816677988378594
411	2.5816677988378594
412	2.5816677988378594
413	2.5816677988378594
414	36.8
415	36.8
416	36.8
417	36.8
418	36.8
419	36.8
420	36.8
421	36.8
422	36.8
423	36.8
424	30.911314812629342
425	30.911314812629342
426	30.911314812629342
427	30.911314812629342
428	30.911314812629342
429	28.954531435788425
430	28.954531435788425
431	28.954531435788425
432	28.954531435788425
433	28.954531435788425
434	36.8
435	36.8
436	36.8
437	36.8
438	36.8
439	0.1
440	0.1
441	0.1
442	0.1
443	0.1
444	36.8
445	36.8
446	36.8
447	36.8
448	36.8
449	19.9950029210277
450	19.9950029210277
451	19.9950029210277
452	19.9950029210277
453	19.9950029210277
454	28.767500324550568
455	28.767500324550568
456	28.767500324550568
457	28.767500324550568
458	28.767500324550568
459	10.698505685666536
460	10.698505685666536
461	10.698505685666536
462	10.698505685666536
463	10.698505685666536
464	36.47638186078914
465	36.47638186078914
466	36.47638186078914
467	36.47638186078914
468	36.47638186078914
469	14.464472547782332
470	14.464472547782332
471	14.464472547782332
472	14.464472547782332
473	14.464472547782332
474	36.8
475	36.8
476	36.8
477	36.8
478	36.8
479	36.8
480	36.8
481	36.8
482	36.8
483	36.8
484	24.195505297294275
485	24.195505297294275
486	24.195505297294275
487	24.195505297294275
488	24.195505297294275
489	36.8
490	36.8
491	36.8
492	36.8
493	36.8
494	36.8
495	36.8
496	36.8
497	36.8
498	36.8
499	31.292532449571613
500	31.292532449571613
501	31.292532449571613
502	31.292532449571613
503	31.292532449571613
504	36.8
505	36.8
506	36.8
507	36.8
508	36.8
509	28.08046041385133
510	28.08046041385133
511	28.08046041385133
512	28.08046041385133
513	28.08046041385133
514	10.638232423747695
515	10.638232423747695
516	10.638232423747695
517	10.638232423747695
518	10.638232423747695
519	16.92511457465516
520	16.92511457465516
521	16.92511457465516
522	16.92511457465516
523	16.92511457465516
524	36.8
525	36.8
526	36.8
527	36.8
528	36.8
529	18.902811520789903
530	18.902811520789903
531	18.902811520789903
532	18.902811520789903
533	18.902811520789903
534	13.461499539839684
535	13.461499539839684
536	13.461499539839684
537	13.461499539839684
538	13.461499539839684
539	28.92265304631491
540	28.92265304631491
541	28.92265304631491
542	28.92265304631491
543	28.92265304631491
544	27.06291370362402
545	27.06291370362402
546	27.06291370362402
547	27.06291370362402
548	27.06291370362402
549	36.8
550	36.8
551	36.8
552	36.8
553	36.8
554	26.000375101253287
555	26.000375101253287
556	26.000375101253287
557	26.000375101253287
558	26.000375101253287
559	13.21934885003028
560	13.21934885003028
561	13.21934885003028
562	13.21934885003028
563	13.21934885003028
564	36.8
565	28.170933414571827
566	28.170933414571827
567	28.170933414571827
568	28.170933414571827
569	28.170933414571827
570	26.568613793900447
571	26.568613793900447
572	26.568613793900447
573	26.568613793900447
574	26.568613793900447
575	23.11569942896426
576	23.11569942896426
577	23.11569942896426
578	23.11569942896426
579	23.11569942896426
580	29.40149386556675
581	29.40149386556675
582	29.40149386556675
583	29.40149386556675
584	29.40149386556675
585	11.684578092004209
586	11.684578092004209
587	11.684578092004209
588	11.684578092004209
589	11.684578092004209
590	10.111117367399945
591	10.111117367399945
592	10.111117367399945
593	10.111117367399945
594	10.111117367399945
595	33.326144493840744
596	33.326144493840744
597	33.326144493840744
598	33.326144493840744
599	33.326144493840744
600	1.665804643948178
601	1.665804643948178
602	1.665804643948178
603	1.665804643948178
604	1.665804643948178
605	0.1
606	0.1
607	0.1
608	0.1
609	0.1
610	36.8
611	36.8
612	36.8
613	36.8
614	36.8
615	18.40690810427629
616	18.40690810427629
617	18.40690810427629
618	18.40690810427629
619	18.40690810427629
620	16.17894655439589
621	16.17894655439589
622	16.17894655439589
623	16.17894655439589
624	16.17894655439589
625	13.934918199148443
626	13.934918199148443
627	13.934918199148443
628	25.700949827197714
629	25.700949827197714
630	25.700949827197714
631	25.700949827197714
632	25.700949827197714
633	20.74888593759138
634	20.74888593759138
635	20.74888593759138
636	20.74888593759138
637	20.74888593759138
638	23.17367621339767
639	23.17367621339767
640	23.17367621339767
641	23.17367621339767
642	23.17367621339767
643	0.1
644	0.1
645	0.1
646	0.1
647	0.1
648	36.8
649	36.8
650	36.8
651	36.8
652	36.8
653	36.8
654	36.8
655	36.8
656	36.8
657	36.8
658	31.477759090200017
659	31.477759090200017
660	31.477759090200017
661	31.477759090200017
662	31.477759090200017
663	19.539070158358804
664	19.539070158358804
665	19.539070158358804
666	19.539070158358804
667	19.539070158358804
668	0.1
669	0.1
670	0.1
671	0.1
672	0.1
673	36.8
674	36.8
675	36.8
676	36.8
677	36.8
678	36.8
679	36.8
680	36.8
681	36.8
682	36.8
683	36.8
684	36.8
685	36.8
686	36.8
687	36.8
688	22.60634406848934
689	22.60634406848934
690	22.60634406848934
691	22.60634406848934
692	22.60634406848934
693	28.558065772416615
694	28.558065772416615
695	28.558065772416615
696	28.558065772416615
697	28.558065772416615
698	18.140208622983053
699	18.140208622983053
700	18.140208622983053
701	18.140208622983053
702	18.140208622983053
703	19.940326255517213
704	19.940326255517213
705	19.940326255517213
706	19.940326255517213
707	19.940326255517213
708	26.311343748595473
709	26.311343748595473
710	26.311343748595473
711	26.311343748595473
712	26.311343748595473
713	36.8
714	36.8
715	36.8
716	36.8
717	36.8
718	25.361070494326757
719	25.361070494326757
720	25.361070494326757
721	25.361070494326757
722	25.361070494326757
723	18.605072252601815
724	18.605072252601815
725	18.605072252601815
726	18.605072252601815
727	18.605072252601815
728	36.8
729	36.8
730	36.8
731	36.8
732	36.8
733	16.964643898875195
734	16.964643898875195
735	16.964643898875195
736	16.964643898875195
737	16.964643898875195
738	28.510223735410072
739	28.510223735410072
740	28.510223735410072
741	28.510223735410072
742	28.510223735410072
743	17.511536251789202
744	17.511536251789202
745	17.511536251789202
746	17.511536251789202
747	17.511536251789202
748	36.8
749	36.8
750	36.8
751	36.8
752	36.8
753	36.8
754	36.8
755	36.8
756	36.8
757	36.8
758	36.8
759	36.8
760	36.8
761	36.8
762	36.8
763	36.8
764	36.8
765	36.8
766	36.8
767	36.8
768	27.680318938835516
769	27.680318938835516
770	27.680318938835516
771	27.680318938835516
772	27.680318938835516
773	17.282751815401106
774	17.282751815401106
775	17.282751815401106
776	17.282751815401106
777	17.282751815401106
778	1.559817674134944
779	1.559817674134944
780	1.559817674134944
781	1.559817674134944
782	1.559817674134944
783	36.8
784	36.8
785	36.8
786	36.8
787	36.8
788	23.134999952090027
789	23.134999952090027
790	23.134999952090027
791	23.134999952090027
792	23.134999952090027
793	32.0606519791788
794	32.0606519791788
795	32.0606519791788
796	32.0606519791788
797	32.0606519791788
798	36.8
799	36.8
800	36.8
801	36.8
802	36.8
803	29.655827713608762
804	29.655827713608762
805	29.655827713608762
806	29.655827713608762
807	29.655827713608762
808	1.6020959890561919
809	1.6020959890561919
810	1.6020959890561919
811	1.6020959890561919
812	1.6020959890561919
813	36.8
814	36.8
815	36.8
816	36.8
817	36.8
818	34.65052421941771
819	34.65052421941771
820	34.65052421941771
821	34.65052421941771
822	34.65052421941771
823	36.8
824	36.8
825	36.8
826	36.8
827	36.8
828	3.3204623320534417
829	3.3204623320534417
830	3.3204623320534417
831	3.3204623320534417
832	3.3204623320534417
833	36.363263019115855
834	36.363263019115855
835	36.363263019115855
836	36.363263019115855
837	36.363263019115855
838	36.8
839	36.8
840	36.8
841	36.8
842	36.8
843	14.338267733412154
844	14.338267733412154
845	14.338267733412154
846	15.684756559933271
847	15.684756559933271
848	15.684756559933271
849	15.684756559933271
850	15.684756559933271
851	31.95713121928904
852	31.95713121928904
853	31.95713121928904
854	31.95713121928904
855	31.95713121928904
856	25.586914038807727
857	25.586914038807727
858	25.586914038807727
859	25.586914038807727
860	25.586914038807727
861	36.8
862	36.8
863	36.8
864	36.8
865	36.8
866	19.125198282027362
867	19.125198282027362
868	19.125198282027362
869	19.125198282027362
870	19.125198282027362
871	29.320415948616347
872	29.320415948616347
873	29.320415948616347
874	29.320415948616347
875	29.320415948616347
876	36.8
877	36.8
878	36.8
879	36.8
880	36.8
881	16.731847014616974
882	16.731847014616974
883	16.731847014616974
884	16.731847014616974
885	16.731847014616974
886	11.356344864655956
887	11.356344864655956
888	11.356344864655956
889	11.356344864655956
890	11.356344864655956
891	19.52733056036366
892	19.52733056036366
893	19.52733056036366
894	19.52733056036366
895	19.52733056036366
896	15.12165511558911
897	15.12165511558911
898	15.12165511558911
899	15.12165511558911
900	15.12165511558911
901	17.74301011344844
902	17.74301011344844
903	17.74301011344844
904	17.74301011344844
905	17.74301011344844
906	28.740097107478224
907	28.740097107478224
908	28.740097107478224
909	28.740097107478224
910	28.740097107478224
911	26.79952067505565
912	26.79952067505565
913	26.79952067505565
914	26.79952067505565
915	26.79952067505565
916	23.285696020602312
917	23.285696020602312
918	23.285696020602312
919	23.285696020602312
920	23.285696020602312
921	36.8
922	36.8
923	36.8
924	36.8
925	36.8
926	36.8
927	36.8
928	36.8
929	36.8
930	36.8
931	15.888485166067172
932	15.888485166067172
933	15.888485166067172
934	15.888485166067172
935	15.888485166067172
936	32.12039993966238
937	32.12039993966238
938	32.12039993966238
939	32.12039993966238
940	32.12039993966238
941	10.887465274165097
942	10.887465274165097
943	10.887465274165097
944	10.887465274165097
945	10.887465274165097
946	32.31731023219869
947	32.31731023219869
948	32.31731023219869
949	32.31731023219869
950	32.31731023219869
951	8.211908584246363
952	8.211908584246363
953	8.211908584246363
954	8.211908584246363
955	8.211908584246363
956	36.8
957	36.8
958	36.8
959	36.8
960	36.8
961	27.61244070626623
962	27.61244070626623
963	27.61244070626623
964	27.61244070626623
965	27.61244070626623
966	28.69203117726984
967	28.69203117726984
968	28.69203117726984
969	28.69203117726984
970	28.69203117726984
971	36.8
972	36.8
973	36.8
974	36.8
975	36.8
976	24.58787325326694
977	24.58787325326694
978	24.58787325326694
979	24.58787325326694
980	24.58787325326694
981	30.089442682036
982	30.089442682036
983	30.089442682036
984	30.089442682036
985	30.089442682036
986	36.8
987	36.8
988	36.8
989	36.8
990	36.8
991	18.368959604707104
992	18.368959604707104
993	18.368959604707104
994	18.368959604707104
995	18.368959604707104
996	9.242096595494438
997	9.242096595494438
998	9.242096595494438
999	9.242096595494438
1000	9.242096595494438
1001	0.1
1002	0.1
1003	0.1
1004	0.1
1005	0.1
1006	36.082876219732384
1007	36.082876219732384
1008	36.082876219732384
1009	36.082876219732384
1010	36.082876219732384
1011	35.387110551508634
1012	35.387110551508634
1013	35.387110551508634
1014	35.387110551508634
1015	35.387110551508634
1016	14.184203824708769
1017	14.184203824708769
1018	14.184203824708769
1019	14.184203824708769
1020	14.184203824708769
1021	36.269751205498565
1022	36.269751205498565
1023	36.269751205498565
1024	36.269751205498565
1025	36.269751205498565
1026	36.8
1027	36.8
1028	36.8
1029	36.8
1030	36.8
1031	25.073876957197676
1032	25.073876957197676
1033	25.073876957197676
1034	25.073876957197676
1035	25.073876957197676
1036	0.1
1037	0.1
1038	0.1
1039	0.1
1040	0.1
1041	36.8
1042	36.8
1043	36.8
1044	36.8
1045	36.8
1046	25.78042118660391
1047	25.78042118660391
1048	25.78042118660391
1049	25.78042118660391
1050	25.78042118660391
1051	35.754384500799716
1052	35.754384500799716
1053	35.754384500799716
1054	35.754384500799716
1055	35.754384500799716
1056	24.811990691472136
1057	24.811990691472136
1058	24.811990691472136
1059	24.811990691472136
1060	24.811990691472136
1061	35.50405079711929
1062	35.50405079711929
1063	35.50405079711929
1064	35.50405079711929
1065	35.50405079711929
1066	28.648904002970042
1067	28.648904002970042
1068	28.648904002970042
1069	28.648904002970042
1070	28.648904002970042
1071	9.965759124145197
1072	9.965759124145197
1073	9.965759124145197
1074	9.965759124145197
1075	9.965759124145197
1076	30.58337577748147
1077	30.58337577748147
1078	30.58337577748147
1079	30.58337577748147
1080	30.58337577748147
1081	32.84604120014306
1082	32.84604120014306
1083	32.84604120014306
1084	32.84604120014306
1085	32.84604120014306
1086	0.1
1087	0.1
1088	0.1
1089	0.1
1090	0.1
1091	10.049227787997157
1092	10.049227787997157
1093	10.049227787997157
1094	10.049227787997157
1095	10.049227787997157
1096	36.8
1097	36.8
1098	36.8
1099	36.8
1100	36.8
1101	36.8
1102	36.8
1103	36.8
1104	36.8
1105	36.8
1106	36.8
1107	36.8
1108	36.8
1109	36.8
1110	36.8
1111	24.707982519223787
1112	24.707982519223787
1113	24.707982519223787
1114	24.707982519223787
1115	24.707982519223787
1116	36.8
1117	36.8
1118	36.8
1119	36.8
1120	36.8
1121	36.8
1122	36.8
1123	36.8
1124	36.8
1125	36.8
1126	36.8
1127	36.8
1128	36.8
1129	36.8
1130	36.8
1131	0.1
1132	0.1
1133	0.1
1134	0.1
1135	0.1
1136	8.110660647688809
1137	8.110660647688809
1138	8.110660647688809
1139	8.110660647688809
1140	8.110660647688809
1141	35.66084793147003
1142	35.66084793147003
1143	35.66084793147003
1144	35.66084793147003
1145	35.66084793147003
1146	36.8
1147	36.8
1148	36.8
1149	36.8
1150	36.8
1151	36.8
1152	36.8
1153	36.8
1154	36.8
1155	36.8
1156	16.651164691964055
1157	16.651164691964055
1158	16.651164691964055
1159	16.651164691964055
1160	16.651164691964055
1161	35.08692119859094
1162	35.08692119859094
1163	35.08692119859094
1164	35.08692119859094
1165	35.08692119859094
1166	19.01801368161082
1167	19.01801368161082
1168	19.01801368161082
1169	19.01801368161082
1170	19.01801368161082
1171	9.943326503238158
1172	9.943326503238158
1173	9.943326503238158
1174	9.943326503238158
1175	9.943326503238158
1176	28.051524453787202
1177	28.051524453787202
1178	28.051524453787202
1179	28.051524453787202
1180	28.051524453787202
1181	17.176430082042074
1182	17.176430082042074
1183	17.176430082042074
1184	17.176430082042074
1185	17.176430082042074
1186	29.950438462748153
1187	29.950438462748153
1188	29.950438462748153
1189	29.950438462748153
1190	29.950438462748153
1191	16.37470195273975
1192	16.37470195273975
1193	16.37470195273975
1194	16.37470195273975
1195	16.37470195273975
1196	20.818115560293794
1197	20.818115560293794
1198	20.818115560293794
1199	20.818115560293794
1200	20.818115560293794
1201	24.275244476530276
1202	24.275244476530276
1203	24.275244476530276
1204	24.275244476530276
1205	24.275244476530276
1206	20.217708419882815
1207	20.217708419882815
1208	20.217708419882815
1209	20.217708419882815
1210	20.217708419882815
1211	28.11985093857159
1212	28.11985093857159
1213	28.11985093857159
1214	28.11985093857159
1215	28.11985093857159
1216	27.36828576840764
1217	27.36828576840764
1218	27.36828576840764
1219	27.36828576840764
1220	27.36828576840764
1221	14.650246685071167
1222	14.650246685071167
1223	14.650246685071167
1224	14.650246685071167
1225	14.650246685071167
1226	10.624943076167613
1227	10.624943076167613
1228	10.624943076167613
1229	10.624943076167613
1230	10.624943076167613
1231	20.03058209106726
1232	20.03058209106726
1233	20.03058209106726
1234	20.03058209106726
1235	20.03058209106726
1236	2.083836645581542
1237	2.083836645581542
1238	2.083836645581542
1239	2.083836645581542
1240	2.083836645581542
1241	29.549216977110106
1242	29.549216977110106
1243	29.549216977110106
1244	29.549216977110106
1245	29.549216977110106
1246	6.9336235961350585
1247	6.9336235961350585
1248	6.9336235961350585
1249	6.9336235961350585
1250	6.9336235961350585
1251	23.07645027035939
1252	23.07645027035939
1253	23.07645027035939
1254	23.07645027035939
1255	23.07645027035939
1256	10.840162289860396
1257	10.840162289860396
1258	10.840162289860396
1259	10.840162289860396
1260	10.840162289860396
1261	24.202920489498748
1262	24.202920489498748
1263	24.202920489498748
1264	24.202920489498748
1265	24.202920489498748
1266	10.694032968641602
1267	10.694032968641602
1268	10.694032968641602
1269	10.694032968641602
1270	10.694032968641602
1271	18.837957215097802
1272	18.837957215097802
1273	18.837957215097802
1274	18.837957215097802
1275	18.837957215097802
1276	5.454804303104812
1277	5.454804303104812
1278	5.454804303104812
1279	5.454804303104812
1280	5.454804303104812
1281	34.44599387564158
1282	34.44599387564158
1283	34.44599387564158
1284	34.44599387564158
1285	34.44599387564158
1286	22.152039283442768
1287	22.152039283442768
1288	22.152039283442768
1289	22.152039283442768
1290	22.152039283442768
1291	15.194776011192294
1292	15.194776011192294
1293	15.194776011192294
1294	15.194776011192294
1295	15.194776011192294
1296	11.674428526180936
1297	11.674428526180936
1298	11.674428526180936
1299	11.674428526180936
1300	27.66109104886491
1301	27.66109104886491
1302	27.66109104886491
1303	27.66109104886491
1304	27.66109104886491
1305	36.8
1306	36.8
1307	36.8
1308	36.8
1309	36.8
1310	10.308562721437015
1311	10.308562721437015
1312	10.308562721437015
1313	10.308562721437015
1314	10.308562721437015
1315	36.8
1316	36.8
1317	36.8
1318	36.8
1319	36.8
1320	35.434091434688
1321	35.434091434688
1322	35.434091434688
1323	35.434091434688
1324	35.434091434688
1325	30.396152534674613
1326	30.396152534674613
1327	30.396152534674613
1328	30.396152534674613
1329	30.396152534674613
1330	36.0715094609925
1331	36.0715094609925
1332	36.0715094609925
1333	36.0715094609925
1334	36.0715094609925
1335	18.78193512966392
1336	18.78193512966392
1337	18.78193512966392
1338	18.78193512966392
1339	18.78193512966392
1340	36.8
1341	36.8
1342	36.8
1343	36.8
1344	36.8
1345	5.182023917803804
1346	5.182023917803804
1347	5.182023917803804
1348	5.182023917803804
1349	5.182023917803804
1350	27.740440247928507
1351	27.740440247928507
1352	27.740440247928507
1353	27.740440247928507
1354	27.740440247928507
1355	0.1
1356	0.1
1357	0.1
1358	0.1
1359	0.1
1360	24.30229768828501
1361	24.30229768828501
1362	24.30229768828501
1363	24.30229768828501
1364	24.30229768828501
1365	31.697797175870107
1366	31.697797175870107
1367	31.697797175870107
1368	31.697797175870107
1369	31.697797175870107
1370	21.853667192463742
1371	21.853667192463742
1372	21.853667192463742
1373	21.853667192463742
1374	21.853667192463742
1375	23.422529201528903
1376	23.422529201528903
1377	23.422529201528903
1378	23.422529201528903
1379	23.422529201528903
1380	36.8
1381	36.8
1382	36.8
1383	36.8
1384	36.8
1385	1.558700111826326
1386	1.558700111826326
1387	1.558700111826326
1388	1.558700111826326
1389	1.558700111826326
1390	16.735298602727433
1391	16.735298602727433
1392	16.735298602727433
1393	16.735298602727433
1394	16.735298602727433
1395	17.401106211637288
1396	17.401106211637288
1397	17.401106211637288
1398	17.401106211637288
1399	17.401106211637288
1400	21.269283211062167
1401	36.8
1402	36.8
1403	36.8
1404	36.8
1405	36.8
1406	36.8
1407	36.8
1408	36.8
1409	36.8
1410	36.8
1411	33.22172376410139
1412	33.22172376410139
1413	33.22172376410139
1414	33.22172376410139
1415	33.22172376410139
1416	36.8
1417	36.8
1418	36.8
1419	36.8
1420	36.8
1421	34.999530777644715
1422	34.999530777644715
1423	34.999530777644715
1424	34.999530777644715
1425	34.999530777644715
1426	23.353918319762727
1427	23.353918319762727
1428	23.353918319762727
1429	23.353918319762727
1430	23.353918319762727
1431	36.8
1432	36.8
1433	36.8
1434	36.8
1435	36.8
1436	36.8
1437	36.8
1438	36.8
1439	36.8
1440	36.8
1441	0.1
1442	0.1
1443	0.1
1444	0.1
1445	0.1
1446	8.721848841136516
1447	8.721848841136516
1448	8.721848841136516
1449	8.721848841136516
1450	8.721848841136516
1451	36.8
1452	36.8
1453	36.8
1454	36.8
1455	36.8
1456	13.636456720075984
1457	13.636456720075984
1458	13.636456720075984
1459	13.636456720075984
1460	13.636456720075984
1461	36.8
1462	36.8
1463	36.8
1464	36.8
1465	36.8
1466	17.921916161126205
1467	17.921916161126205
1468	17.921916161126205
1469	17.921916161126205
1470	17.921916161126205
1471	23.41348303023576
1472	23.41348303023576
1473	23.41348303023576
1474	23.41348303023576
1475	23.41348303023576
1476	29.51570852705597
1477	29.51570852705597
1478	29.51570852705597
1479	29.51570852705597
1480	29.51570852705597
1481	36.8
1482	36.8
1483	36.8
1484	36.8
1485	36.8
1486	36.8
1487	36.8
1488	36.8
1489	36.8
1490	36.8
1491	36.8
1492	36.8
1493	36.8
1494	36.8
1495	36.8
1496	31.847578996694487
1497	31.847578996694487
1498	31.847578996694487
1499	31.847578996694487
1500	31.847578996694487
1501	36.8
1502	36.8
1503	36.8
1504	36.8
1505	36.8
1506	27.22626425379925
1507	27.22626425379925
1508	27.22626425379925
1509	27.22626425379925
1510	27.22626425379925
1511	22.5914978664724
1512	22.5914978664724
1513	22.5914978664724
1514	22.5914978664724
1515	22.5914978664724
1516	36.8
1517	36.8
1518	36.8
1519	36.8
1520	36.8
1521	9.288277439166059
1522	9.288277439166059
1523	9.288277439166059
1524	9.288277439166059
1525	9.288277439166059
1526	31.252155360647496
1527	31.252155360647496
1528	31.252155360647496
1529	31.252155360647496
1530	31.252155360647496
1531	19.683582961163452
1532	19.683582961163452
1533	19.683582961163452
1534	17.49314413683548
1535	17.49314413683548
1536	17.49314413683548
1537	17.49314413683548
1538	17.49314413683548
1539	36.296612501703464
1540	36.296612501703464
1541	36.296612501703464
1542	36.296612501703464
1543	36.296612501703464
1544	36.8
1545	36.8
1546	36.8
1547	36.8
1548	36.8
1549	6.3721606049225095
1550	6.3721606049225095
1551	6.3721606049225095
1552	6.3721606049225095
1553	6.3721606049225095
1554	36.8
1555	36.8
1556	36.8
1557	36.8
1558	36.8
1559	36.8
1560	36.8
1561	36.8
1562	36.8
1563	36.8
1564	25.024879102104638
1565	25.024879102104638
1566	25.024879102104638
1567	25.024879102104638
1568	25.024879102104638
1569	36.8
1570	36.8
1571	36.8
1572	36.8
1573	36.8
1574	36.8
1575	36.8
1576	36.8
1577	36.8
1578	36.8
1579	23.51458262848879
1580	23.51458262848879
1581	23.51458262848879
1582	23.51458262848879
1583	23.51458262848879
1584	36.8
1585	36.8
1586	36.8
1587	36.8
1588	36.8
1589	16.70074358079228
1590	16.70074358079228
1591	16.70074358079228
1592	16.70074358079228
1593	16.70074358079228
1594	36.8
1595	36.8
1596	36.8
1597	36.8
1598	16.23301308941361
1599	16.23301308941361
1600	16.23301308941361
1601	16.23301308941361
1602	0.1
1603	0.1
1604	0.1
1605	0.1
1606	0.1
1607	19.650443701896272
1608	19.650443701896272
1609	19.650443701896272
1610	19.650443701896272
1611	19.650443701896272
1612	36.8
1613	36.8
1614	36.8
1615	36.8
1616	36.8
1617	36.8
1618	36.8
1619	36.8
1620	36.8
1621	36.8
1622	20.150440291231913
1623	20.150440291231913
1624	20.150440291231913
1625	20.150440291231913
1626	20.150440291231913
1627	33.6337152383355
1628	33.6337152383355
1629	33.6337152383355
1630	33.6337152383355
1631	33.6337152383355
1632	29.04899138530957
1633	29.04899138530957
1634	29.04899138530957
1635	29.04899138530957
1636	29.04899138530957
1637	9.23198550126749
1638	9.23198550126749
1639	9.23198550126749
1640	9.23198550126749
1641	9.23198550126749
1642	36.52146235406617
1643	36.52146235406617
1644	36.52146235406617
1645	36.52146235406617
1646	36.52146235406617
1647	10.918700751576221
1648	10.918700751576221
1649	10.918700751576221
1650	10.918700751576221
1651	10.918700751576221
1652	26.491195502674074
1653	26.491195502674074
1654	26.491195502674074
1655	26.491195502674074
1656	26.491195502674074
1657	36.8
1658	36.8
1659	36.8
1660	36.8
1661	36.8
1662	17.62281806342054
1663	17.62281806342054
1664	17.62281806342054
1665	17.62281806342054
1666	17.62281806342054
1667	29.854188442719177
1668	29.854188442719177
1669	29.854188442719177
1670	29.854188442719177
1671	29.854188442719177
1672	8.156635088788434
1673	8.156635088788434
1674	8.156635088788434
1675	8.156635088788434
1676	8.156635088788434
1677	36.8
1678	36.8
