0	4.495496014724958
1	4.495496014724958
2	4.495496014724958
3	4.495496014724958
4	2.720557970731231
5	2.720557970731231
6	2.720557970731231
7	2.720557970731231
8	10.8
9	10.8
10	10.8
11	10.8
12	10.8
13	10.8
14	10.8
15	10.8
16	9.740435381256418
17	9.740435381256418
18	9.740435381256418
19	9.740435381256418
20	7.589069930505048
21	7.589069930505048
22	7.589069930505048
23	7.589069930505048
24	10.480248416876991
25	10.480248416876991
26	10.480248416876991
27	10.480248416876991
28	10.8
29	10.8
30	10.8
31	10.8
32	10.8
33	10.8
34	10.8
35	10.8
36	5.63562795418436
37	5.63562795418436
38	5.63562795418436
39	5.63562795418436
40	10.8
41	10.8
42	10.8
43	10.8
44	9.754724845089063
45	9.754724845089063
46	9.754724845089063
47	9.754724845089063
48	10.8
49	10.8
50	10.8
51	10.8
52	10.8
53	10.8
54	10.8
55	10.8
56	4.593523540402115
57	4.593523540402115
58	4.593523540402115
59	4.593523540402115
60	10.8
61	10.8
62	10.8
63	10.8
64	10.8
65	10.8
66	10.8
67	10.8
68	3.216798054876792
69	3.216798054876792
70	3.216798054876792
71	3.216798054876792
72	10.8
73	10.8
74	10.8
75	10.8
76	4.20740748046687
77	4.20740748046687
78	4.20740748046687
79	4.20740748046687
80	4.7684013088607395
81	4.7684013088607395
82	4.7684013088607395
83	4.7684013088607395
84	6.767081784922871
85	6.767081784922871
86	6.767081784922871
87	6.767081784922871
88	8.349183919759996
89	8.349183919759996
90	10.8
91	10.8
92	10.8
93	10.8
94	4.520426706923211
95	4.520426706923211
96	4.520426706923211
97	4.520426706923211
98	1.6032197773001293
99	1.6032197773001293
100	1.6032197773001293
101	1.6032197773001293
102	5.82372613169577
103	5.82372613169577
104	5.82372613169577
105	5.82372613169577
106	9.78584182955881
107	9.78584182955881
108	9.78584182955881
109	9.78584182955881
110	7.438043801321107
111	7.438043801321107
112	7.438043801321107
113	7.438043801321107
114	10.8
115	10.8
116	10.8
117	10.8
118	10.8
119	10.8
120	10.8
121	10.8
122	5.750573748334895
123	5.750573748334895
124	5.750573748334895
125	5.750573748334895
126	10.8
127	10.8
128	10.8
129	10.8
130	10.8
131	10.8
132	10.8
133	10.8
134	10.8
135	10.8
136	10.8
137	10.8
138	10.8
139	10.8
140	10.8
141	10.8
142	8.68649756913595
143	8.68649756913595
144	8.68649756913595
145	8.68649756913595
146	2.2084737557417755
147	2.2084737557417755
148	2.2084737557417755
149	2.2084737557417755
150	5.996519345313233
151	5.996519345313233
152	5.996519345313233
153	5.996519345313233
154	10.8
155	10.8
156	10.8
157	10.8
158	10.8
159	10.8
160	10.8
161	10.8
162	10.8
163	10.8
164	10.8
165	10.8
166	0.1
167	0.1
168	0.1
169	0.1
170	10.8
171	10.8
172	10.8
173	10.8
174	10.8
175	10.8
176	10.8
177	10.8
178	8.299326187302736
179	8.299326187302736
180	8.299326187302736
181	8.299326187302736
182	10.13730242653275
183	10.13730242653275
184	10.13730242653275
185	10.13730242653275
186	7.846383723796583
187	7.846383723796583
188	7.846383723796583
189	7.846383723796583
190	10.8
191	10.8
192	10.8
193	10.8
194	6.356736563801851
195	6.356736563801851
196	6.356736563801851
197	6.356736563801851
198	9.527779234010616
199	9.527779234010616
200	9.527779234010616
201	9.527779234010616
202	10.8
203	10.8
204	10.8
205	10.8
206	8.990777408685641
207	8.990777408685641
208	8.990777408685641
209	8.990777408685641
210	8.186479698463925
211	8.186479698463925
212	8.186479698463925
213	8.186479698463925
214	6.400250893549389
215	6.400250893549389
216	6.400250893549389
217	6.400250893549389
218	9.754175885469694
219	9.754175885469694
220	9.754175885469694
221	9.754175885469694
222	10.8
223	10.8
224	10.8
225	10.8
226	3.526669633473186
227	3.526669633473186
228	3.526669633473186
229	3.526669633473186
230	2.8975939179914656
231	2.8975939179914656
232	2.8975939179914656
233	2.8975939179914656
234	10.8
235	10.8
236	10.8
237	10.8
238	10.8
239	10.8
240	10.8
241	10.8
242	9.901070378395616
243	9.901070378395616
244	9.901070378395616
245	9.901070378395616
246	10.8
247	10.8
248	10.8
249	10.8
250	6.571319409085206
251	6.571319409085206
252	6.571319409085206
253	6.571319409085206
254	10.21407736684587
255	10.21407736684587
256	10.21407736684587
257	10.21407736684587
258	10.8
259	10.8
260	10.8
261	10.8
262	9.480897986064408
263	9.480897986064408
264	9.480897986064408
265	9.480897986064408
266	10.8
267	10.8
268	10.8
269	10.8
270	10.8
271	6.814870958412206
272	6.814870958412206
273	6.814870958412206
274	6.814870958412206
275	9.648613653591736
276	7.926166169912956
277	7.926166169912956
278	7.926166169912956
279	7.926166169912956
280	5.880816371187143
281	5.880816371187143
282	5.880816371187143
283	5.880816371187143
284	9.543840920304682
285	9.543840920304682
286	9.543840920304682
287	9.543840920304682
288	10.8
289	10.8
290	10.8
291	10.8
292	4.395881481269738
293	4.395881481269738
294	4.395881481269738
295	4.395881481269738
296	9.374511243788781
297	9.374511243788781
298	9.374511243788781
299	9.374511243788781
300	10.8
301	10.8
302	10.8
303	10.8
304	9.303371854810955
305	9.303371854810955
306	9.303371854810955
307	9.303371854810955
308	6.104165866004613
309	6.104165866004613
310	6.104165866004613
311	6.104165866004613
312	10.8
313	10.8
314	10.8
315	10.8
316	10.8
317	10.8
318	10.8
319	10.8
320	0.9048329589754474
321	0.9048329589754474
322	0.9048329589754474
323	0.9048329589754474
324	5.399739833031814
325	5.399739833031814
326	5.399739833031814
327	5.399739833031814
328	9.082934626719636
329	9.082934626719636
330	9.082934626719636
331	9.082934626719636
332	7.998233334967679
333	7.998233334967679
334	7.998233334967679
335	7.998233334967679
336	10.8
337	10.8
338	10.8
339	10.8
340	10.8
341	10.8
342	10.8
343	10.8
344	8.281023323210627
345	8.281023323210627
346	8.281023323210627
347	8.281023323210627
348	10.8
349	10.8
350	10.8
351	10.8
352	10.8
353	10.8
354	10.8
355	10.8
356	5.566551905160754
357	5.566551905160754
358	5.566551905160754
359	5.566551905160754
360	9.83954342521539
361	9.83954342521539
362	9.83954342521539
363	9.83954342521539
364	7.753349670313441
365	7.753349670313441
366	7.753349670313441
367	7.753349670313441
368	9.058831755450882
369	9.058831755450882
370	9.058831755450882
371	9.058831755450882
372	10.8
373	10.8
374	10.8
375	10.8
376	8.025757018532266
377	8.025757018532266
378	8.025757018532266
379	8.025757018532266
380	0.7876709736138476
381	0.7876709736138476
382	0.7876709736138476
383	0.7876709736138476
384	10.8
385	10.8
386	10.8
387	10.8
388	8.652787989076348
389	8.652787989076348
390	8.652787989076348
391	8.652787989076348
392	10.8
393	10.8
394	10.8
395	10.8
396	10.8
397	10.8
398	10.8
399	10.8
400	3.313930299715275
401	3.313930299715275
402	3.313930299715275
403	3.313930299715275
404	6.362603280384659
405	6.362603280384659
406	6.362603280384659
407	6.362603280384659
408	7.434202799883883
409	7.434202799883883
410	7.434202799883883
411	7.434202799883883
412	10.8
413	10.8
414	10.8
415	10.8
416	2.672868530065605
417	2.672868530065605
418	2.672868530065605
419	2.672868530065605
420	10.8
421	10.8
422	10.8
423	10.8
424	10.8
425	10.8
426	10.8
427	10.8
428	6.578954722358726
429	6.578954722358726
430	6.578954722358726
431	6.578954722358726
432	10.8
433	10.8
434	10.8
435	10.8
436	1.3706925953116862
437	1.3706925953116862
438	1.3706925953116862
439	1.3706925953116862
440	4.390477910644212
441	4.390477910644212
442	4.390477910644212
443	4.390477910644212
444	10.551947925301944
445	10.551947925301944
446	10.551947925301944
447	10.551947925301944
448	4.799871851548269
449	4.799871851548269
450	4.799871851548269
451	4.799871851548269
452	2.847798744609994
453	2.847798744609994
454	2.847798744609994
455	2.847798744609994
456	10.8
457	10.8
458	10.8
459	10.8
460	7.78705362612051
461	7.78705362612051
462	7.78705362612051
463	7.78705362612051
464	4.930757590856289
465	4.930757590856289
466	4.930757590856289
467	4.930757590856289
468	10.8
469	10.8
470	10.8
471	10.8
472	6.212395522911031
473	6.212395522911031
474	6.212395522911031
475	6.212395522911031
476	9.214580984513638
477	9.214580984513638
478	9.214580984513638
479	9.214580984513638
480	8.228297748660014
481	8.228297748660014
482	8.228297748660014
483	8.228297748660014
484	8.009211679932767
485	8.009211679932767
486	8.009211679932767
487	8.009211679932767
488	10.8
489	10.8
490	10.8
491	10.8
492	10.8
493	10.8
494	10.8
495	4.429830897319419
496	4.429830897319419
497	4.429830897319419
498	4.429830897319419
499	7.223553454380378
500	7.223553454380378
501	7.223553454380378
502	7.223553454380378
503	1.0121231612667927
504	1.0121231612667927
505	1.0121231612667927
506	1.0121231612667927
507	10.8
508	10.8
509	10.8
510	10.8
511	5.020466567880795
512	5.020466567880795
513	5.020466567880795
514	5.020466567880795
515	10.8
516	10.8
517	10.8
518	10.8
519	3.8222566998281726
520	3.8222566998281726
521	3.8222566998281726
522	3.8222566998281726
523	5.668085366830522
524	5.668085366830522
525	5.668085366830522
526	5.668085366830522
527	0.7041846015205486
528	0.7041846015205486
529	0.7041846015205486
530	0.7041846015205486
531	3.765046252966745
532	3.765046252966745
533	3.765046252966745
534	3.765046252966745
535	10.8
536	10.8
537	10.8
538	10.8
539	9.438699915407497
540	9.438699915407497
541	9.438699915407497
542	9.438699915407497
543	10.8
544	10.8
545	10.8
546	10.8
547	9.573435500594163
548	9.573435500594163
549	9.573435500594163
550	9.573435500594163
551	5.515360921780264
552	5.515360921780264
553	5.515360921780264
554	5.515360921780264
555	3.8968642031417025
556	3.8968642031417025
557	3.8968642031417025
558	3.8968642031417025
559	4.596320693376481
560	4.596320693376481
561	4.596320693376481
562	4.596320693376481
563	10.8
564	10.8
565	10.8
566	10.8
567	8.890221996778564
568	8.890221996778564
569	8.890221996778564
570	8.890221996778564
571	6.417632658650486
572	6.417632658650486
573	6.417632658650486
574	6.417632658650486
575	10.8
576	10.8
577	10.8
578	10.8
579	10.8
580	10.8
581	10.8
582	10.8
583	10.8
584	10.8
585	10.8
586	10.8
587	10.8
588	10.8
589	10.8
590	10.8
591	9.033531413312943
592	9.033531413312943
593	9.033531413312943
594	9.033531413312943
595	10.8
596	10.8
597	10.8
598	10.8
599	10.8
600	10.8
601	10.8
602	10.8
603	8.807665255480954
604	8.807665255480954
605	8.807665255480954
606	8.807665255480954
607	10.8
608	10.8
609	10.8
610	10.8
611	3.5906369129223954
612	3.5906369129223954
613	3.5906369129223954
614	3.5906369129223954
615	4.460373342108942
616	4.460373342108942
617	4.460373342108942
618	4.460373342108942
619	4.798926333190602
620	4.798926333190602
621	4.798926333190602
622	4.798926333190602
623	7.791385103451312
624	7.791385103451312
625	7.791385103451312
626	7.791385103451312
627	5.4783956918523335
628	5.4783956918523335
629	5.4783956918523335
630	5.4783956918523335
631	10.8
632	10.8
633	10.8
634	10.8
635	6.562427433788107
636	6.562427433788107
637	6.562427433788107
638	6.562427433788107
639	10.8
640	10.8
641	10.8
642	10.8
643	2.021905410876892
644	2.021905410876892
645	2.021905410876892
646	2.021905410876892
647	6.456686540506647
648	6.456686540506647
649	6.456686540506647
650	6.456686540506647
651	7.8954755859653325
652	7.8954755859653325
653	7.8954755859653325
654	7.8954755859653325
655	10.242758369926594
656	10.8
657	10.8
658	10.8
659	10.8
660	0.774161385215903
661	0.774161385215903
662	0.774161385215903
663	0.774161385215903
664	0.1
665	0.1
666	0.1
667	0.1
668	10.8
669	10.8
670	10.8
671	10.8
672	10.8
673	10.8
674	10.8
675	10.8
676	8.728974563846531
677	8.728974563846531
678	8.728974563846531
679	8.728974563846531
680	10.8
681	10.8
682	10.8
683	10.8
684	10.408944014809013
685	10.408944014809013
686	10.408944014809013
687	10.408944014809013
688	10.332102825380934
689	10.332102825380934
690	10.332102825380934
691	10.332102825380934
692	10.8
693	10.8
694	10.8
695	10.8
696	10.48883420182927
697	10.48883420182927
698	10.48883420182927
699	10.48883420182927
700	10.8
701	10.8
702	10.8
703	10.8
704	2.0641118744299805
705	2.0641118744299805
706	2.0641118744299805
707	2.0641118744299805
708	10.8
709	10.8
710	10.8
711	10.8
712	10.8
713	10.8
714	10.8
715	10.8
716	8.329272175215293
717	8.329272175215293
718	8.329272175215293
719	8.329272175215293
720	7.517513627905849
721	7.517513627905849
722	7.517513627905849
723	7.517513627905849
724	7.625419199212493
725	7.625419199212493
726	7.625419199212493
727	7.625419199212493
728	0.1
729	0.1
730	0.1
731	0.1
732	9.347606313205958
733	9.347606313205958
734	9.347606313205958
735	9.347606313205958
736	10.45714901824989
737	10.45714901824989
738	10.45714901824989
739	10.45714901824989
740	10.8
741	10.8
742	10.8
743	10.8
744	10.8
745	10.8
746	10.8
747	10.8
748	0.1
749	0.1
750	0.1
751	0.1
752	10.8
753	10.8
754	10.8
755	10.8
756	10.66826842398307
757	10.66826842398307
758	10.66826842398307
759	10.66826842398307
760	9.88813983289664
761	9.88813983289664
762	9.88813983289664
763	9.88813983289664
764	10.323265466544882
765	10.323265466544882
766	10.323265466544882
767	10.323265466544882
768	10.368302879710546
769	10.368302879710546
770	10.368302879710546
771	10.368302879710546
772	8.143090194374166
773	8.143090194374166
774	8.143090194374166
775	8.143090194374166
776	10.178243530289155
777	10.178243530289155
778	10.178243530289155
779	10.178243530289155
780	10.8
781	10.8
782	10.8
783	10.8
784	10.8
785	10.8
786	10.8
787	10.8
788	10.8
789	10.8
790	10.8
791	10.8
792	9.485065059242572
793	9.485065059242572
794	9.485065059242572
795	9.485065059242572
796	10.8
797	10.8
798	10.8
799	10.8
800	10.8
801	10.8
802	10.8
803	10.8
804	10.8
805	10.8
806	10.8
807	10.8
808	2.5504573446429344
809	2.5504573446429344
810	2.5504573446429344
811	2.5504573446429344
812	10.8
813	10.8
814	10.8
815	10.8
816	10.8
817	10.8
818	10.8
819	10.8
820	4.254119440164008
821	4.254119440164008
822	4.254119440164008
823	4.254119440164008
824	8.285150291368243
825	8.285150291368243
826	8.285150291368243
827	8.285150291368243
828	7.0100287903131715
829	7.0100287903131715
830	7.0100287903131715
831	7.0100287903131715
832	10.8
833	10.8
834	10.8
835	10.8
836	7.111951212273074
837	7.111951212273074
838	7.111951212273074
839	7.111951212273074
840	10.8
841	10.8
842	10.8
843	10.8
844	10.671591870696892
845	10.671591870696892
846	10.671591870696892
847	10.671591870696892
848	10.8
849	10.8
850	10.8
851	10.8
852	10.8
853	10.8
854	10.8
855	10.8
856	4.317410869249667
857	4.317410869249667
858	4.317410869249667
859	4.317410869249667
860	10.8
861	10.8
862	10.8
863	10.8
864	10.8
865	10.8
866	10.8
867	10.8
868	4.100295457310704
869	4.100295457310704
870	4.100295457310704
871	4.100295457310704
872	3.294290519204467
873	3.294290519204467
874	3.294290519204467
875	3.294290519204467
876	10.8
877	10.8
878	10.8
879	10.8
880	10.201119231663283
881	10.201119231663283
882	10.201119231663283
883	10.201119231663283
884	2.2672417638780527
885	2.2672417638780527
886	2.2672417638780527
887	2.2672417638780527
888	10.8
889	10.8
890	10.8
891	10.8
892	1.911238203798188
893	1.911238203798188
894	1.911238203798188
895	1.911238203798188
896	10.111623588531206
897	10.111623588531206
898	10.111623588531206
899	10.111623588531206
900	10.8
901	10.8
902	10.8
903	10.8
904	5.808598354816755
905	5.808598354816755
906	5.808598354816755
907	5.808598354816755
908	10.8
909	10.8
910	10.8
911	10.8
912	10.8
913	10.8
914	10.8
915	10.8
916	9.56981997987593
917	9.56981997987593
918	9.56981997987593
919	9.56981997987593
920	10.8
921	10.8
922	10.8
923	10.8
924	10.8
925	10.8
926	10.8
927	10.8
928	10.8
929	10.8
930	10.8
931	10.8
932	10.8
933	10.8
934	10.8
935	10.8
936	10.8
937	10.8
938	10.8
939	10.8
940	10.8
941	10.8
942	10.8
943	10.8
944	10.8
945	10.8
946	10.8
947	10.8
948	10.8
949	10.8
950	10.8
951	10.8
952	8.393208951670973
953	8.393208951670973
954	8.393208951670973
955	8.393208951670973
956	8.035062790517149
957	8.035062790517149
958	8.035062790517149
959	8.035062790517149
960	9.763459252100624
961	9.763459252100624
962	9.763459252100624
963	9.763459252100624
964	5.284795305677536
965	5.284795305677536
966	5.284795305677536
967	10.22844868578056
968	10.22844868578056
969	10.22844868578056
970	10.22844868578056
971	10.8
972	10.8
973	10.8
974	10.8
975	9.760714859450998
976	9.760714859450998
977	9.760714859450998
978	9.760714859450998
979	2.297234303300754
980	2.297234303300754
981	2.297234303300754
982	2.297234303300754
983	6.481083531488492
984	6.481083531488492
985	6.481083531488492
986	6.481083531488492
987	10.8
988	10.8
989	10.8
990	10.8
991	10.8
992	10.8
993	10.8
994	10.8
995	5.009606787234186
996	5.009606787234186
997	5.009606787234186
998	5.009606787234186
999	10.420433571111634
1000	10.420433571111634
1001	10.420433571111634
1002	10.420433571111634
1003	10.8
1004	10.8
1005	10.8
1006	10.8
1007	9.938706712928607
1008	9.938706712928607
1009	9.938706712928607
1010	9.938706712928607
1011	10.8
1012	10.8
1013	10.8
1014	10.8
1015	10.8
1016	10.8
1017	10.8
1018	10.8
1019	5.825995191397905
1020	5.825995191397905
1021	5.825995191397905
1022	5.825995191397905
1023	9.227056779633077
1024	9.227056779633077
1025	9.227056779633077
1026	9.227056779633077
1027	10.8
1028	10.8
1029	10.8
1030	10.8
1031	10.8
1032	10.8
1033	10.8
1034	10.8
1035	7.074224811898954
1036	7.074224811898954
1037	7.074224811898954
1038	7.074224811898954
1039	1.9367582840070945
1040	1.9367582840070945
1041	1.9367582840070945
1042	1.9367582840070945
1043	0.8055425055456222
1044	0.8055425055456222
1045	0.8055425055456222
1046	0.8055425055456222
1047	10.8
1048	10.8
1049	10.8
1050	10.8
1051	8.794899330053994
1052	8.794899330053994
1053	8.794899330053994
1054	8.794899330053994
1055	5.662727249599899
1056	5.662727249599899
1057	5.662727249599899
1058	5.662727249599899
1059	10.8
1060	10.8
1061	10.8
1062	10.8
1063	6.267638256987002
1064	6.267638256987002
1065	6.267638256987002
1066	6.267638256987002
1067	10.8
1068	10.8
1069	10.8
1070	10.8
1071	8.030997683802974
1072	8.030997683802974
1073	8.030997683802974
1074	8.030997683802974
1075	7.4052710636801855
1076	7.4052710636801855
1077	7.4052710636801855
1078	7.4052710636801855
1079	10.246090738977694
1080	10.246090738977694
1081	10.246090738977694
1082	10.246090738977694
1083	0.7236982000695082
1084	0.7236982000695082
1085	0.7236982000695082
1086	0.7236982000695082
1087	2.518926148137596
1088	2.518926148137596
1089	2.518926148137596
1090	2.518926148137596
1091	10.8
1092	10.8
1093	10.8
1094	10.8
1095	10.100921810558976
1096	10.100921810558976
1097	10.100921810558976
1098	10.100921810558976
1099	10.8
1100	10.8
1101	10.8
1102	10.8
1103	10.8
1104	10.8
1105	10.8
1106	10.8
1107	9.21188957293982
1108	9.21188957293982
1109	9.21188957293982
1110	9.21188957293982
1111	8.095707267869901
1112	8.095707267869901
1113	8.095707267869901
1114	8.095707267869901
1115	10.8
1116	10.8
1117	10.8
1118	10.8
1119	10.8
1120	10.8
1121	10.8
1122	10.8
1123	10.8
1124	10.8
1125	10.8
1126	10.8
1127	0.1
1128	0.1
1129	0.1
1130	0.1
1131	10.596495725078418
1132	10.596495725078418
1133	10.596495725078418
1134	10.596495725078418
1135	6.18371625352694
1136	6.18371625352694
1137	6.18371625352694
1138	6.18371625352694
1139	10.8
1140	10.8
1141	10.8
1142	10.8
1143	10.8
1144	10.8
1145	10.8
1146	10.8
1147	0.1
1148	0.1
1149	0.1
1150	0.1
1151	10.8
1152	10.8
1153	10.8
1154	10.8
1155	10.8
1156	10.8
1157	10.8
1158	10.8
1159	10.312679646492278
1160	10.312679646492278
1161	10.312679646492278
1162	10.8
1163	10.8
1164	10.8
1165	10.8
1166	2.6040016819889766
1167	2.6040016819889766
1168	2.6040016819889766
1169	2.6040016819889766
1170	10.8
1171	10.8
1172	10.8
1173	10.8
1174	10.8
1175	10.8
1176	10.8
1177	10.8
1178	0.1
1179	0.1
1180	0.1
1181	0.1
1182	3.632756744840022
1183	3.632756744840022
1184	3.632756744840022
1185	3.632756744840022
1186	4.438588635519587
1187	4.438588635519587
1188	4.438588635519587
1189	4.438588635519587
1190	10.230664212227737
1191	10.230664212227737
1192	10.230664212227737
1193	10.230664212227737
1194	5.282577797368071
1195	5.282577797368071
1196	5.282577797368071
1197	5.282577797368071
1198	10.8
1199	10.8
1200	10.8
1201	10.8
1202	0.1
1203	0.1
1204	0.1
1205	0.1
1206	10.8
1207	10.8
1208	10.8
1209	10.8
1210	4.679194438487783
1211	4.679194438487783
1212	4.679194438487783
1213	4.679194438487783
1214	6.632220975623118
1215	6.632220975623118
1216	6.632220975623118
1217	6.632220975623118
1218	10.8
1219	10.8
1220	10.8
1221	10.8
1222	10.8
1223	10.8
1224	10.8
1225	10.8
1226	0.810729714016647
1227	0.810729714016647
1228	0.810729714016647
1229	0.810729714016647
1230	10.753324938671673
1231	10.753324938671673
1232	10.753324938671673
1233	10.753324938671673
1234	2.9506732605818
1235	2.9506732605818
1236	2.9506732605818
1237	2.9506732605818
1238	10.8
1239	10.8
1240	10.8
1241	10.8
1242	10.8
1243	10.8
1244	10.8
1245	10.8
1246	5.042981233054009
1247	5.042981233054009
1248	5.042981233054009
1249	5.042981233054009
1250	3.2182958551318563
1251	3.2182958551318563
1252	3.2182958551318563
1253	3.2182958551318563
1254	10.8
1255	10.8
1256	10.8
1257	10.8
1258	4.078906748875672
1259	4.078906748875672
1260	4.078906748875672
1261	4.078906748875672
1262	10.8
1263	10.8
1264	10.8
1265	10.8
1266	0.1
1267	0.1
1268	0.1
1269	0.1
1270	8.98302846226971
1271	8.98302846226971
1272	8.98302846226971
1273	8.98302846226971
1274	10.8
1275	10.8
1276	10.8
1277	10.8
1278	10.8
1279	10.8
1280	10.8
1281	10.8
1282	0.2515893716999731
1283	0.2515893716999731
1284	0.2515893716999731
1285	0.2515893716999731
1286	2.329738143851232
1287	2.329738143851232
1288	2.329738143851232
1289	2.329738143851232
1290	1.4290527684282726
1291	1.4290527684282726
1292	1.4290527684282726
1293	1.4290527684282726
1294	10.8
1295	10.8
1296	10.8
1297	10.8
1298	10.8
1299	10.8
1300	10.8
1301	10.8
1302	8.912524956897393
1303	8.912524956897393
1304	8.912524956897393
1305	8.912524956897393
1306	5.031963452548755
1307	5.031963452548755
1308	5.031963452548755
1309	5.031963452548755
1310	5.726662051435609
1311	5.726662051435609
1312	5.726662051435609
1313	5.726662051435609
1314	7.170218694983207
1315	7.170218694983207
1316	7.170218694983207
1317	7.170218694983207
1318	10.216897758066839
1319	10.216897758066839
1320	10.216897758066839
1321	10.216897758066839
1322	10.8
1323	10.8
1324	10.8
1325	10.8
1326	10.8
1327	10.8
1328	10.8
1329	10.8
1330	10.8
1331	10.8
1332	10.8
1333	10.8
1334	10.8
1335	10.8
1336	10.8
1337	10.8
1338	10.772387041508193
1339	10.772387041508193
1340	10.772387041508193
1341	10.772387041508193
1342	10.8
1343	10.8
1344	10.8
1345	10.8
1346	0.1
1347	0.1
1348	0.1
1349	0.1
1350	10.8
1351	10.8
1352	10.8
1353	10.8
1354	10.8
1355	10.8
1356	10.8
1357	10.8
1358	5.625634882605057
1359	5.625634882605057
1360	5.625634882605057
1361	5.625634882605057
1362	5.351355584279549
1363	5.351355584279549
1364	5.351355584279549
1365	5.351355584279549
1366	10.8
1367	10.8
1368	10.8
1369	10.8
1370	10.8
1371	10.8
1372	10.8
1373	10.8
1374	10.8
1375	10.8
1376	10.8
1377	10.8
1378	6.227669719794904
1379	6.227669719794904
1380	6.227669719794904
1381	6.227669719794904
1382	10.8
1383	10.8
1384	10.8
1385	10.8
1386	10.8
1387	10.8
1388	10.8
1389	10.8
1390	10.8
1391	10.8
1392	10.8
1393	10.8
1394	9.339473111497242
1395	9.339473111497242
1396	9.339473111497242
1397	9.339473111497242
1398	5.1555705511960825
1399	5.1555705511960825
1400	5.1555705511960825
1401	5.1555705511960825
1402	7.733438538752067
1403	7.733438538752067
1404	7.733438538752067
1405	7.733438538752067
1406	10.8
1407	10.8
1408	10.8
1409	10.8
1410	10.8
1411	10.8
1412	10.8
1413	10.8
1414	10.8
1415	10.8
1416	10.8
1417	10.8
1418	10.8
1419	10.8
1420	10.8
1421	10.8
1422	9.051143330585212
1423	9.051143330585212
1424	9.051143330585212
1425	9.051143330585212
1426	8.637476742218215
1427	8.637476742218215
1428	8.637476742218215
1429	8.637476742218215
1430	10.8
1431	10.8
1432	10.8
1433	10.8
1434	7.590826727212894
1435	7.590826727212894
1436	7.590826727212894
1437	7.590826727212894
1438	1.2918105986874018
1439	1.2918105986874018
1440	1.2918105986874018
1441	1.2918105986874018
1442	10.8
1443	10.8
1444	10.8
1445	10.8
1446	10.8
1447	10.8
1448	10.8
1449	10.8
1450	10.8
1451	10.8
1452	10.8
1453	10.8
1454	1.3862509432730654
1455	1.3862509432730654
1456	1.3862509432730654
1457	1.3862509432730654
1458	9.49977714742027
1459	9.49977714742027
1460	9.49977714742027
1461	9.49977714742027
1462	6.0066563006372
1463	6.0066563006372
1464	6.0066563006372
1465	6.0066563006372
1466	9.4655974342904
1467	9.4655974342904
1468	9.4655974342904
1469	9.4655974342904
1470	10.8
1471	10.8
1472	10.8
1473	10.8
1474	3.234749777305959
1475	3.234749777305959
1476	3.234749777305959
1477	3.234749777305959
1478	10.8
1479	10.8
1480	10.8
1481	10.8
1482	10.8
1483	10.8
1484	10.8
1485	10.8
1486	2.034985462022166
1487	2.034985462022166
1488	2.034985462022166
1489	2.034985462022166
1490	10.8
1491	10.8
1492	10.8
1493	10.8
1494	10.8
1495	10.8
1496	10.8
1497	10.8
1498	10.8
1499	10.8
1500	10.8
1501	10.8
1502	6.81290327794351
1503	6.81290327794351
1504	6.81290327794351
1505	6.81290327794351
1506	9.970053906714288
1507	9.970053906714288
1508	9.970053906714288
1509	9.970053906714288
1510	7.3867167988611975
1511	7.3867167988611975
1512	7.3867167988611975
1513	7.3867167988611975
1514	9.295756343229309
1515	9.295756343229309
1516	9.295756343229309
1517	9.295756343229309
1518	6.147474341891953
1519	6.147474341891953
1520	6.147474341891953
1521	6.147474341891953
1522	8.60469136466323
1523	8.60469136466323
1524	8.60469136466323
1525	8.60469136466323
1526	9.697926002968616
1527	9.697926002968616
1528	9.697926002968616
1529	9.697926002968616
1530	8.841578209124417
1531	8.841578209124417
1532	8.841578209124417
1533	8.841578209124417
1534	5.476585680315947
1535	5.476585680315947
1536	5.476585680315947
1537	5.476585680315947
1538	3.000007352887315
1539	3.000007352887315
1540	3.000007352887315
1541	3.000007352887315
1542	10.250096304344305
1543	10.250096304344305
1544	10.250096304344305
1545	10.250096304344305
1546	10.8
1547	10.8
1548	10.8
1549	10.8
1550	10.8
1551	10.8
1552	10.8
1553	10.8
1554	10.8
1555	10.8
1556	10.8
1557	10.8
1558	9.548517467344853
1559	9.548517467344853
1560	9.548517467344853
1561	9.548517467344853
1562	10.8
1563	10.8
1564	10.8
1565	10.8
1566	10.8
1567	10.8
1568	10.8
1569	10.8
1570	10.8
1571	10.8
1572	10.8
1573	10.8
1574	10.8
1575	10.8
1576	10.8
1577	10.8
1578	6.601784861848598
1579	6.601784861848598
1580	6.601784861848598
1581	6.601784861848598
1582	10.8
1583	10.8
1584	10.8
1585	10.8
1586	9.137249334771495
1587	9.137249334771495
1588	9.137249334771495
1589	9.137249334771495
1590	6.904923684906132
1591	6.904923684906132
1592	6.904923684906132
1593	6.904923684906132
1594	7.810784511402073
1595	7.810784511402073
1596	7.810784511402073
1597	7.810784511402073
1598	10.8
1599	10.8
1600	10.8
1601	10.8
1602	10.8
1603	10.8
1604	10.8
1605	10.8
1606	10.8
1607	10.8
1608	10.8
1609	10.8
1610	1.495535962559206
1611	1.495535962559206
1612	1.495535962559206
1613	1.495535962559206
1614	10.473655985811874
1615	10.473655985811874
1616	10.473655985811874
1617	10.473655985811874
1618	10.8
1619	10.8
1620	10.8
1621	10.8
1622	10.8
1623	10.8
1624	10.8
1625	10.8
1626	5.732887114784227
1627	5.732887114784227
1628	5.732887114784227
1629	5.732887114784227
1630	2.2730244774910346
1631	2.2730244774910346
1632	2.2730244774910346
1633	2.2730244774910346
1634	10.8
1635	10.8
1636	10.8
1637	10.8
1638	0.1
1639	0.1
1640	0.1
1641	0.1
1642	7.994328189417674
1643	7.994328189417674
1644	7.994328189417674
1645	7.994328189417674
1646	10.8
1647	10.8
1648	10.8
1649	10.8
1650	10.8
1651	10.8
1652	10.8
1653	10.8
1654	4.560831440874012
1655	4.560831440874012
1656	4.560831440874012
1657	4.560831440874012
1658	3.389933133623863
1659	3.389933133623863
1660	3.389933133623863
1661	3.389933133623863
1662	10.8
1663	10.8
1664	10.8
1665	10.8
1666	6.735329739195665
1667	6.735329739195665
1668	6.735329739195665
1669	6.735329739195665
1670	10.8
1671	10.8
1672	10.8
1673	10.8
1674	10.8
1675	10.8
1676	10.8
1677	10.8
1678	9.993004769560606
1679	9.993004769560606
1680	9.993004769560606
1681	9.993004769560606
1682	6.32253093562102
1683	6.32253093562102
1684	6.32253093562102
1685	6.32253093562102
1686	0.6415662912257591
1687	0.6415662912257591
1688	0.6415662912257591
1689	0.6415662912257591
1690	10.8
1691	10.8
1692	10.8
1693	10.8
1694	10.8
1695	10.8
1696	10.8
1697	10.8
1698	10.8
1699	10.8
1700	10.8
1701	10.8
1702	0.1
1703	0.1
1704	0.1
1705	0.1
1706	10.8
1707	10.8
1708	10.8
1709	10.8
1710	7.069702837136327
1711	7.069702837136327
1712	7.069702837136327
1713	7.069702837136327
1714	10.8
1715	10.8
1716	10.8
