0	93.3
1	93.3
2	93.3
3	93.3
4	38.999432025491096
5	38.999432025491096
6	38.999432025491096
7	38.999432025491096
8	93.3
9	93.3
10	93.3
11	93.3
12	91.78819002061589
13	91.78819002061589
14	91.78819002061589
15	91.78819002061589
16	30.602307727355182
17	30.602307727355182
18	30.602307727355182
19	30.602307727355182
20	0.1
21	0.1
22	0.1
23	0.1
24	2.147769130275961
25	2.147769130275961
26	2.147769130275961
27	2.147769130275961
28	93.3
29	93.3
30	93.3
31	93.3
32	67.00774715274875
33	67.00774715274875
34	67.00774715274875
35	67.00774715274875
36	93.3
37	93.3
38	93.3
39	93.3
40	90.58400624083981
41	90.58400624083981
42	90.58400624083981
43	90.58400624083981
44	45.87769022786592
45	45.87769022786592
46	45.87769022786592
47	45.87769022786592
48	9.939621421663148
49	9.939621421663148
50	9.939621421663148
51	9.939621421663148
52	93.3
53	93.3
54	93.3
55	93.3
56	68.53354458451412
57	68.53354458451412
58	68.53354458451412
59	68.53354458451412
60	93.3
61	93.3
62	93.3
63	93.3
64	63.91881375578599
65	63.91881375578599
66	63.91881375578599
67	63.91881375578599
68	42.90802548119847
69	42.90802548119847
70	42.90802548119847
71	42.90802548119847
72	93.3
73	93.3
74	93.3
75	93.3
76	49.721182605227106
77	49.721182605227106
78	49.721182605227106
79	49.721182605227106
80	93.3
81	93.3
82	93.3
83	93.3
84	93.3
85	93.3
86	93.3
87	93.3
88	37.706364923382125
89	37.706364923382125
90	37.706364923382125
91	37.706364923382125
92	81.2368965520337
93	81.2368965520337
94	81.2368965520337
95	81.2368965520337
96	93.3
97	93.3
98	93.3
99	93.3
100	87.11373999211527
101	87.11373999211527
102	87.11373999211527
103	87.11373999211527
104	93.3
105	93.3
106	93.3
107	93.3
108	2.76501146707551
109	2.76501146707551
110	2.76501146707551
111	2.76501146707551
112	65.95149234631744
113	65.95149234631744
114	65.95149234631744
115	65.95149234631744
116	79.02583243666405
117	79.02583243666405
118	79.02583243666405
119	79.02583243666405
120	84.7915164190776
121	84.7915164190776
122	84.7915164190776
123	84.7915164190776
124	56.95982863834863
125	56.95982863834863
126	56.95982863834863
127	56.95982863834863
128	63.74129047182705
129	63.74129047182705
130	63.74129047182705
131	63.74129047182705
132	76.7892981448915
133	76.7892981448915
134	76.7892981448915
135	76.7892981448915
136	92.86764500484331
137	92.86764500484331
138	92.86764500484331
139	92.86764500484331
140	6.212164635466465
141	6.212164635466465
142	6.212164635466465
143	6.212164635466465
144	93.3
145	93.3
146	93.3
147	93.3
148	57.095639857399505
149	57.095639857399505
150	57.095639857399505
151	57.095639857399505
152	48.92221487660297
153	48.92221487660297
154	48.92221487660297
155	48.92221487660297
156	65.65372303088625
157	65.65372303088625
158	65.65372303088625
159	65.65372303088625
160	93.3
161	93.3
162	93.3
163	93.3
164	0.1
165	0.1
166	0.1
167	0.1
168	47.61049180282022
169	47.61049180282022
170	47.61049180282022
171	47.61049180282022
172	90.54735180763274
173	90.54735180763274
174	90.54735180763274
175	90.54735180763274
176	48.443336583046666
177	48.443336583046666
178	48.443336583046666
179	48.443336583046666
180	43.202044348441056
181	43.202044348441056
182	43.202044348441056
183	43.202044348441056
184	74.14542570458704
185	74.14542570458704
186	74.14542570458704
187	74.14542570458704
188	84.77807330743943
189	84.77807330743943
190	84.77807330743943
191	84.77807330743943
192	93.3
193	93.3
194	93.3
195	93.3
196	93.3
197	93.3
198	93.3
199	93.3
200	93.3
201	93.3
202	93.3
203	93.3
204	10.845401547549173
205	10.845401547549173
206	10.845401547549173
207	10.845401547549173
208	52.861262319902735
209	52.861262319902735
210	52.861262319902735
211	52.861262319902735
212	93.3
213	93.3
214	93.3
215	93.3
216	21.460316103984752
217	21.460316103984752
218	21.460316103984752
219	21.460316103984752
220	93.3
221	93.3
222	93.3
223	93.3
224	93.3
225	93.3
226	93.3
227	93.3
228	20.81021509954992
229	20.81021509954992
230	20.81021509954992
231	20.81021509954992
232	65.99245182412798
233	65.99245182412798
234	65.99245182412798
235	65.99245182412798
236	70.78879547257668
237	70.78879547257668
238	70.78879547257668
239	70.78879547257668
240	29.815799634979022
241	29.815799634979022
242	29.815799634979022
243	29.815799634979022
244	18.58304142075807
245	18.58304142075807
246	18.58304142075807
247	18.58304142075807
248	93.3
249	93.3
250	93.3
251	93.3
252	93.3
253	93.3
254	93.3
255	93.3
256	58.78367775150973
257	58.78367775150973
258	58.78367775150973
259	58.78367775150973
260	66.16665619377753
261	66.16665619377753
262	66.16665619377753
263	66.16665619377753
264	56.51113986866832
265	56.51113986866832
266	56.51113986866832
267	56.51113986866832
268	78.43962414352208
269	78.43962414352208
270	78.43962414352208
271	78.43962414352208
272	75.25986415846837
273	75.25986415846837
274	75.25986415846837
275	75.25986415846837
276	93.3
277	93.3
278	93.3
279	93.3
280	18.447301976025457
281	18.447301976025457
282	18.447301976025457
283	18.447301976025457
284	75.24251035785275
285	75.24251035785275
286	75.24251035785275
287	75.24251035785275
288	61.47953101739323
289	61.47953101739323
290	61.47953101739323
291	61.47953101739323
292	51.797857693350245
293	51.797857693350245
294	51.797857693350245
295	51.797857693350245
296	52.13218478021697
297	52.13218478021697
298	52.13218478021697
299	52.13218478021697
300	93.3
301	93.3
302	93.3
303	93.3
304	93.3
305	93.3
306	93.3
307	93.3
308	83.00585656250617
309	83.00585656250617
310	83.00585656250617
311	83.00585656250617
312	52.44662268397517
313	52.44662268397517
314	52.44662268397517
315	52.44662268397517
316	85.91584601905716
317	85.91584601905716
318	85.91584601905716
319	36.89168696648399
320	36.89168696648399
321	36.89168696648399
322	36.89168696648399
323	67.83993511131614
324	67.83993511131614
325	67.83993511131614
326	67.83993511131614
327	93.3
328	93.3
329	93.3
330	93.3
331	26.788185249842307
332	26.788185249842307
333	26.788185249842307
334	26.788185249842307
335	85.54924861286416
336	85.54924861286416
337	85.54924861286416
338	85.54924861286416
339	86.04889721831726
340	86.04889721831726
341	86.04889721831726
342	86.04889721831726
343	74.68877028376602
344	74.68877028376602
345	74.68877028376602
346	74.68877028376602
347	23.767254614626324
348	23.767254614626324
349	23.767254614626324
350	23.767254614626324
351	54.613407192001645
352	54.613407192001645
353	54.613407192001645
354	54.613407192001645
355	93.3
356	93.3
357	93.3
358	93.3
359	90.9950875100933
360	90.9950875100933
361	90.9950875100933
362	90.9950875100933
363	53.85182665415687
364	53.85182665415687
365	53.85182665415687
366	53.85182665415687
367	24.797437600103535
368	24.797437600103535
369	24.797437600103535
370	24.797437600103535
371	93.3
372	93.3
373	93.3
374	93.3
375	39.97321431252425
376	39.97321431252425
377	39.97321431252425
378	39.97321431252425
379	93.3
380	93.3
381	93.3
382	93.3
383	45.01062246516159
384	45.01062246516159
385	45.01062246516159
386	45.01062246516159
387	60.0524764118981
388	60.0524764118981
389	60.0524764118981
390	60.0524764118981
391	86.59983454655395
392	86.59983454655395
393	86.59983454655395
394	86.59983454655395
395	66.92691424525802
396	66.92691424525802
397	66.92691424525802
398	66.92691424525802
399	64.54788087131146
400	64.54788087131146
401	64.54788087131146
402	64.54788087131146
403	88.94326848289674
404	88.94326848289674
405	88.94326848289674
406	88.94326848289674
407	23.43626273081815
408	23.43626273081815
409	23.43626273081815
410	23.43626273081815
411	93.3
412	93.3
413	93.3
414	93.3
415	25.776683435646426
416	25.776683435646426
417	25.776683435646426
418	25.776683435646426
419	93.02686849873025
420	93.02686849873025
421	93.02686849873025
422	93.02686849873025
423	93.3
424	93.3
425	93.3
426	93.3
427	27.909010551223858
428	27.909010551223858
429	27.909010551223858
430	27.909010551223858
431	7.489669130102172
432	7.489669130102172
433	7.489669130102172
434	7.489669130102172
435	0.1
436	0.1
437	0.1
438	0.1
439	61.34299766525757
440	61.34299766525757
441	61.34299766525757
442	61.34299766525757
443	56.14633739735404
444	56.14633739735404
445	56.14633739735404
446	56.14633739735404
447	32.7041807043698
448	32.7041807043698
449	32.7041807043698
450	32.7041807043698
451	17.690386332896125
452	17.690386332896125
453	17.690386332896125
454	17.690386332896125
455	27.041257003635785
456	27.041257003635785
457	27.041257003635785
458	27.041257003635785
459	76.75302026144102
460	76.75302026144102
461	76.75302026144102
462	76.75302026144102
463	67.69990565200887
464	67.69990565200887
465	67.69990565200887
466	67.69990565200887
467	93.3
468	93.3
469	93.3
470	93.3
471	42.92844589355292
472	42.92844589355292
473	42.92844589355292
474	42.92844589355292
475	80.1114189310918
476	80.1114189310918
477	80.1114189310918
478	80.1114189310918
479	93.3
480	93.3
481	93.3
482	93.3
483	47.995510089330004
484	47.995510089330004
485	47.995510089330004
486	47.995510089330004
487	93.3
488	93.3
489	93.3
490	93.3
491	3.764026294053693
492	3.764026294053693
493	3.764026294053693
494	3.764026294053693
495	55.01309389051647
496	55.01309389051647
497	55.01309389051647
498	55.01309389051647
499	57.07816055869704
500	57.07816055869704
501	57.07816055869704
502	57.07816055869704
503	89.14171690741586
504	89.14171690741586
505	89.14171690741586
506	89.14171690741586
507	54.29366915751175
508	54.29366915751175
509	54.29366915751175
510	54.29366915751175
511	93.3
512	93.3
513	93.3
514	93.3
515	93.3
516	93.3
517	93.3
518	93.3
519	60.41203911122394
520	60.41203911122394
521	60.41203911122394
522	60.41203911122394
523	93.3
524	93.3
525	93.3
526	93.3
527	61.4962040121961
528	61.4962040121961
529	61.4962040121961
530	61.4962040121961
531	67.15481836784582
532	67.15481836784582
533	67.15481836784582
534	67.15481836784582
535	93.3
536	93.3
537	93.3
538	93.3
539	87.13500997467371
540	87.13500997467371
541	87.13500997467371
542	87.13500997467371
543	62.35948079594042
544	62.35948079594042
545	62.35948079594042
546	62.35948079594042
547	93.3
548	93.3
549	93.3
550	93.3
551	48.09149331967846
552	48.09149331967846
553	48.09149331967846
554	48.09149331967846
555	48.56542537905365
556	48.56542537905365
557	48.56542537905365
558	48.56542537905365
559	27.61287078025225
560	27.61287078025225
561	27.61287078025225
562	27.61287078025225
563	47.696563308780526
564	47.696563308780526
565	47.696563308780526
566	47.696563308780526
567	28.434787670376046
568	28.434787670376046
569	28.434787670376046
570	28.434787670376046
571	65.15586683032485
572	65.15586683032485
573	65.15586683032485
574	65.15586683032485
575	31.34088026511119
576	31.34088026511119
577	31.34088026511119
578	31.34088026511119
579	51.516941531028436
580	51.516941531028436
581	51.516941531028436
582	51.516941531028436
583	93.3
584	93.3
585	93.3
586	93.3
587	0.1
588	0.1
589	0.1
590	0.1
591	93.3
592	93.3
593	93.3
594	93.3
595	0.1
596	0.1
597	0.1
598	0.1
599	31.357490937510335
600	31.357490937510335
601	31.357490937510335
602	31.357490937510335
603	78.17956555664553
604	78.17956555664553
605	78.17956555664553
606	78.17956555664553
607	0.1
608	0.1
609	0.1
610	0.1
611	52.364568143157655
612	52.364568143157655
613	52.364568143157655
614	52.364568143157655
615	93.3
616	93.3
617	93.3
618	93.3
619	91.04511906255577
620	91.04511906255577
621	91.04511906255577
622	91.04511906255577
623	93.3
624	93.3
625	93.3
626	93.3
627	93.3
628	93.3
629	93.3
630	81.29896949195744
631	81.29896949195744
632	81.29896949195744
633	81.29896949195744
634	89.49203665698128
635	89.49203665698128
636	89.49203665698128
637	89.49203665698128
638	93.3
639	93.3
640	93.3
641	93.3
642	93.3
643	93.3
644	93.3
645	93.3
646	63.33027820243672
647	63.33027820243672
648	63.33027820243672
649	63.33027820243672
650	72.56842371263257
651	72.56842371263257
652	72.56842371263257
653	72.56842371263257
654	34.31218188330711
655	34.31218188330711
656	34.31218188330711
657	34.31218188330711
658	93.3
659	93.3
660	93.3
661	93.3
662	84.22246170631212
663	84.22246170631212
664	84.22246170631212
665	84.22246170631212
666	93.3
667	93.3
668	93.3
669	93.3
670	93.3
671	93.3
672	93.3
673	93.3
674	55.60350628480984
675	55.60350628480984
676	55.60350628480984
677	55.60350628480984
678	63.5807761790536
679	63.5807761790536
680	63.5807761790536
681	63.5807761790536
682	43.57565755426556
683	43.57565755426556
684	43.57565755426556
685	43.57565755426556
686	0.1
687	0.1
688	0.1
689	0.1
690	92.21929241461436
691	92.21929241461436
692	92.21929241461436
693	92.21929241461436
694	91.91831711997115
695	91.91831711997115
696	91.91831711997115
697	91.91831711997115
698	49.765650612218124
699	49.765650612218124
700	49.765650612218124
701	49.765650612218124
702	93.3
703	93.3
704	93.3
705	93.3
706	93.3
707	93.3
708	93.3
709	93.3
710	93.3
711	93.3
712	93.3
713	93.3
714	13.290762823942728
715	13.290762823942728
716	13.290762823942728
717	13.290762823942728
718	65.36693456037581
719	65.36693456037581
720	65.36693456037581
721	65.36693456037581
722	47.8788342175414
723	47.8788342175414
724	47.8788342175414
725	47.8788342175414
726	93.3
727	93.3
728	93.3
729	93.3
730	93.3
731	93.3
732	93.3
733	93.3
734	81.0232936656848
735	81.0232936656848
736	81.0232936656848
737	81.0232936656848
738	93.3
739	93.3
740	93.3
741	93.3
742	76.48124778175904
743	76.48124778175904
744	76.48124778175904
745	76.48124778175904
746	76.2595879503821
747	76.2595879503821
748	76.2595879503821
749	76.2595879503821
750	9.212867183894659
751	9.212867183894659
752	9.212867183894659
753	9.212867183894659
754	93.3
755	93.3
756	93.3
757	93.3
758	93.3
759	93.3
760	93.3
761	93.3
762	93.3
763	93.3
764	93.3
765	93.3
766	4.459168115419061
767	4.459168115419061
768	4.459168115419061
769	4.459168115419061
770	58.18919169345133
771	58.18919169345133
772	58.18919169345133
773	58.18919169345133
774	70.65309277530011
775	70.65309277530011
776	70.65309277530011
777	70.65309277530011
778	93.3
779	93.3
780	93.3
781	93.3
782	89.08446707250606
783	89.08446707250606
784	89.08446707250606
785	89.08446707250606
786	8.427857956072529
787	8.427857956072529
788	8.427857956072529
789	8.427857956072529
790	42.77052184932458
791	42.77052184932458
792	42.77052184932458
793	42.77052184932458
794	93.3
795	93.3
796	93.3
797	93.3
798	48.1535313954375
799	48.1535313954375
800	48.1535313954375
801	48.1535313954375
802	49.51725285142519
803	49.51725285142519
804	49.51725285142519
805	49.51725285142519
806	31.33996918340099
807	31.33996918340099
808	31.33996918340099
809	31.33996918340099
810	93.3
811	93.3
812	93.3
813	93.3
814	93.3
815	93.3
816	93.3
817	93.3
818	93.3
819	93.3
820	93.3
821	93.3
822	2.988581506456839
823	2.988581506456839
824	2.988581506456839
825	2.988581506456839
826	93.3
827	93.3
828	93.3
829	93.3
830	66.78831573403002
831	66.78831573403002
832	66.78831573403002
833	66.78831573403002
834	90.4934386892491
835	90.4934386892491
836	90.4934386892491
837	90.4934386892491
838	65.20918140828238
839	65.20918140828238
840	65.20918140828238
841	65.20918140828238
842	93.3
843	93.3
844	93.3
845	93.3
846	45.934396075184694
847	45.934396075184694
848	45.934396075184694
849	45.934396075184694
850	60.04214713800992
851	60.04214713800992
852	60.04214713800992
853	60.04214713800992
854	80.13309462939588
855	80.13309462939588
856	80.13309462939588
857	80.13309462939588
858	0.1
859	0.1
860	0.1
861	0.1
862	93.3
863	93.3
864	93.3
865	93.3
866	93.3
867	93.3
868	93.3
869	93.3
870	16.245151635619948
871	16.245151635619948
872	16.245151635619948
873	16.245151635619948
874	19.49892654870149
875	19.49892654870149
876	19.49892654870149
877	19.49892654870149
878	25.48547275793669
879	25.48547275793669
880	25.48547275793669
881	25.48547275793669
882	93.3
883	93.3
884	93.3
885	93.3
886	93.3
887	93.3
888	93.3
889	93.3
890	40.02450217314253
891	40.02450217314253
892	40.02450217314253
893	40.02450217314253
894	3.6361226568478884
895	3.6361226568478884
896	3.6361226568478884
897	3.6361226568478884
898	4.414675184996895
899	4.414675184996895
900	4.414675184996895
901	4.414675184996895
902	59.95857998028205
903	59.95857998028205
904	59.95857998028205
905	59.95857998028205
906	93.3
907	93.3
908	93.3
909	93.3
910	17.75494269952783
911	17.75494269952783
912	17.75494269952783
913	17.75494269952783
914	12.513925037376424
915	12.513925037376424
916	12.513925037376424
917	12.513925037376424
918	64.43780283793384
919	64.43780283793384
920	64.43780283793384
921	64.43780283793384
922	93.3
923	93.3
924	93.3
925	93.3
926	93.3
927	93.3
928	93.3
929	93.3
930	93.3
931	93.3
932	93.3
933	93.3
934	93.3
935	93.3
936	93.3
937	93.3
938	93.3
939	93.3
940	93.3
941	93.3
942	57.55717089427152
943	57.55717089427152
944	57.55717089427152
945	57.55717089427152
946	68.17618458544506
947	68.17618458544506
948	68.17618458544506
949	68.17618458544506
950	93.3
951	93.3
952	93.3
953	93.3
954	86.1542277061605
955	86.1542277061605
956	86.1542277061605
957	86.1542277061605
958	42.178651812142846
959	42.178651812142846
960	42.178651812142846
961	42.178651812142846
962	37.363732652170626
963	37.363732652170626
964	37.363732652170626
965	37.363732652170626
966	54.3614812815303
967	54.3614812815303
968	54.3614812815303
969	54.3614812815303
970	62.45728009472354
971	62.45728009472354
972	62.45728009472354
973	62.45728009472354
974	93.3
975	93.3
976	93.3
977	93.3
978	93.3
979	93.3
980	93.3
981	93.3
982	72.44570549586015
983	72.44570549586015
984	72.44570549586015
985	72.44570549586015
986	93.3
987	93.3
988	93.3
989	93.3
990	93.3
991	93.3
992	93.3
993	93.3
994	93.3
995	93.3
996	93.3
997	93.3
998	91.25861889890618
999	91.25861889890618
1000	91.25861889890618
1001	91.25861889890618
1002	86.91245379344872
1003	86.91245379344872
1004	86.91245379344872
1005	86.91245379344872
1006	93.3
1007	93.3
1008	93.3
1009	93.3
1010	64.57710398238162
1011	64.57710398238162
1012	64.57710398238162
1013	64.57710398238162
1014	48.58092996948573
1015	48.58092996948573
1016	48.58092996948573
1017	48.58092996948573
1018	68.52704198814037
1019	68.52704198814037
1020	68.52704198814037
1021	68.52704198814037
1022	49.621246901580406
1023	49.621246901580406
1024	49.621246901580406
1025	49.621246901580406
1026	52.63900931199005
1027	52.63900931199005
1028	52.63900931199005
1029	52.63900931199005
1030	93.3
1031	93.3
1032	93.3
1033	93.3
1034	93.3
1035	93.3
1036	93.3
1037	93.3
1038	59.36796542691087
1039	59.36796542691087
1040	59.36796542691087
1041	59.36796542691087
1042	89.4379461977895
1043	89.4379461977895
1044	89.4379461977895
1045	89.4379461977895
1046	74.94064203684349
1047	74.94064203684349
1048	74.94064203684349
1049	74.94064203684349
1050	0.1
1051	0.1
1052	0.1
1053	0.1
1054	43.49275632940661
1055	43.49275632940661
1056	43.49275632940661
1057	43.49275632940661
1058	93.3
1059	93.3
1060	93.3
1061	93.3
1062	0.1
1063	0.1
1064	0.1
1065	0.1
1066	93.3
1067	93.3
1068	93.3
1069	93.3
1070	50.4531833411727
1071	50.4531833411727
1072	50.4531833411727
1073	50.4531833411727
1074	49.28208422523519
1075	49.28208422523519
1076	49.28208422523519
1077	49.28208422523519
1078	47.30988055002982
1079	47.30988055002982
1080	47.30988055002982
1081	47.30988055002982
1082	55.775230273367484
1083	55.775230273367484
1084	55.775230273367484
1085	55.775230273367484
1086	43.26352295048001
1087	43.26352295048001
1088	43.26352295048001
1089	43.26352295048001
1090	41.92429823081084
1091	41.92429823081084
1092	41.92429823081084
1093	41.92429823081084
1094	41.79450839096357
1095	41.79450839096357
1096	41.79450839096357
1097	41.79450839096357
1098	60.10526539792551
1099	60.10526539792551
1100	60.10526539792551
1101	60.10526539792551
1102	93.3
1103	93.3
1104	93.3
1105	93.3
1106	84.18318098625686
1107	84.18318098625686
1108	84.18318098625686
1109	84.18318098625686
1110	52.40625475008389
1111	52.40625475008389
1112	52.40625475008389
1113	52.40625475008389
1114	2.9812422388381776
1115	2.9812422388381776
1116	2.9812422388381776
1117	2.9812422388381776
1118	93.3
1119	93.3
1120	93.3
1121	93.3
1122	87.02962325643769
1123	87.02962325643769
1124	87.02962325643769
1125	87.02962325643769
1126	93.3
1127	93.3
1128	93.3
1129	93.3
1130	93.3
1131	93.3
1132	93.3
1133	93.3
1134	93.3
1135	93.3
1136	93.3
1137	93.3
1138	93.3
1139	93.3
1140	93.3
1141	93.3
1142	33.659606075481165
1143	33.659606075481165
1144	33.659606075481165
1145	33.659606075481165
1146	93.3
1147	93.3
1148	93.3
1149	93.3
1150	93.3
1151	93.3
1152	93.3
1153	93.3
1154	73.03268571078368
1155	73.03268571078368
1156	73.03268571078368
1157	73.03268571078368
1158	46.96627498729298
1159	46.96627498729298
1160	46.96627498729298
1161	46.96627498729298
1162	84.23875255951181
1163	84.23875255951181
1164	84.23875255951181
1165	84.23875255951181
1166	81.10050838592038
1167	81.10050838592038
1168	81.10050838592038
1169	81.10050838592038
1170	72.94997711962016
1171	72.94997711962016
1172	72.94997711962016
1173	72.94997711962016
1174	93.3
1175	93.3
1176	93.3
1177	93.3
1178	93.3
1179	93.3
1180	93.3
1181	93.3
1182	72.49468928743684
1183	72.49468928743684
1184	72.49468928743684
1185	72.49468928743684
1186	64.99401445291582
1187	64.99401445291582
1188	64.99401445291582
1189	64.99401445291582
1190	93.3
1191	93.3
1192	93.3
1193	93.3
1194	66.14943887305395
1195	66.14943887305395
1196	66.14943887305395
1197	66.14943887305395
1198	93.3
1199	93.3
1200	93.3
1201	93.3
1202	93.3
1203	93.3
1204	93.3
1205	93.3
1206	48.861416758052926
1207	48.861416758052926
1208	48.861416758052926
1209	48.861416758052926
1210	46.6762251704042
1211	46.6762251704042
1212	46.6762251704042
1213	46.6762251704042
1214	86.25922478233356
1215	86.25922478233356
1216	86.25922478233356
1217	86.25922478233356
1218	93.3
1219	93.3
1220	93.3
1221	93.3
1222	93.3
1223	93.3
1224	93.3
1225	93.3
1226	93.3
1227	93.3
1228	93.3
1229	93.3
1230	71.38228183990397
1231	71.38228183990397
1232	71.38228183990397
1233	71.38228183990397
1234	93.3
1235	93.3
1236	93.3
1237	93.3
1238	23.139001007119433
1239	23.139001007119433
1240	23.139001007119433
1241	23.139001007119433
1242	93.3
1243	93.3
1244	93.3
1245	93.3
1246	59.9973940149568
1247	39.240894291516625
1248	39.240894291516625
1249	39.240894291516625
1250	39.240894291516625
1251	93.3
1252	93.3
1253	93.3
1254	93.3
1255	81.72790937002462
1256	81.72790937002462
1257	81.72790937002462
1258	81.72790937002462
1259	93.3
1260	93.3
1261	93.3
1262	93.3
1263	0.1
1264	0.1
1265	0.1
1266	0.1
1267	83.33202071451329
1268	83.33202071451329
1269	83.33202071451329
1270	83.33202071451329
1271	49.443022720300846
1272	49.443022720300846
1273	49.443022720300846
1274	49.443022720300846
1275	93.3
1276	93.3
1277	93.3
1278	93.3
1279	60.7711387584796
1280	60.7711387584796
1281	60.7711387584796
1282	60.7711387584796
1283	93.3
1284	93.3
1285	93.3
1286	93.3
1287	93.3
1288	93.3
1289	93.3
1290	93.3
1291	66.05904846667104
1292	66.05904846667104
1293	66.05904846667104
1294	66.05904846667104
1295	60.65117326192062
1296	60.65117326192062
1297	60.65117326192062
1298	60.65117326192062
1299	62.55832494833507
1300	62.55832494833507
1301	62.55832494833507
1302	62.55832494833507
1303	93.3
1304	93.3
1305	93.3
1306	93.3
1307	58.13759524015596
1308	58.13759524015596
1309	58.13759524015596
1310	58.13759524015596
1311	1.8586992673643294
1312	1.8586992673643294
1313	1.8586992673643294
1314	1.8586992673643294
1315	49.08485938401737
1316	49.08485938401737
1317	49.08485938401737
1318	49.08485938401737
1319	93.3
1320	93.3
1321	93.3
1322	93.3
1323	93.3
1324	93.3
1325	93.3
1326	93.3
1327	93.3
1328	93.3
1329	93.3
1330	93.3
1331	54.02488524368458
1332	54.02488524368458
1333	54.02488524368458
1334	54.02488524368458
1335	93.3
1336	93.3
1337	93.3
1338	93.3
1339	93.3
1340	93.3
1341	93.3
1342	93.3
1343	93.3
1344	93.3
1345	93.3
1346	93.3
1347	58.428272662349016
1348	58.428272662349016
1349	58.428272662349016
1350	58.428272662349016
1351	93.3
1352	93.3
1353	93.3
1354	93.3
1355	41.02010456038711
1356	41.02010456038711
1357	41.02010456038711
1358	41.02010456038711
1359	93.3
1360	93.3
1361	93.3
1362	93.3
1363	0.1
1364	0.1
1365	0.1
1366	0.1
1367	0.1
1368	0.1
1369	0.1
1370	0.1
1371	93.3
1372	93.3
1373	93.3
1374	93.3
1375	93.1241509765406
1376	93.1241509765406
1377	93.1241509765406
1378	93.1241509765406
1379	93.3
1380	93.3
1381	93.3
1382	93.3
1383	77.12645639212941
1384	77.12645639212941
1385	77.12645639212941
1386	77.12645639212941
1387	0.1
1388	0.1
1389	0.1
1390	0.1
1391	31.44586947133992
1392	31.44586947133992
1393	31.44586947133992
1394	31.44586947133992
1395	24.792641623273255
1396	24.792641623273255
1397	24.792641623273255
1398	24.792641623273255
1399	62.68570758803503
1400	62.68570758803503
1401	62.68570758803503
1402	62.68570758803503
1403	53.32539007204524
1404	53.32539007204524
1405	53.32539007204524
1406	53.32539007204524
1407	65.26345203346195
1408	65.26345203346195
1409	65.26345203346195
1410	65.26345203346195
1411	64.21018856639303
1412	64.21018856639303
1413	64.21018856639303
1414	64.21018856639303
1415	93.3
1416	93.3
1417	93.3
1418	93.3
1419	93.3
1420	93.3
1421	93.3
1422	93.3
1423	93.3
1424	93.3
1425	93.3
1426	93.3
1427	93.3
1428	93.3
1429	93.3
1430	93.3
1431	9.406813435687582
1432	9.406813435687582
1433	9.406813435687582
1434	9.406813435687582
1435	93.3
1436	93.3
1437	93.3
1438	93.3
1439	93.3
1440	93.3
1441	93.3
1442	93.3
1443	93.3
1444	93.3
1445	93.3
1446	93.3
1447	77.28521073654545
1448	77.28521073654545
1449	77.28521073654545
1450	77.28521073654545
1451	69.84144851609388
1452	69.84144851609388
1453	69.84144851609388
1454	69.84144851609388
1455	11.731712855315948
1456	11.731712855315948
1457	11.731712855315948
1458	11.731712855315948
1459	75.76755508915619
1460	75.76755508915619
1461	75.76755508915619
1462	75.76755508915619
1463	93.3
1464	93.3
1465	93.3
1466	93.3
1467	93.3
1468	93.3
1469	93.3
1470	93.3
1471	11.521268624845646
1472	11.521268624845646
1473	11.521268624845646
1474	11.521268624845646
1475	38.94863976645235
1476	38.94863976645235
1477	38.94863976645235
1478	38.94863976645235
1479	93.3
1480	93.3
1481	93.3
1482	93.3
1483	93.3
1484	93.3
1485	93.3
1486	93.3
1487	88.19584378985404
1488	88.19584378985404
1489	88.19584378985404
1490	88.19584378985404
1491	93.3
1492	93.3
1493	93.3
1494	93.3
1495	30.196521259763173
1496	30.196521259763173
1497	30.196521259763173
1498	30.196521259763173
1499	93.3
1500	93.3
1501	93.3
1502	93.3
1503	33.77658556146817
1504	33.77658556146817
1505	33.77658556146817
1506	33.77658556146817
1507	58.40601330698115
1508	58.40601330698115
1509	58.40601330698115
1510	58.40601330698115
1511	80.04493725755694
1512	80.04493725755694
1513	80.04493725755694
1514	80.04493725755694
1515	28.42649383225507
1516	28.42649383225507
1517	28.42649383225507
1518	28.42649383225507
1519	93.3
1520	93.3
1521	93.3
1522	93.3
1523	50.239133571334065
1524	50.239133571334065
1525	50.239133571334065
1526	50.239133571334065
1527	20.59067215638317
1528	20.59067215638317
1529	20.59067215638317
1530	20.59067215638317
1531	93.3
1532	93.3
1533	93.3
1534	93.3
1535	93.3
1536	93.3
1537	93.3
1538	93.3
1539	93.3
1540	93.3
1541	93.3
1542	93.3
1543	93.3
1544	93.3
1545	93.3
1546	93.3
1547	86.8211380303821
1548	86.8211380303821
1549	86.8211380303821
1550	86.8211380303821
1551	35.55017385363317
1552	35.55017385363317
1553	35.55017385363317
1554	35.55017385363317
1555	93.3
1556	93.3
1557	93.3
1558	93.3
1559	93.3
1560	93.3
1561	93.3
1562	93.3
1563	93.3
1564	93.3
1565	93.3
1566	93.3
1567	87.00414291250566
1568	87.00414291250566
1569	87.00414291250566
1570	87.00414291250566
1571	43.280328029061394
1572	43.280328029061394
1573	43.280328029061394
1574	43.280328029061394
1575	93.3
1576	93.3
1577	93.3
1578	93.3
1579	36.48305567928097
1580	36.48305567928097
1581	36.48305567928097
1582	36.48305567928097
1583	85.51451422503905
1584	85.51451422503905
1585	85.51451422503905
1586	85.51451422503905
1587	93.3
1588	93.3
1589	93.3
1590	93.3
1591	31.768579622950284
1592	31.768579622950284
1593	31.768579622950284
1594	31.768579622950284
1595	93.3
1596	93.3
1597	93.3
1598	93.3
1599	45.00398463868857
1600	45.00398463868857
1601	45.00398463868857
1602	45.00398463868857
1603	93.3
1604	93.3
1605	93.3
1606	93.3
1607	93.3
1608	93.3
1609	93.3
1610	93.3
1611	18.4515131316697
1612	18.4515131316697
1613	18.4515131316697
1614	18.4515131316697
1615	0.1
1616	0.1
1617	0.1
1618	0.1
1619	23.51517718662194
1620	23.51517718662194
1621	23.51517718662194
1622	23.51517718662194
1623	53.1110945645632
1624	53.1110945645632
1625	53.1110945645632
1626	53.1110945645632
1627	93.3
1628	93.3
1629	93.3
1630	93.3
1631	93.3
1632	93.3
1633	93.3
1634	93.3
1635	93.3
1636	93.3
1637	93.3
1638	93.3
1639	32.98218725100341
1640	32.98218725100341
1641	32.98218725100341
1642	32.98218725100341
1643	68.41722466055884
1644	68.41722466055884
1645	68.41722466055884
1646	68.41722466055884
1647	79.51254192324843
1648	79.51254192324843
1649	79.51254192324843
1650	79.51254192324843
1651	93.3
1652	93.3
1653	93.3
1654	93.3
1655	59.06641400454262
1656	59.06641400454262
1657	59.06641400454262
1658	59.06641400454262
1659	93.3
1660	93.3
1661	93.3
1662	93.3
1663	90.78822511116064
1664	90.78822511116064
1665	90.78822511116064
1666	90.78822511116064
1667	93.3
1668	93.3
1669	93.3
1670	93.3
1671	87.71562727051962
1672	87.71562727051962
1673	87.71562727051962
1674	87.71562727051962
1675	2.6598400939393088
1676	2.6598400939393088
1677	2.6598400939393088
1678	2.6598400939393088
1679	93.3
1680	93.3
1681	93.3
1682	93.3
1683	47.29327400324339
1684	47.29327400324339
1685	47.29327400324339
1686	47.29327400324339
1687	66.66412421435761
1688	66.66412421435761
1689	66.66412421435761
1690	66.66412421435761
1691	93.3
1692	93.3
1693	93.3
1694	93.3
1695	70.50149987010057
1696	70.50149987010057
1697	70.50149987010057
1698	70.50149987010057
1699	0.1
1700	0.1
1701	0.1
1702	0.1
1703	29.941154348578927
1704	29.941154348578927
1705	29.941154348578927
1706	29.941154348578927
1707	71.30661477124028
1708	71.30661477124028
1709	71.30661477124028
1710	71.30661477124028
1711	93.3
1712	93.3
1713	93.3
1714	93.3
1715	48.236964974439246
1716	48.236964974439246
1717	48.236964974439246
1718	48.236964974439246
1719	93.3
1720	93.3
1721	93.3
1722	93.3
1723	15.289149873818545
1724	15.289149873818545
1725	15.289149873818545
1726	15.289149873818545
1727	31.79782943971319
1728	31.79782943971319
1729	31.79782943971319
1730	31.79782943971319
1731	93.3
1732	93.3
1733	93.3
1734	93.3
1735	93.3
1736	93.3
1737	93.3
1738	93.3
1739	93.3
1740	93.3
1741	93.3
1742	93.3
1743	45.66385123926067
1744	45.66385123926067
1745	45.66385123926067
1746	45.66385123926067
1747	20.107355293391237
1748	20.107355293391237
1749	20.107355293391237
1750	20.107355293391237
1751	46.82941512802813
1752	46.82941512802813
1753	46.82941512802813
1754	46.82941512802813
1755	58.48512140490333
1756	58.48512140490333
1757	58.48512140490333
1758	58.48512140490333
1759	42.11667822220771
1760	42.11667822220771
1761	42.11667822220771
1762	42.11667822220771
1763	93.3
1764	93.3
1765	93.3
1766	93.3
1767	82.79058922749188
1768	82.79058922749188
1769	82.79058922749188
1770	82.79058922749188
1771	93.3
1772	93.3
1773	93.3
1774	93.3
1775	93.3
1776	93.3
1777	93.3
1778	93.3
1779	70.29166945228674
1780	70.29166945228674
1781	70.29166945228674
1782	70.29166945228674
1783	9.320210587040165
1784	9.320210587040165
1785	9.320210587040165
1786	9.320210587040165
1787	93.3
1788	93.3
1789	93.3
1790	93.3
1791	93.3
1792	93.3
1793	93.3
1794	93.3
1795	76.0087743375835
1796	76.0087743375835
1797	76.0087743375835
1798	76.0087743375835
1799	64.0974563527957
1800	64.0974563527957
1801	64.0974563527957
1802	89.72938813230985
1803	89.72938813230985
1804	89.72938813230985
1805	89.72938813230985
1806	56.714463261676435
1807	56.714463261676435
1808	56.714463261676435
1809	56.714463261676435
1810	11.790451107954759
1811	11.790451107954759
1812	11.790451107954759
1813	11.790451107954759
1814	64.53570100197891
1815	64.53570100197891
1816	64.53570100197891
1817	64.53570100197891
1818	7.9338354953549555
1819	7.9338354953549555
1820	7.9338354953549555
1821	7.9338354953549555
1822	34.0355073450965
1823	34.0355073450965
1824	34.0355073450965
1825	34.0355073450965
1826	93.3
1827	93.3
1828	93.3
1829	93.3
1830	81.50118369352008
1831	81.50118369352008
1832	81.50118369352008
1833	81.50118369352008
1834	93.3
1835	93.3
1836	93.3
1837	93.3
1838	93.3
1839	93.3
1840	93.3
1841	93.3
1842	1.1503110043118312
1843	1.1503110043118312
1844	1.1503110043118312
1845	1.1503110043118312
1846	93.3
1847	93.3
1848	93.3
1849	93.3
1850	28.094067223758245
1851	28.094067223758245
1852	28.094067223758245
1853	28.094067223758245
1854	61.839791789692015
1855	61.839791789692015
1856	61.839791789692015
1857	61.839791789692015
1858	39.69060080568832
1859	39.69060080568832
1860	39.69060080568832
1861	39.69060080568832
1862	89.8751409256708
1863	89.8751409256708
1864	89.8751409256708
1865	89.8751409256708
1866	71.82244026353312
1867	71.82244026353312
1868	71.82244026353312
1869	71.82244026353312
1870	93.3
1871	93.3
1872	93.3
1873	93.3
1874	93.3
1875	93.3
1876	93.3
1877	93.3
1878	92.90589482781209
1879	92.90589482781209
1880	92.90589482781209
1881	92.90589482781209
1882	91.09277458334941
1883	91.09277458334941
1884	91.09277458334941
1885	91.09277458334941
1886	88.0066058678598
1887	88.0066058678598
1888	88.0066058678598
1889	88.0066058678598
1890	93.3
1891	93.3
1892	93.3
1893	93.3
1894	71.57720859404427
1895	71.57720859404427
1896	71.57720859404427
1897	71.57720859404427
1898	56.13200951580636
1899	56.13200951580636
1900	56.13200951580636
1901	56.13200951580636
1902	0.1
1903	0.1
1904	0.1
1905	0.1
1906	93.3
1907	93.3
1908	93.3
1909	93.3
1910	93.3
1911	93.3
1912	93.3
1913	93.3
1914	43.89680850588145
1915	43.89680850588145
1916	43.89680850588145
1917	43.89680850588145
1918	81.14956346146036
1919	81.14956346146036
1920	81.14956346146036
1921	81.14956346146036
1922	0.1
1923	0.1
1924	0.1
1925	0.1
1926	61.95086031731282
1927	61.95086031731282
1928	61.95086031731282
1929	61.95086031731282
1930	68.29094588080648
1931	68.29094588080648
1932	68.29094588080648
1933	68.29094588080648
1934	93.3
1935	93.3
1936	93.3
1937	93.3
1938	68.40181762480054
1939	68.40181762480054
1940	68.40181762480054
1941	68.40181762480054
1942	74.20351335429184
1943	74.20351335429184
1944	74.20351335429184
1945	74.20351335429184
1946	16.0655881426002
1947	16.0655881426002
1948	16.0655881426002
1949	16.0655881426002
1950	93.3
1951	93.3
1952	93.3
1953	93.3
1954	60.91704379500318
1955	60.91704379500318
1956	60.91704379500318
1957	60.91704379500318
1958	64.915017658464
1959	64.915017658464
1960	64.915017658464
1961	64.915017658464
1962	93.3
1963	93.3
1964	93.3
1965	93.3
1966	69.20509738427945
1967	69.20509738427945
1968	69.20509738427945
1969	69.20509738427945
1970	28.00271494318887
1971	28.00271494318887
1972	28.00271494318887
1973	28.00271494318887
1974	93.3
1975	93.3
1976	93.3
1977	93.3
1978	48.24732394183696
1979	48.24732394183696
1980	48.24732394183696
1981	48.24732394183696
1982	23.627451483346547
1983	23.627451483346547
1984	23.627451483346547
1985	23.627451483346547
1986	0.1
1987	0.1
1988	0.1
1989	0.1
1990	49.33737385161559
1991	49.33737385161559
1992	49.33737385161559
1993	49.33737385161559
1994	93.3
1995	93.3
