0	475801.0
1	475801.0
2	475801.0
3	475801.0
4	475801.0
5	468491.0
6	468491.0
7	468491.0
8	468491.0
9	468491.0
10	603092.0
11	603092.0
12	603092.0
13	603092.0
14	603092.0
15	416506.0
16	416506.0
17	416506.0
18	416506.0
19	416506.0
20	30769.0
21	30769.0
22	30769.0
23	30769.0
24	30769.0
25	90759.0
26	90759.0
27	90759.0
28	90759.0
29	90759.0
30	79076.0
31	79076.0
32	79076.0
33	79076.0
34	79076.0
35	394867.0
36	394867.0
37	394867.0
38	394867.0
39	394867.0
40	236223.0
41	236223.0
42	236223.0
43	236223.0
44	236223.0
45	197944.0
46	197944.0
47	197944.0
48	197944.0
49	197944.0
50	582155.0
51	582155.0
52	582155.0
53	582155.0
54	582155.0
55	305069.0
56	305069.0
57	305069.0
58	305069.0
59	305069.0
60	446728.0
61	446728.0
62	446728.0
63	446728.0
64	446728.0
65	336636.0
66	336636.0
67	336636.0
68	336636.0
69	336636.0
70	291781.0
71	291781.0
72	291781.0
73	291781.0
74	291781.0
75	101955.0
76	101955.0
77	101955.0
78	101955.0
79	101955.0
80	200547.0
81	200547.0
82	200547.0
83	200547.0
84	200547.0
85	559292.0
86	559292.0
87	559292.0
88	559292.0
89	559292.0
90	439006.0
91	439006.0
92	439006.0
93	439006.0
94	439006.0
95	145246.0
96	145246.0
97	145246.0
98	145246.0
99	145246.0
100	359377.0
101	359377.0
102	359377.0
103	359377.0
104	359377.0
105	862739.0
106	862739.0
107	862739.0
108	862739.0
109	862739.0
110	179817.0
111	179817.0
112	179817.0
113	179817.0
114	179817.0
115	480796.0
116	480796.0
117	480796.0
118	480796.0
119	480796.0
120	706606.0
121	706606.0
122	706606.0
123	706606.0
124	706606.0
125	178066.0
126	178066.0
127	178066.0
128	178066.0
129	178066.0
130	67798.0
131	67798.0
132	67798.0
133	67798.0
134	67798.0
135	903693.0
136	903693.0
137	903693.0
138	903693.0
139	903693.0
140	545236.0
141	545236.0
142	545236.0
143	545236.0
144	545236.0
145	202951.0
146	202951.0
147	202951.0
148	202951.0
149	202951.0
150	142659.0
151	142659.0
152	142659.0
153	142659.0
154	142659.0
155	137768.0
156	137768.0
157	137768.0
158	137768.0
159	137768.0
160	198977.0
161	198977.0
162	198977.0
163	198977.0
164	198977.0
165	917244.0
166	917244.0
167	917244.0
168	917244.0
169	917244.0
170	536055.0
171	536055.0
172	536055.0
173	536055.0
174	536055.0
175	724102.0
176	724102.0
177	724102.0
178	724102.0
179	724102.0
180	457016.0
181	457016.0
182	457016.0
183	457016.0
184	457016.0
185	443444.0
186	443444.0
187	443444.0
188	443444.0
189	443444.0
190	509628.0
191	509628.0
192	509628.0
193	509628.0
194	509628.0
195	325124.0
196	325124.0
197	325124.0
198	325124.0
199	325124.0
200	504056.0
201	504056.0
202	504056.0
203	504056.0
204	504056.0
205	9559.0
206	9559.0
207	9559.0
208	9559.0
209	9559.0
210	556096.0
211	556096.0
212	556096.0
213	556096.0
214	556096.0
215	230075.0
216	230075.0
217	230075.0
218	230075.0
219	230075.0
220	532579.0
221	532579.0
222	532579.0
223	532579.0
224	532579.0
225	484000.0
226	484000.0
227	484000.0
228	484000.0
229	484000.0
230	279910.0
231	279910.0
232	279910.0
233	279910.0
234	279910.0
235	304784.0
236	304784.0
237	304784.0
238	304784.0
239	304784.0
240	895490.0
241	895490.0
242	895490.0
243	895490.0
244	895490.0
245	365347.0
246	365347.0
247	365347.0
248	365347.0
249	365347.0
