0	622042.0
1	622042.0
2	622042.0
3	622042.0
4	622042.0
5	88603.0
6	88603.0
7	88603.0
8	88603.0
9	88603.0
10	129235.0
11	129235.0
12	129235.0
13	129235.0
14	129235.0
15	133699.0
16	133699.0
17	133699.0
18	133699.0
19	133699.0
20	405968.0
21	405968.0
22	405968.0
23	405968.0
24	405968.0
25	627788.0
26	627788.0
27	627788.0
28	627788.0
29	627788.0
30	366282.0
31	366282.0
32	366282.0
33	366282.0
34	366282.0
35	6030.0
36	6030.0
37	6030.0
38	6030.0
39	6030.0
40	685802.0
41	685802.0
42	685802.0
43	685802.0
44	685802.0
45	295133.0
46	295133.0
47	295133.0
48	295133.0
49	295133.0
50	856105.0
51	856105.0
52	856105.0
53	856105.0
54	856105.0
55	425645.0
56	425645.0
57	425645.0
58	425645.0
59	425645.0
60	755788.0
61	755788.0
62	755788.0
63	755788.0
64	755788.0
65	730105.0
66	730105.0
67	730105.0
68	730105.0
69	730105.0
70	452700.0
71	452700.0
72	452700.0
73	452700.0
74	452700.0
75	105866.0
76	105866.0
77	105866.0
78	105866.0
79	105866.0
80	539142.0
81	539142.0
82	539142.0
83	539142.0
84	539142.0
85	46419.0
86	46419.0
87	46419.0
88	46419.0
89	46419.0
90	508869.0
91	508869.0
92	508869.0
93	508869.0
94	508869.0
95	869130.0
96	869130.0
97	869130.0
98	869130.0
99	869130.0
100	661437.0
101	661437.0
102	661437.0
103	661437.0
104	661437.0
105	48566.0
106	48566.0
107	48566.0
108	48566.0
109	48566.0
110	819520.0
111	819520.0
112	819520.0
113	819520.0
114	819520.0
115	876637.0
116	876637.0
117	876637.0
118	876637.0
119	876637.0
120	768327.0
121	768327.0
122	768327.0
123	768327.0
124	768327.0
125	277085.0
126	277085.0
127	277085.0
128	277085.0
129	277085.0
130	270554.0
131	270554.0
132	270554.0
133	270554.0
134	270554.0
135	314309.0
136	314309.0
137	314309.0
138	314309.0
139	314309.0
140	578795.0
141	578795.0
142	578795.0
143	578795.0
144	578795.0
145	783097.0
146	783097.0
147	783097.0
148	783097.0
149	783097.0
150	690307.0
151	690307.0
152	690307.0
153	690307.0
154	690307.0
155	531008.0
156	531008.0
157	531008.0
158	531008.0
159	531008.0
160	13894.0
161	13894.0
162	13894.0
163	13894.0
164	13894.0
165	440595.0
166	440595.0
167	440595.0
168	440595.0
169	440595.0
170	398904.0
171	398904.0
172	398904.0
173	398904.0
174	398904.0
175	843708.0
176	843708.0
177	843708.0
178	843708.0
179	843708.0
180	467594.0
181	467594.0
182	467594.0
183	467594.0
184	467594.0
185	745765.0
186	745765.0
187	745765.0
188	745765.0
189	745765.0
190	713353.0
191	713353.0
192	713353.0
193	713353.0
194	713353.0
195	792297.0
196	792297.0
197	792297.0
198	792297.0
199	792297.0
200	360728.0
201	360728.0
202	360728.0
203	360728.0
204	360728.0
205	474959.0
206	474959.0
207	474959.0
208	474959.0
209	474959.0
210	738413.0
211	738413.0
212	738413.0
213	738413.0
214	738413.0
215	674493.0
216	674493.0
217	674493.0
218	674493.0
219	674493.0
220	813221.0
221	813221.0
222	813221.0
223	813221.0
224	813221.0
225	601369.0
226	601369.0
227	601369.0
228	601369.0
229	601369.0
230	557230.0
231	557230.0
232	557230.0
233	557230.0
234	557230.0
235	248542.0
236	248542.0
237	248542.0
238	248542.0
239	248542.0
240	614793.0
241	614793.0
242	614793.0
243	614793.0
244	614793.0
245	754617.0
246	754617.0
247	754617.0
248	754617.0
249	754617.0
