0	23438.0
1	23438.0
2	23438.0
3	23438.0
4	23438.0
5	354477.0
6	354477.0
7	354477.0
8	354477.0
9	354477.0
10	40192.0
11	40192.0
12	40192.0
13	40192.0
14	40192.0
15	267786.0
16	267786.0
17	267786.0
18	267786.0
19	267786.0
20	224882.0
21	224882.0
22	224882.0
23	224882.0
24	224882.0
25	25491.0
26	25491.0
27	25491.0
28	25491.0
29	25491.0
30	343496.0
31	343496.0
32	343496.0
33	343496.0
34	343496.0
35	424588.0
36	424588.0
37	424588.0
38	424588.0
39	424588.0
40	360522.0
41	360522.0
42	360522.0
43	360522.0
44	360522.0
45	145691.0
46	145691.0
47	145691.0
48	145691.0
49	145691.0
50	270080.0
51	270080.0
52	270080.0
53	270080.0
54	270080.0
55	239610.0
56	239610.0
57	239610.0
58	239610.0
59	239610.0
60	6615.0
61	6615.0
62	6615.0
63	6615.0
64	6615.0
65	125430.0
66	125430.0
67	125430.0
68	125430.0
69	125430.0
70	121358.0
71	121358.0
72	121358.0
73	121358.0
74	121358.0
75	97111.0
76	97111.0
77	97111.0
78	97111.0
79	97111.0
80	198315.0
81	198315.0
82	198315.0
83	198315.0
84	198315.0
85	417061.0
86	417061.0
87	417061.0
88	417061.0
89	417061.0
90	353289.0
91	353289.0
92	353289.0
93	353289.0
94	353289.0
95	121958.0
96	121958.0
97	121958.0
98	121958.0
99	121958.0
100	406349.0
101	406349.0
102	406349.0
103	406349.0
104	406349.0
105	132970.0
106	132970.0
107	132970.0
108	132970.0
109	132970.0
110	215084.0
111	215084.0
112	215084.0
113	215084.0
114	215084.0
115	83852.0
116	83852.0
117	83852.0
118	83852.0
119	83852.0
120	400720.0
121	400720.0
122	400720.0
123	400720.0
124	400720.0
125	233781.0
126	233781.0
127	233781.0
128	233781.0
129	233781.0
130	271845.0
131	271845.0
132	271845.0
133	271845.0
134	271845.0
135	266683.0
136	266683.0
137	266683.0
138	266683.0
139	266683.0
140	142584.0
141	142584.0
142	142584.0
143	142584.0
144	142584.0
145	273583.0
146	273583.0
147	273583.0
148	273583.0
149	273583.0
150	329614.0
151	329614.0
152	329614.0
153	329614.0
154	329614.0
155	91638.0
156	91638.0
157	91638.0
158	91638.0
159	91638.0
160	120695.0
161	120695.0
162	120695.0
163	120695.0
164	120695.0
165	187558.0
166	187558.0
167	187558.0
168	187558.0
169	187558.0
170	47876.0
171	47876.0
172	47876.0
173	47876.0
174	47876.0
175	396943.0
176	396943.0
177	396943.0
178	396943.0
179	396943.0
180	331379.0
181	331379.0
182	331379.0
183	331379.0
184	331379.0
185	109981.0
186	109981.0
187	109981.0
188	109981.0
189	109981.0
190	195695.0
191	195695.0
192	195695.0
193	195695.0
194	195695.0
195	162498.0
196	162498.0
197	162498.0
198	162498.0
199	162498.0
200	76581.0
201	76581.0
202	76581.0
203	76581.0
204	76581.0
205	108502.0
206	108502.0
207	108502.0
208	108502.0
209	108502.0
210	236184.0
211	236184.0
212	236184.0
213	236184.0
214	236184.0
215	208003.0
216	208003.0
217	208003.0
218	208003.0
219	208003.0
220	224017.0
221	224017.0
222	224017.0
223	224017.0
224	224017.0
225	72033.0
226	72033.0
227	72033.0
228	72033.0
229	72033.0
230	381627.0
231	381627.0
232	381627.0
233	381627.0
234	381627.0
235	282577.0
236	282577.0
237	282577.0
238	282577.0
239	282577.0
240	221240.0
241	221240.0
242	221240.0
243	221240.0
244	221240.0
245	395947.0
246	395947.0
247	395947.0
248	395947.0
249	395947.0
