0	148178.0
1	148178.0
2	148178.0
3	148178.0
4	148178.0
5	369608.0
6	369608.0
7	369608.0
8	369608.0
9	369608.0
10	464723.0
11	464723.0
12	464723.0
13	464723.0
14	464723.0
15	327366.0
16	327366.0
17	327366.0
18	327366.0
19	327366.0
20	76646.0
21	76646.0
22	76646.0
23	76646.0
24	76646.0
25	26878.0
26	26878.0
27	26878.0
28	26878.0
29	26878.0
30	329483.0
31	329483.0
32	329483.0
33	329483.0
34	329483.0
35	175171.0
36	175171.0
37	175171.0
38	175171.0
39	175171.0
40	497535.0
41	497535.0
42	497535.0
43	497535.0
44	497535.0
45	308146.0
46	308146.0
47	308146.0
48	308146.0
49	308146.0
50	531755.0
51	531755.0
52	531755.0
53	531755.0
54	531755.0
55	398796.0
56	398796.0
57	398796.0
58	398796.0
59	398796.0
60	497587.0
61	497587.0
62	497587.0
63	497587.0
64	497587.0
65	465869.0
66	465869.0
67	465869.0
68	465869.0
69	465869.0
70	455458.0
71	455458.0
72	455458.0
73	455458.0
74	455458.0
75	372123.0
76	372123.0
77	372123.0
78	372123.0
79	372123.0
80	186577.0
81	186577.0
82	186577.0
83	186577.0
84	186577.0
85	29216.0
86	29216.0
87	29216.0
88	29216.0
89	29216.0
90	328201.0
91	328201.0
92	328201.0
93	328201.0
94	328201.0
95	673.0
96	673.0
97	673.0
98	673.0
99	673.0
100	394499.0
101	394499.0
102	394499.0
103	394499.0
104	394499.0
105	196035.0
106	196035.0
107	196035.0
108	196035.0
109	196035.0
110	172742.0
111	172742.0
112	172742.0
113	172742.0
114	172742.0
115	195486.0
116	195486.0
117	195486.0
118	195486.0
119	195486.0
120	120327.0
121	120327.0
122	120327.0
123	120327.0
124	120327.0
125	364330.0
126	364330.0
127	364330.0
128	364330.0
129	364330.0
130	431748.0
131	431748.0
132	431748.0
133	431748.0
134	431748.0
135	183251.0
136	183251.0
137	183251.0
138	183251.0
139	183251.0
140	24701.0
141	24701.0
142	24701.0
143	24701.0
144	24701.0
145	195251.0
146	195251.0
147	195251.0
148	195251.0
149	195251.0
150	536958.0
151	536958.0
152	536958.0
153	536958.0
154	536958.0
155	305895.0
156	305895.0
157	305895.0
158	305895.0
159	305895.0
160	384454.0
161	384454.0
162	384454.0
163	384454.0
164	384454.0
165	67126.0
166	67126.0
167	67126.0
168	67126.0
169	67126.0
170	415952.0
171	415952.0
172	415952.0
173	415952.0
174	415952.0
175	252011.0
176	252011.0
177	252011.0
178	252011.0
179	252011.0
180	421718.0
181	421718.0
182	421718.0
183	421718.0
184	421718.0
185	354754.0
186	354754.0
187	354754.0
188	354754.0
189	354754.0
190	145554.0
191	145554.0
192	145554.0
193	145554.0
194	145554.0
195	300667.0
196	300667.0
197	300667.0
198	300667.0
199	300667.0
200	412537.0
201	412537.0
202	412537.0
203	412537.0
204	412537.0
205	165152.0
206	165152.0
207	165152.0
208	165152.0
209	165152.0
210	90515.0
211	90515.0
212	90515.0
213	90515.0
214	90515.0
215	213479.0
216	213479.0
217	213479.0
218	213479.0
219	213479.0
220	37339.0
221	37339.0
222	37339.0
223	37339.0
224	37339.0
225	274405.0
226	274405.0
227	274405.0
228	274405.0
229	274405.0
230	78120.0
231	78120.0
232	78120.0
233	78120.0
234	78120.0
235	250074.0
236	250074.0
237	250074.0
238	250074.0
239	250074.0
240	506854.0
241	506854.0
242	506854.0
243	506854.0
244	506854.0
245	92244.0
246	92244.0
247	92244.0
248	92244.0
249	92244.0
