0	170819.0
1	170819.0
2	170819.0
3	170819.0
4	170819.0
5	229399.0
6	229399.0
7	229399.0
8	229399.0
9	229399.0
10	181013.0
11	181013.0
12	181013.0
13	181013.0
14	181013.0
15	51344.0
16	51344.0
17	51344.0
18	51344.0
19	51344.0
20	181264.0
21	181264.0
22	181264.0
23	181264.0
24	181264.0
25	282547.0
26	282547.0
27	282547.0
28	282547.0
29	282547.0
30	191965.0
31	191965.0
32	191965.0
33	191965.0
34	191965.0
35	62881.0
36	62881.0
37	62881.0
38	62881.0
39	62881.0
40	66796.0
41	66796.0
42	66796.0
43	66796.0
44	66796.0
45	155398.0
46	155398.0
47	155398.0
48	155398.0
49	155398.0
50	265046.0
51	265046.0
52	265046.0
53	265046.0
54	265046.0
55	139177.0
56	139177.0
57	139177.0
58	139177.0
59	139177.0
60	127820.0
61	127820.0
62	127820.0
63	127820.0
64	127820.0
65	55286.0
66	55286.0
67	55286.0
68	55286.0
69	55286.0
70	325189.0
71	325189.0
72	325189.0
73	325189.0
74	325189.0
75	437303.0
76	437303.0
77	437303.0
78	437303.0
79	437303.0
80	260824.0
81	260824.0
82	260824.0
83	260824.0
84	260824.0
85	185031.0
86	185031.0
87	185031.0
88	185031.0
89	185031.0
90	492722.0
91	492722.0
92	492722.0
93	492722.0
94	492722.0
95	390422.0
96	390422.0
97	390422.0
98	390422.0
99	390422.0
100	410475.0
101	410475.0
102	410475.0
103	410475.0
104	410475.0
105	454781.0
106	454781.0
107	454781.0
108	454781.0
109	454781.0
110	427880.0
111	427880.0
112	427880.0
113	427880.0
114	427880.0
115	309098.0
116	309098.0
117	309098.0
118	309098.0
119	309098.0
120	66752.0
121	66752.0
122	66752.0
123	66752.0
124	66752.0
125	135935.0
126	135935.0
127	135935.0
128	135935.0
129	135935.0
130	134765.0
131	134765.0
132	134765.0
133	134765.0
134	134765.0
135	172480.0
136	172480.0
137	172480.0
138	172480.0
139	172480.0
140	173710.0
141	173710.0
142	173710.0
143	173710.0
144	173710.0
145	498110.0
146	498110.0
147	498110.0
148	498110.0
149	498110.0
150	306282.0
151	306282.0
152	306282.0
153	306282.0
154	306282.0
155	271886.0
156	271886.0
157	271886.0
158	271886.0
159	271886.0
160	584057.0
161	584057.0
162	584057.0
163	584057.0
164	584057.0
165	103048.0
166	103048.0
167	103048.0
168	103048.0
169	103048.0
170	34222.0
171	34222.0
172	34222.0
173	34222.0
174	34222.0
175	62430.0
176	62430.0
177	62430.0
178	62430.0
179	62430.0
180	247767.0
181	247767.0
182	247767.0
183	247767.0
184	247767.0
185	459060.0
186	459060.0
187	459060.0
188	459060.0
189	459060.0
190	237836.0
191	237836.0
192	237836.0
193	237836.0
194	237836.0
195	55619.0
196	55619.0
197	55619.0
198	55619.0
199	55619.0
200	435243.0
201	435243.0
202	435243.0
203	435243.0
204	435243.0
205	379244.0
206	379244.0
207	379244.0
208	379244.0
209	379244.0
210	500127.0
211	500127.0
212	500127.0
213	500127.0
214	500127.0
215	122152.0
216	122152.0
217	122152.0
218	122152.0
219	122152.0
220	10976.0
221	10976.0
222	10976.0
223	10976.0
224	10976.0
225	128345.0
226	128345.0
227	128345.0
228	128345.0
229	128345.0
230	113996.0
231	113996.0
232	113996.0
233	113996.0
234	113996.0
235	241967.0
236	241967.0
237	241967.0
238	241967.0
239	241967.0
240	538453.0
241	538453.0
242	538453.0
243	538453.0
244	538453.0
245	250036.0
246	250036.0
247	250036.0
248	250036.0
249	250036.0
