0	582645.0
1	582645.0
2	582645.0
3	582645.0
4	582645.0
5	527838.0
6	527838.0
7	527838.0
8	527838.0
9	527838.0
10	167165.0
11	167165.0
12	167165.0
13	167165.0
14	167165.0
15	503706.0
16	503706.0
17	503706.0
18	503706.0
19	503706.0
20	248013.0
21	248013.0
22	248013.0
23	248013.0
24	248013.0
25	486588.0
26	486588.0
27	486588.0
28	486588.0
29	486588.0
30	235224.0
31	235224.0
32	235224.0
33	235224.0
34	235224.0
35	416018.0
36	416018.0
37	416018.0
38	416018.0
39	416018.0
40	192367.0
41	192367.0
42	192367.0
43	192367.0
44	192367.0
45	538054.0
46	538054.0
47	538054.0
48	538054.0
49	538054.0
50	79543.0
51	79543.0
52	79543.0
53	79543.0
54	79543.0
55	114665.0
56	114665.0
57	114665.0
58	114665.0
59	114665.0
60	326046.0
61	326046.0
62	326046.0
63	326046.0
64	326046.0
65	152318.0
66	152318.0
67	152318.0
68	152318.0
69	152318.0
70	418468.0
71	418468.0
72	418468.0
73	418468.0
74	418468.0
75	86518.0
76	86518.0
77	86518.0
78	86518.0
79	86518.0
80	84118.0
81	84118.0
82	84118.0
83	84118.0
84	84118.0
85	538182.0
86	538182.0
87	538182.0
88	538182.0
89	538182.0
90	218204.0
91	218204.0
92	218204.0
93	218204.0
94	218204.0
95	245887.0
96	245887.0
97	245887.0
98	245887.0
99	245887.0
100	398191.0
101	398191.0
102	398191.0
103	398191.0
104	398191.0
105	58676.0
106	58676.0
107	58676.0
108	58676.0
109	58676.0
110	111121.0
111	111121.0
112	111121.0
113	111121.0
114	111121.0
115	216938.0
116	216938.0
117	216938.0
118	216938.0
119	216938.0
120	381367.0
121	381367.0
122	381367.0
123	381367.0
124	381367.0
125	274105.0
126	274105.0
127	274105.0
128	274105.0
129	274105.0
130	574775.0
131	574775.0
132	574775.0
133	574775.0
134	574775.0
135	106998.0
136	106998.0
137	106998.0
138	106998.0
139	106998.0
140	512905.0
141	512905.0
142	512905.0
143	512905.0
144	512905.0
145	413733.0
146	413733.0
147	413733.0
148	413733.0
149	413733.0
150	244876.0
151	244876.0
152	244876.0
153	244876.0
154	244876.0
155	419078.0
156	419078.0
157	419078.0
158	419078.0
159	419078.0
160	266238.0
161	266238.0
162	266238.0
163	266238.0
164	266238.0
165	360955.0
166	360955.0
167	360955.0
168	360955.0
169	360955.0
170	494077.0
171	494077.0
172	494077.0
173	494077.0
174	494077.0
175	194250.0
176	194250.0
177	194250.0
178	194250.0
179	194250.0
180	421905.0
181	421905.0
182	421905.0
183	421905.0
184	421905.0
185	12576.0
186	12576.0
187	12576.0
188	12576.0
189	12576.0
190	263001.0
191	263001.0
192	263001.0
193	263001.0
194	263001.0
195	363973.0
196	363973.0
197	363973.0
198	363973.0
199	363973.0
200	65422.0
201	65422.0
202	65422.0
203	65422.0
204	65422.0
205	441137.0
206	441137.0
207	441137.0
208	441137.0
209	441137.0
210	165263.0
211	165263.0
212	165263.0
213	165263.0
214	165263.0
215	203784.0
216	203784.0
217	203784.0
218	203784.0
219	203784.0
220	364846.0
221	364846.0
222	364846.0
223	364846.0
224	364846.0
225	469049.0
226	469049.0
227	469049.0
228	469049.0
229	469049.0
230	7851.0
231	7851.0
232	7851.0
233	7851.0
234	7851.0
235	263237.0
236	263237.0
237	263237.0
238	263237.0
239	263237.0
240	209019.0
241	209019.0
242	209019.0
243	209019.0
244	209019.0
245	391775.0
246	391775.0
247	391775.0
248	391775.0
249	391775.0
