0	222662.0
1	222662.0
2	222662.0
3	222662.0
4	222662.0
5	343070.0
6	343070.0
7	343070.0
8	343070.0
9	343070.0
10	480417.0
11	480417.0
12	480417.0
13	480417.0
14	480417.0
15	581183.0
16	581183.0
17	581183.0
18	581183.0
19	581183.0
20	554416.0
21	554416.0
22	554416.0
23	554416.0
24	554416.0
25	302315.0
26	302315.0
27	302315.0
28	302315.0
29	302315.0
30	684723.0
31	684723.0
32	684723.0
33	684723.0
34	684723.0
35	349999.0
36	349999.0
37	349999.0
38	349999.0
39	349999.0
40	220989.0
41	220989.0
42	220989.0
43	220989.0
44	220989.0
45	611218.0
46	611218.0
47	611218.0
48	611218.0
49	611218.0
50	447325.0
51	447325.0
52	447325.0
53	447325.0
54	447325.0
55	522475.0
56	522475.0
57	522475.0
58	522475.0
59	522475.0
60	725461.0
61	725461.0
62	725461.0
63	725461.0
64	725461.0
65	725709.0
66	725709.0
67	725709.0
68	725709.0
69	725709.0
70	555147.0
71	555147.0
72	555147.0
73	555147.0
74	555147.0
75	106916.0
76	106916.0
77	106916.0
78	106916.0
79	106916.0
80	498688.0
81	498688.0
82	498688.0
83	498688.0
84	498688.0
85	48447.0
86	48447.0
87	48447.0
88	48447.0
89	48447.0
90	283659.0
91	283659.0
92	283659.0
93	283659.0
94	283659.0
95	649019.0
96	649019.0
97	649019.0
98	649019.0
99	649019.0
100	662263.0
101	662263.0
102	662263.0
103	662263.0
104	662263.0
105	483057.0
106	483057.0
107	483057.0
108	483057.0
109	483057.0
110	32099.0
111	32099.0
112	32099.0
113	32099.0
114	32099.0
115	364534.0
116	364534.0
117	364534.0
118	364534.0
119	364534.0
120	631150.0
121	631150.0
122	631150.0
123	631150.0
124	631150.0
125	583158.0
126	583158.0
127	583158.0
128	583158.0
129	583158.0
130	742673.0
131	742673.0
132	742673.0
133	742673.0
134	742673.0
135	265068.0
136	265068.0
137	265068.0
138	265068.0
139	265068.0
140	255610.0
141	255610.0
142	255610.0
143	255610.0
144	255610.0
145	666245.0
146	666245.0
147	666245.0
148	666245.0
149	666245.0
150	490603.0
151	490603.0
152	490603.0
153	490603.0
154	490603.0
155	613692.0
156	613692.0
157	613692.0
158	613692.0
159	613692.0
160	47834.0
161	47834.0
162	47834.0
163	47834.0
164	47834.0
165	174532.0
166	174532.0
167	174532.0
168	174532.0
169	174532.0
170	726807.0
171	726807.0
172	726807.0
173	726807.0
174	726807.0
175	128799.0
176	128799.0
177	128799.0
178	128799.0
179	128799.0
180	60187.0
181	60187.0
182	60187.0
183	60187.0
184	60187.0
185	634650.0
186	634650.0
187	634650.0
188	634650.0
189	634650.0
190	162034.0
191	162034.0
192	162034.0
193	162034.0
194	162034.0
195	77787.0
196	77787.0
197	77787.0
198	77787.0
199	77787.0
200	158428.0
201	158428.0
202	158428.0
203	158428.0
204	158428.0
205	338119.0
206	338119.0
207	338119.0
208	338119.0
209	338119.0
210	226617.0
211	226617.0
212	226617.0
213	226617.0
214	226617.0
215	97818.0
216	97818.0
217	97818.0
218	97818.0
219	97818.0
220	192315.0
221	192315.0
222	192315.0
223	192315.0
224	192315.0
225	558448.0
226	558448.0
227	558448.0
228	558448.0
229	558448.0
230	694860.0
231	694860.0
232	694860.0
233	694860.0
234	694860.0
235	58359.0
236	58359.0
237	58359.0
238	58359.0
239	58359.0
240	509979.0
241	509979.0
242	509979.0
243	509979.0
244	509979.0
245	77125.0
246	77125.0
247	77125.0
248	77125.0
249	77125.0
