0	656014.0
1	656014.0
2	656014.0
3	656014.0
4	656014.0
5	201646.0
6	201646.0
7	201646.0
8	201646.0
9	201646.0
10	717372.0
11	717372.0
12	717372.0
13	717372.0
14	717372.0
15	492487.0
16	492487.0
17	492487.0
18	492487.0
19	492487.0
20	625114.0
21	625114.0
22	625114.0
23	625114.0
24	625114.0
25	700360.0
26	700360.0
27	700360.0
28	700360.0
29	700360.0
30	506538.0
31	506538.0
32	506538.0
33	506538.0
34	506538.0
35	550850.0
36	550850.0
37	550850.0
38	550850.0
39	550850.0
40	127038.0
41	127038.0
42	127038.0
43	127038.0
44	127038.0
45	155560.0
46	155560.0
47	155560.0
48	155560.0
49	155560.0
50	659165.0
51	659165.0
52	659165.0
53	659165.0
54	659165.0
55	726957.0
56	726957.0
57	726957.0
58	726957.0
59	726957.0
60	28325.0
61	28325.0
62	28325.0
63	28325.0
64	28325.0
65	222665.0
66	222665.0
67	222665.0
68	222665.0
69	222665.0
70	678546.0
71	678546.0
72	678546.0
73	678546.0
74	678546.0
75	696612.0
76	696612.0
77	696612.0
78	696612.0
79	696612.0
80	452123.0
81	452123.0
82	452123.0
83	452123.0
84	452123.0
85	242366.0
86	242366.0
87	242366.0
88	242366.0
89	242366.0
90	505630.0
91	505630.0
92	505630.0
93	505630.0
94	505630.0
95	474717.0
96	474717.0
97	474717.0
98	474717.0
99	474717.0
100	154329.0
101	154329.0
102	154329.0
103	154329.0
104	154329.0
105	117200.0
106	117200.0
107	117200.0
108	117200.0
109	117200.0
110	217712.0
111	217712.0
112	217712.0
113	217712.0
114	217712.0
115	663175.0
116	663175.0
117	663175.0
118	663175.0
119	663175.0
120	56251.0
121	56251.0
122	56251.0
123	56251.0
124	56251.0
125	241523.0
126	241523.0
127	241523.0
128	241523.0
129	241523.0
130	158310.0
131	158310.0
132	158310.0
133	158310.0
134	158310.0
135	30527.0
136	30527.0
137	30527.0
138	30527.0
139	30527.0
140	709165.0
141	709165.0
142	709165.0
143	709165.0
144	709165.0
145	709946.0
146	709946.0
147	709946.0
148	709946.0
149	709946.0
150	351997.0
151	351997.0
152	351997.0
153	351997.0
154	351997.0
155	7085.0
156	7085.0
157	7085.0
158	7085.0
159	7085.0
160	144157.0
161	144157.0
162	144157.0
163	144157.0
164	144157.0
165	15622.0
166	15622.0
167	15622.0
168	15622.0
169	15622.0
170	488295.0
171	488295.0
172	488295.0
173	488295.0
174	488295.0
175	121298.0
176	121298.0
177	121298.0
178	121298.0
179	121298.0
180	33366.0
181	33366.0
182	33366.0
183	33366.0
184	33366.0
185	96646.0
186	96646.0
187	96646.0
188	96646.0
189	96646.0
190	373407.0
191	373407.0
192	373407.0
193	373407.0
194	373407.0
195	437057.0
196	437057.0
197	437057.0
198	437057.0
199	437057.0
200	299617.0
201	299617.0
202	299617.0
203	299617.0
204	299617.0
205	41104.0
206	41104.0
207	41104.0
208	41104.0
209	41104.0
210	360977.0
211	360977.0
212	360977.0
213	360977.0
214	360977.0
215	56952.0
216	56952.0
217	56952.0
218	56952.0
219	56952.0
220	303900.0
221	303900.0
222	303900.0
223	303900.0
224	303900.0
225	675644.0
226	675644.0
227	675644.0
228	675644.0
229	675644.0
230	109554.0
231	109554.0
232	109554.0
233	109554.0
234	109554.0
235	135747.0
236	135747.0
237	135747.0
238	135747.0
239	135747.0
240	136091.0
241	136091.0
242	136091.0
243	136091.0
244	136091.0
245	175287.0
246	175287.0
247	175287.0
248	175287.0
249	175287.0
