0	126409.0
1	126409.0
2	126409.0
3	126409.0
4	126409.0
5	666154.0
6	666154.0
7	666154.0
8	666154.0
9	666154.0
10	3304.0
11	3304.0
12	3304.0
13	3304.0
14	3304.0
15	93915.0
16	93915.0
17	93915.0
18	93915.0
19	93915.0
20	499907.0
21	499907.0
22	499907.0
23	499907.0
24	499907.0
25	671513.0
26	671513.0
27	671513.0
28	671513.0
29	671513.0
30	124695.0
31	124695.0
32	124695.0
33	124695.0
34	124695.0
35	57729.0
36	57729.0
37	57729.0
38	57729.0
39	57729.0
40	144584.0
41	144584.0
42	144584.0
43	144584.0
44	144584.0
45	215584.0
46	215584.0
47	215584.0
48	215584.0
49	215584.0
50	489847.0
51	489847.0
52	489847.0
53	489847.0
54	489847.0
55	119017.0
56	119017.0
57	119017.0
58	119017.0
59	119017.0
60	40201.0
61	40201.0
62	40201.0
63	40201.0
64	40201.0
65	683144.0
66	683144.0
67	683144.0
68	683144.0
69	683144.0
70	517529.0
71	517529.0
72	517529.0
73	517529.0
74	517529.0
75	350707.0
76	350707.0
77	350707.0
78	350707.0
79	350707.0
80	533880.0
81	533880.0
82	533880.0
83	533880.0
84	533880.0
85	174277.0
86	174277.0
87	174277.0
88	174277.0
89	174277.0
90	68567.0
91	68567.0
92	68567.0
93	68567.0
94	68567.0
95	182761.0
96	182761.0
97	182761.0
98	182761.0
99	182761.0
100	21680.0
101	21680.0
102	21680.0
103	21680.0
104	21680.0
105	477320.0
106	477320.0
107	477320.0
108	477320.0
109	477320.0
110	481936.0
111	481936.0
112	481936.0
113	481936.0
114	481936.0
115	645581.0
116	645581.0
117	645581.0
118	645581.0
119	645581.0
120	449719.0
121	449719.0
122	449719.0
123	449719.0
124	449719.0
125	612153.0
126	612153.0
127	612153.0
128	612153.0
129	612153.0
130	313948.0
131	313948.0
132	313948.0
133	313948.0
134	313948.0
135	562084.0
136	562084.0
137	562084.0
138	562084.0
139	562084.0
140	731752.0
141	731752.0
142	731752.0
143	731752.0
144	731752.0
145	286224.0
146	286224.0
147	286224.0
148	286224.0
149	286224.0
150	556100.0
151	556100.0
152	556100.0
153	556100.0
154	556100.0
155	441713.0
156	441713.0
157	441713.0
158	441713.0
159	441713.0
160	251511.0
161	251511.0
162	251511.0
163	251511.0
164	251511.0
165	589536.0
166	589536.0
167	589536.0
168	589536.0
169	589536.0
170	286864.0
171	286864.0
172	286864.0
173	286864.0
174	286864.0
175	449391.0
176	449391.0
177	449391.0
178	449391.0
179	449391.0
180	552488.0
181	552488.0
182	552488.0
183	552488.0
184	552488.0
185	170582.0
186	170582.0
187	170582.0
188	170582.0
189	170582.0
190	488577.0
191	488577.0
192	488577.0
193	488577.0
194	488577.0
195	634410.0
196	634410.0
197	634410.0
198	634410.0
199	634410.0
200	391240.0
201	391240.0
202	391240.0
203	391240.0
204	391240.0
205	248517.0
206	248517.0
207	248517.0
208	248517.0
209	248517.0
210	577986.0
211	577986.0
212	577986.0
213	577986.0
214	577986.0
215	546827.0
216	546827.0
217	546827.0
218	546827.0
219	546827.0
220	70529.0
221	70529.0
222	70529.0
223	70529.0
224	70529.0
225	498900.0
226	498900.0
227	498900.0
228	498900.0
229	498900.0
230	317242.0
231	317242.0
232	317242.0
233	317242.0
234	317242.0
235	4180.0
236	4180.0
237	4180.0
238	4180.0
239	4180.0
240	568593.0
241	568593.0
242	568593.0
243	568593.0
244	568593.0
245	717817.0
246	717817.0
247	717817.0
248	717817.0
249	717817.0
