0	773358.0
1	773358.0
2	773358.0
3	773358.0
4	773358.0
5	260222.0
6	260222.0
7	260222.0
8	260222.0
9	260222.0
10	312401.0
11	312401.0
12	312401.0
13	312401.0
14	312401.0
15	703643.0
16	703643.0
17	703643.0
18	703643.0
19	703643.0
20	405180.0
21	405180.0
22	405180.0
23	405180.0
24	405180.0
25	52844.0
26	52844.0
27	52844.0
28	52844.0
29	52844.0
30	265797.0
31	265797.0
32	265797.0
33	265797.0
34	265797.0
35	32700.0
36	32700.0
37	32700.0
38	32700.0
39	32700.0
40	342662.0
41	342662.0
42	342662.0
43	342662.0
44	342662.0
45	105623.0
46	105623.0
47	105623.0
48	105623.0
49	105623.0
50	510643.0
51	510643.0
52	510643.0
53	510643.0
54	510643.0
55	37865.0
56	37865.0
57	37865.0
58	37865.0
59	37865.0
60	101405.0
61	101405.0
62	101405.0
63	101405.0
64	101405.0
65	482186.0
66	482186.0
67	482186.0
68	482186.0
69	482186.0
70	492571.0
71	492571.0
72	492571.0
73	492571.0
74	492571.0
75	420257.0
76	420257.0
77	420257.0
78	420257.0
79	420257.0
80	210236.0
81	210236.0
82	210236.0
83	210236.0
84	210236.0
85	213668.0
86	213668.0
87	213668.0
88	213668.0
89	213668.0
90	352380.0
91	352380.0
92	352380.0
93	352380.0
94	352380.0
95	335220.0
96	335220.0
97	335220.0
98	335220.0
99	335220.0
100	497834.0
101	497834.0
102	497834.0
103	497834.0
104	497834.0
105	334691.0
106	334691.0
107	334691.0
108	334691.0
109	334691.0
110	415805.0
111	415805.0
112	415805.0
113	415805.0
114	415805.0
115	453128.0
116	453128.0
117	453128.0
118	453128.0
119	453128.0
120	772631.0
121	772631.0
122	772631.0
123	772631.0
124	772631.0
125	773103.0
126	773103.0
127	773103.0
128	773103.0
129	773103.0
130	728784.0
131	728784.0
132	728784.0
133	728784.0
134	728784.0
135	767654.0
136	767654.0
137	767654.0
138	767654.0
139	767654.0
140	498259.0
141	498259.0
142	498259.0
143	498259.0
144	498259.0
145	364308.0
146	364308.0
147	364308.0
148	364308.0
149	364308.0
150	817934.0
151	817934.0
152	817934.0
153	817934.0
154	817934.0
155	722293.0
156	722293.0
157	722293.0
158	722293.0
159	722293.0
160	146716.0
161	146716.0
162	146716.0
163	146716.0
164	146716.0
165	464556.0
166	464556.0
167	464556.0
168	464556.0
169	464556.0
170	374437.0
171	374437.0
172	374437.0
173	374437.0
174	374437.0
175	595663.0
176	595663.0
177	595663.0
178	595663.0
179	595663.0
180	430643.0
181	430643.0
182	430643.0
183	430643.0
184	430643.0
185	584073.0
186	584073.0
187	584073.0
188	584073.0
189	584073.0
190	517882.0
191	517882.0
192	517882.0
193	517882.0
194	517882.0
195	409984.0
196	409984.0
197	409984.0
198	409984.0
199	409984.0
200	444381.0
201	444381.0
202	444381.0
203	444381.0
204	444381.0
205	676599.0
206	676599.0
207	676599.0
208	676599.0
209	676599.0
210	547768.0
211	547768.0
212	547768.0
213	547768.0
214	547768.0
215	693805.0
216	693805.0
217	693805.0
218	693805.0
219	693805.0
220	698957.0
221	698957.0
222	698957.0
223	698957.0
224	698957.0
225	26216.0
226	26216.0
227	26216.0
228	26216.0
229	26216.0
230	99694.0
231	99694.0
232	99694.0
233	99694.0
234	99694.0
235	599306.0
236	599306.0
237	599306.0
238	599306.0
239	599306.0
240	111833.0
241	111833.0
242	111833.0
243	111833.0
244	111833.0
245	495083.0
246	495083.0
247	495083.0
248	495083.0
249	495083.0
