0	678398.0
1	678398.0
2	678398.0
3	678398.0
4	678398.0
5	351897.0
6	351897.0
7	351897.0
8	351897.0
9	351897.0
10	257688.0
11	257688.0
12	257688.0
13	257688.0
14	257688.0
15	62017.0
16	62017.0
17	62017.0
18	62017.0
19	62017.0
20	303497.0
21	303497.0
22	303497.0
23	303497.0
24	303497.0
25	683935.0
26	683935.0
27	683935.0
28	683935.0
29	683935.0
30	523716.0
31	523716.0
32	523716.0
33	523716.0
34	523716.0
35	252738.0
36	252738.0
37	252738.0
38	252738.0
39	252738.0
40	222730.0
41	222730.0
42	222730.0
43	222730.0
44	222730.0
45	219938.0
46	219938.0
47	219938.0
48	219938.0
49	219938.0
50	736122.0
51	736122.0
52	736122.0
53	736122.0
54	736122.0
55	482589.0
56	482589.0
57	482589.0
58	482589.0
59	482589.0
60	844407.0
61	844407.0
62	844407.0
63	844407.0
64	844407.0
65	738360.0
66	738360.0
67	738360.0
68	738360.0
69	738360.0
70	461051.0
71	461051.0
72	461051.0
73	461051.0
74	461051.0
75	599187.0
76	599187.0
77	599187.0
78	599187.0
79	599187.0
80	215306.0
81	215306.0
82	215306.0
83	215306.0
84	215306.0
85	840136.0
86	840136.0
87	840136.0
88	840136.0
89	840136.0
90	355323.0
91	355323.0
92	355323.0
93	355323.0
94	355323.0
95	629695.0
96	629695.0
97	629695.0
98	629695.0
99	629695.0
100	355867.0
101	355867.0
102	355867.0
103	355867.0
104	355867.0
105	49832.0
106	49832.0
107	49832.0
108	49832.0
109	49832.0
110	123210.0
111	123210.0
112	123210.0
113	123210.0
114	123210.0
115	167345.0
116	167345.0
117	167345.0
118	167345.0
119	167345.0
120	409889.0
121	409889.0
122	409889.0
123	409889.0
124	409889.0
125	495859.0
126	495859.0
127	495859.0
128	495859.0
129	495859.0
130	740956.0
131	740956.0
132	740956.0
133	740956.0
134	740956.0
135	499738.0
136	499738.0
137	499738.0
138	499738.0
139	499738.0
140	695435.0
141	695435.0
142	695435.0
143	695435.0
144	695435.0
145	252963.0
146	252963.0
147	252963.0
148	252963.0
149	252963.0
150	217065.0
151	217065.0
152	217065.0
153	217065.0
154	217065.0
155	838065.0
156	838065.0
157	838065.0
158	838065.0
159	838065.0
160	138159.0
161	138159.0
162	138159.0
163	138159.0
164	138159.0
165	357548.0
166	357548.0
167	357548.0
168	357548.0
169	357548.0
170	721862.0
171	721862.0
172	721862.0
173	721862.0
174	721862.0
175	698667.0
176	698667.0
177	698667.0
178	698667.0
179	698667.0
180	20711.0
181	20711.0
182	20711.0
183	20711.0
184	20711.0
185	363867.0
186	363867.0
187	363867.0
188	363867.0
189	363867.0
190	781755.0
191	781755.0
192	781755.0
193	781755.0
194	781755.0
195	628661.0
196	628661.0
197	628661.0
198	628661.0
199	628661.0
200	585794.0
201	585794.0
202	585794.0
203	585794.0
204	585794.0
205	836628.0
206	836628.0
207	836628.0
208	836628.0
209	836628.0
210	257243.0
211	257243.0
212	257243.0
213	257243.0
214	257243.0
215	147209.0
216	147209.0
217	147209.0
218	147209.0
219	147209.0
220	470249.0
221	470249.0
222	470249.0
223	470249.0
224	470249.0
225	553265.0
226	553265.0
227	553265.0
228	553265.0
229	553265.0
230	308869.0
231	308869.0
232	308869.0
233	308869.0
234	308869.0
235	503122.0
236	503122.0
237	503122.0
238	503122.0
239	503122.0
240	302943.0
241	302943.0
242	302943.0
243	302943.0
244	302943.0
245	637922.0
246	637922.0
247	637922.0
248	637922.0
249	637922.0
