0	434120.0
1	434120.0
2	434120.0
3	434120.0
4	434120.0
5	837553.0
6	837553.0
7	837553.0
8	837553.0
9	837553.0
10	492171.0
11	492171.0
12	492171.0
13	492171.0
14	492171.0
15	542364.0
16	542364.0
17	542364.0
18	542364.0
19	542364.0
20	687200.0
21	687200.0
22	687200.0
23	687200.0
24	687200.0
25	80996.0
26	80996.0
27	80996.0
28	80996.0
29	80996.0
30	542243.0
31	542243.0
32	542243.0
33	542243.0
34	542243.0
35	456339.0
36	456339.0
37	456339.0
38	456339.0
39	456339.0
40	832209.0
41	832209.0
42	832209.0
43	832209.0
44	832209.0
45	749836.0
46	749836.0
47	749836.0
48	749836.0
49	749836.0
50	129268.0
51	129268.0
52	129268.0
53	129268.0
54	129268.0
55	365903.0
56	365903.0
57	365903.0
58	365903.0
59	365903.0
60	299961.0
61	299961.0
62	299961.0
63	299961.0
64	299961.0
65	736678.0
66	736678.0
67	736678.0
68	736678.0
69	736678.0
70	743970.0
71	743970.0
72	743970.0
73	743970.0
74	743970.0
75	828934.0
76	828934.0
77	828934.0
78	828934.0
79	828934.0
80	385455.0
81	385455.0
82	385455.0
83	385455.0
84	385455.0
85	512755.0
86	512755.0
87	512755.0
88	512755.0
89	512755.0
90	567538.0
91	567538.0
92	567538.0
93	567538.0
94	567538.0
95	116042.0
96	116042.0
97	116042.0
98	116042.0
99	116042.0
100	698894.0
101	698894.0
102	698894.0
103	698894.0
104	698894.0
105	389208.0
106	389208.0
107	389208.0
108	389208.0
109	389208.0
110	362282.0
111	362282.0
112	362282.0
113	362282.0
114	362282.0
115	647640.0
116	647640.0
117	647640.0
118	647640.0
119	647640.0
120	308688.0
121	308688.0
122	308688.0
123	308688.0
124	308688.0
125	339996.0
126	339996.0
127	339996.0
128	339996.0
129	339996.0
130	88884.0
131	88884.0
132	88884.0
133	88884.0
134	88884.0
135	723465.0
136	723465.0
137	723465.0
138	723465.0
139	723465.0
140	441836.0
141	441836.0
142	441836.0
143	441836.0
144	441836.0
145	829030.0
146	829030.0
147	829030.0
148	829030.0
149	829030.0
150	19883.0
151	19883.0
152	19883.0
153	19883.0
154	19883.0
155	159551.0
156	159551.0
157	159551.0
158	159551.0
159	159551.0
160	743967.0
161	743967.0
162	743967.0
163	743967.0
164	743967.0
165	141204.0
166	141204.0
167	141204.0
168	141204.0
169	141204.0
170	779582.0
171	779582.0
172	779582.0
173	779582.0
174	779582.0
175	523112.0
176	523112.0
177	523112.0
178	523112.0
179	523112.0
180	308041.0
181	308041.0
182	308041.0
183	308041.0
184	308041.0
185	335796.0
186	335796.0
187	335796.0
188	335796.0
189	335796.0
190	225044.0
191	225044.0
192	225044.0
193	225044.0
194	225044.0
195	697280.0
196	697280.0
197	697280.0
198	697280.0
199	697280.0
200	67292.0
201	67292.0
202	67292.0
203	67292.0
204	67292.0
205	540746.0
206	540746.0
207	540746.0
208	540746.0
209	540746.0
210	60916.0
211	60916.0
212	60916.0
213	60916.0
214	60916.0
215	38841.0
216	38841.0
217	38841.0
218	38841.0
219	38841.0
220	553650.0
221	553650.0
222	553650.0
223	553650.0
224	553650.0
225	126486.0
226	126486.0
227	126486.0
228	126486.0
229	126486.0
230	683116.0
231	683116.0
232	683116.0
233	683116.0
234	683116.0
235	203756.0
236	203756.0
237	203756.0
238	203756.0
239	203756.0
240	499180.0
241	499180.0
242	499180.0
243	499180.0
244	499180.0
245	539362.0
246	539362.0
247	539362.0
248	539362.0
249	539362.0
