0	483486.0
1	483486.0
2	483486.0
3	483486.0
4	483486.0
5	395915.0
6	395915.0
7	395915.0
8	395915.0
9	395915.0
10	441484.0
11	441484.0
12	441484.0
13	441484.0
14	441484.0
15	89231.0
16	89231.0
17	89231.0
18	89231.0
19	89231.0
20	5174.0
21	5174.0
22	5174.0
23	5174.0
24	5174.0
25	707767.0
26	707767.0
27	707767.0
28	707767.0
29	707767.0
30	562869.0
31	562869.0
32	562869.0
33	562869.0
34	562869.0
35	548116.0
36	548116.0
37	548116.0
38	548116.0
39	548116.0
40	535026.0
41	535026.0
42	535026.0
43	535026.0
44	535026.0
45	196399.0
46	196399.0
47	196399.0
48	196399.0
49	196399.0
50	227614.0
51	227614.0
52	227614.0
53	227614.0
54	227614.0
55	677328.0
56	677328.0
57	677328.0
58	677328.0
59	677328.0
60	689097.0
61	689097.0
62	689097.0
63	689097.0
64	689097.0
65	338063.0
66	338063.0
67	338063.0
68	338063.0
69	338063.0
70	191219.0
71	191219.0
72	191219.0
73	191219.0
74	191219.0
75	480623.0
76	480623.0
77	480623.0
78	480623.0
79	480623.0
80	244529.0
81	244529.0
82	244529.0
83	244529.0
84	244529.0
85	491.0
86	491.0
87	491.0
88	491.0
89	491.0
90	354222.0
91	354222.0
92	354222.0
93	354222.0
94	354222.0
95	38423.0
96	38423.0
97	38423.0
98	38423.0
99	38423.0
100	719324.0
101	719324.0
102	719324.0
103	719324.0
104	719324.0
105	395172.0
106	395172.0
107	395172.0
108	395172.0
109	395172.0
110	511101.0
111	511101.0
112	511101.0
113	511101.0
114	511101.0
115	118722.0
116	118722.0
117	118722.0
118	118722.0
119	118722.0
120	581066.0
121	581066.0
122	581066.0
123	581066.0
124	581066.0
125	460222.0
126	460222.0
127	460222.0
128	460222.0
129	460222.0
130	316658.0
131	316658.0
132	316658.0
133	316658.0
134	316658.0
135	466385.0
136	466385.0
137	466385.0
138	466385.0
139	466385.0
140	788773.0
141	788773.0
142	788773.0
143	788773.0
144	788773.0
145	535814.0
146	535814.0
147	535814.0
148	535814.0
149	535814.0
150	576830.0
151	576830.0
152	576830.0
153	576830.0
154	576830.0
155	454404.0
156	454404.0
157	454404.0
158	454404.0
159	454404.0
160	506526.0
161	506526.0
162	506526.0
163	506526.0
164	506526.0
165	30682.0
166	30682.0
167	30682.0
168	30682.0
169	30682.0
170	231780.0
171	231780.0
172	231780.0
173	231780.0
174	231780.0
175	698693.0
176	698693.0
177	698693.0
178	698693.0
179	698693.0
180	810892.0
181	810892.0
182	810892.0
183	810892.0
184	810892.0
185	23938.0
186	23938.0
187	23938.0
188	23938.0
189	23938.0
190	496306.0
191	496306.0
192	496306.0
193	496306.0
194	496306.0
195	687196.0
196	687196.0
197	687196.0
198	687196.0
199	687196.0
200	213172.0
201	213172.0
202	213172.0
203	213172.0
204	213172.0
205	437201.0
206	437201.0
207	437201.0
208	437201.0
209	437201.0
210	466439.0
211	466439.0
212	466439.0
213	466439.0
214	466439.0
215	580737.0
216	580737.0
217	580737.0
218	580737.0
219	580737.0
220	124804.0
221	124804.0
222	124804.0
223	124804.0
224	124804.0
225	579620.0
226	579620.0
227	579620.0
228	579620.0
229	579620.0
230	572603.0
231	572603.0
232	572603.0
233	572603.0
234	572603.0
235	413342.0
236	413342.0
237	413342.0
238	413342.0
239	413342.0
240	293075.0
241	293075.0
242	293075.0
243	293075.0
244	293075.0
245	793506.0
246	793506.0
247	793506.0
248	793506.0
249	793506.0
