0	386499.0
1	386499.0
2	386499.0
3	386499.0
4	386499.0
5	796515.0
6	796515.0
7	796515.0
8	796515.0
9	796515.0
10	548915.0
11	548915.0
12	548915.0
13	548915.0
14	548915.0
15	664479.0
16	664479.0
17	664479.0
18	664479.0
19	664479.0
20	736060.0
21	736060.0
22	736060.0
23	736060.0
24	736060.0
25	229294.0
26	229294.0
27	229294.0
28	229294.0
29	229294.0
30	69000.0
31	69000.0
32	69000.0
33	69000.0
34	69000.0
35	429215.0
36	429215.0
37	429215.0
38	429215.0
39	429215.0
40	460955.0
41	460955.0
42	460955.0
43	460955.0
44	460955.0
45	404666.0
46	404666.0
47	404666.0
48	404666.0
49	404666.0
50	235579.0
51	235579.0
52	235579.0
53	235579.0
54	235579.0
55	13022.0
56	13022.0
57	13022.0
58	13022.0
59	13022.0
60	137965.0
61	137965.0
62	137965.0
63	137965.0
64	137965.0
65	783556.0
66	783556.0
67	783556.0
68	783556.0
69	783556.0
70	325007.0
71	325007.0
72	325007.0
73	325007.0
74	325007.0
75	223358.0
76	223358.0
77	223358.0
78	223358.0
79	223358.0
80	17537.0
81	17537.0
82	17537.0
83	17537.0
84	17537.0
85	221026.0
86	221026.0
87	221026.0
88	221026.0
89	221026.0
90	206470.0
91	206470.0
92	206470.0
93	206470.0
94	206470.0
95	233100.0
96	233100.0
97	233100.0
98	233100.0
99	233100.0
100	682328.0
101	682328.0
102	682328.0
103	682328.0
104	682328.0
105	725535.0
106	725535.0
107	725535.0
108	725535.0
109	725535.0
110	610774.0
111	610774.0
112	610774.0
113	610774.0
114	610774.0
115	819390.0
116	819390.0
117	819390.0
118	819390.0
119	819390.0
120	100945.0
121	100945.0
122	100945.0
123	100945.0
124	100945.0
125	124599.0
126	124599.0
127	124599.0
128	124599.0
129	124599.0
130	729976.0
131	729976.0
132	729976.0
133	729976.0
134	729976.0
135	464910.0
136	464910.0
137	464910.0
138	464910.0
139	464910.0
140	196864.0
141	196864.0
142	196864.0
143	196864.0
144	196864.0
145	417793.0
146	417793.0
147	417793.0
148	417793.0
149	417793.0
150	603102.0
151	603102.0
152	603102.0
153	603102.0
154	603102.0
155	125424.0
156	125424.0
157	125424.0
158	125424.0
159	125424.0
160	623300.0
161	623300.0
162	623300.0
163	623300.0
164	623300.0
165	370859.0
166	370859.0
167	370859.0
168	370859.0
169	370859.0
170	311316.0
171	311316.0
172	311316.0
173	311316.0
174	311316.0
175	517483.0
176	517483.0
177	517483.0
178	517483.0
179	517483.0
180	622865.0
181	622865.0
182	622865.0
183	622865.0
184	622865.0
185	54324.0
186	54324.0
187	54324.0
188	54324.0
189	54324.0
190	740104.0
191	740104.0
192	740104.0
193	740104.0
194	740104.0
195	435028.0
196	435028.0
197	435028.0
198	435028.0
199	435028.0
200	417351.0
201	417351.0
202	417351.0
203	417351.0
204	417351.0
205	459004.0
206	459004.0
207	459004.0
208	459004.0
209	459004.0
210	811885.0
211	811885.0
212	811885.0
213	811885.0
214	811885.0
215	446626.0
216	446626.0
217	446626.0
218	446626.0
219	446626.0
220	385329.0
221	385329.0
222	385329.0
223	385329.0
224	385329.0
225	182598.0
226	182598.0
227	182598.0
228	182598.0
229	182598.0
230	754816.0
231	754816.0
232	754816.0
233	754816.0
234	754816.0
235	841197.0
236	841197.0
237	841197.0
238	841197.0
239	841197.0
240	33334.0
241	33334.0
242	33334.0
243	33334.0
244	33334.0
245	419403.0
246	419403.0
247	419403.0
248	419403.0
249	419403.0
