0	415299.0
1	415299.0
2	415299.0
3	415299.0
4	415299.0
5	165859.0
6	165859.0
7	165859.0
8	165859.0
9	165859.0
10	205154.0
11	205154.0
12	205154.0
13	205154.0
14	205154.0
15	364428.0
16	364428.0
17	364428.0
18	364428.0
19	364428.0
20	184692.0
21	184692.0
22	184692.0
23	184692.0
24	184692.0
25	264569.0
26	264569.0
27	264569.0
28	264569.0
29	264569.0
30	100682.0
31	100682.0
32	100682.0
33	100682.0
34	100682.0
35	52291.0
36	52291.0
37	52291.0
38	52291.0
39	52291.0
40	232447.0
41	232447.0
42	232447.0
43	232447.0
44	232447.0
45	381585.0
46	381585.0
47	381585.0
48	381585.0
49	381585.0
50	232936.0
51	232936.0
52	232936.0
53	232936.0
54	232936.0
55	202183.0
56	202183.0
57	202183.0
58	202183.0
59	202183.0
60	404776.0
61	404776.0
62	404776.0
63	404776.0
64	404776.0
65	328611.0
66	328611.0
67	328611.0
68	328611.0
69	328611.0
70	233013.0
71	233013.0
72	233013.0
73	233013.0
74	233013.0
75	167431.0
76	167431.0
77	167431.0
78	167431.0
79	167431.0
80	13251.0
81	13251.0
82	13251.0
83	13251.0
84	13251.0
85	153519.0
86	153519.0
87	153519.0
88	153519.0
89	153519.0
90	174290.0
91	174290.0
92	174290.0
93	174290.0
94	174290.0
95	1572.0
96	1572.0
97	1572.0
98	1572.0
99	1572.0
100	358634.0
101	358634.0
102	358634.0
103	358634.0
104	358634.0
105	160576.0
106	160576.0
107	160576.0
108	160576.0
109	160576.0
110	49785.0
111	49785.0
112	49785.0
113	49785.0
114	49785.0
115	304060.0
116	304060.0
117	304060.0
118	304060.0
119	304060.0
120	91225.0
121	91225.0
122	91225.0
123	91225.0
124	91225.0
125	150170.0
126	150170.0
127	150170.0
128	150170.0
129	150170.0
130	381133.0
131	381133.0
132	381133.0
133	381133.0
134	381133.0
135	467166.0
136	467166.0
137	467166.0
138	467166.0
139	467166.0
140	280842.0
141	280842.0
142	280842.0
143	280842.0
144	280842.0
145	293057.0
146	293057.0
147	293057.0
148	293057.0
149	293057.0
150	351855.0
151	351855.0
152	351855.0
153	351855.0
154	351855.0
155	83378.0
156	83378.0
157	83378.0
158	83378.0
159	83378.0
160	117086.0
161	117086.0
162	117086.0
163	117086.0
164	117086.0
165	390325.0
166	390325.0
167	390325.0
168	390325.0
169	390325.0
170	19020.0
171	19020.0
172	19020.0
173	19020.0
174	19020.0
175	328535.0
176	328535.0
177	328535.0
178	328535.0
179	328535.0
180	99327.0
181	99327.0
182	99327.0
183	99327.0
184	99327.0
185	271046.0
186	271046.0
187	271046.0
188	271046.0
189	271046.0
190	246610.0
191	246610.0
192	246610.0
193	246610.0
194	246610.0
195	59733.0
196	59733.0
197	59733.0
198	59733.0
199	59733.0
200	407244.0
201	407244.0
202	407244.0
203	407244.0
204	407244.0
205	229280.0
206	229280.0
207	229280.0
208	229280.0
209	229280.0
210	334257.0
211	334257.0
212	334257.0
213	334257.0
214	334257.0
215	416202.0
216	416202.0
217	416202.0
218	416202.0
219	416202.0
220	340129.0
221	340129.0
222	340129.0
223	340129.0
224	340129.0
225	69690.0
226	69690.0
227	69690.0
228	69690.0
229	69690.0
230	391344.0
231	391344.0
232	391344.0
233	391344.0
234	391344.0
235	363827.0
236	363827.0
237	363827.0
238	363827.0
239	363827.0
240	382937.0
241	382937.0
242	382937.0
243	382937.0
244	382937.0
245	45999.0
246	45999.0
247	45999.0
248	45999.0
249	45999.0
