0	421140.0
1	421140.0
2	421140.0
3	421140.0
4	421140.0
5	426838.0
6	426838.0
7	426838.0
8	426838.0
9	426838.0
10	407502.0
11	407502.0
12	407502.0
13	407502.0
14	407502.0
15	271795.0
16	271795.0
17	271795.0
18	271795.0
19	271795.0
20	342339.0
21	342339.0
22	342339.0
23	342339.0
24	342339.0
25	47386.0
26	47386.0
27	47386.0
28	47386.0
29	47386.0
30	242975.0
31	242975.0
32	242975.0
33	242975.0
34	242975.0
35	423601.0
36	423601.0
37	423601.0
38	423601.0
39	423601.0
40	147345.0
41	147345.0
42	147345.0
43	147345.0
44	147345.0
45	179055.0
46	179055.0
47	179055.0
48	179055.0
49	179055.0
50	139735.0
51	139735.0
52	139735.0
53	139735.0
54	139735.0
55	386961.0
56	386961.0
57	386961.0
58	386961.0
59	386961.0
60	168335.0
61	168335.0
62	168335.0
63	168335.0
64	168335.0
65	231597.0
66	231597.0
67	231597.0
68	231597.0
69	231597.0
70	82980.0
71	82980.0
72	82980.0
73	82980.0
74	82980.0
75	463289.0
76	463289.0
77	463289.0
78	463289.0
79	463289.0
80	231789.0
81	231789.0
82	231789.0
83	231789.0
84	231789.0
85	147381.0
86	147381.0
87	147381.0
88	147381.0
89	147381.0
90	373816.0
91	373816.0
92	373816.0
93	373816.0
94	373816.0
95	199592.0
96	199592.0
97	199592.0
98	199592.0
99	199592.0
100	381290.0
101	381290.0
102	381290.0
103	381290.0
104	381290.0
105	105194.0
106	105194.0
107	105194.0
108	105194.0
109	105194.0
110	337832.0
111	337832.0
112	337832.0
113	337832.0
114	337832.0
115	88496.0
116	88496.0
117	88496.0
118	88496.0
119	88496.0
120	341676.0
121	341676.0
122	341676.0
123	341676.0
124	341676.0
125	75727.0
126	75727.0
127	75727.0
128	75727.0
129	75727.0
130	139487.0
131	139487.0
132	139487.0
133	139487.0
134	139487.0
135	397785.0
136	397785.0
137	397785.0
138	397785.0
139	397785.0
140	259371.0
141	259371.0
142	259371.0
143	259371.0
144	259371.0
145	25617.0
146	25617.0
147	25617.0
148	25617.0
149	25617.0
150	164683.0
151	164683.0
152	164683.0
153	164683.0
154	164683.0
155	464519.0
156	464519.0
157	464519.0
158	464519.0
159	464519.0
160	425580.0
161	425580.0
162	425580.0
163	425580.0
164	425580.0
165	431176.0
166	431176.0
167	431176.0
168	431176.0
169	431176.0
170	415841.0
171	415841.0
172	415841.0
173	415841.0
174	415841.0
175	33518.0
176	33518.0
177	33518.0
178	33518.0
179	33518.0
180	217544.0
181	217544.0
182	217544.0
183	217544.0
184	217544.0
185	45823.0
186	45823.0
187	45823.0
188	45823.0
189	45823.0
190	213970.0
191	213970.0
192	213970.0
193	213970.0
194	213970.0
195	468728.0
196	468728.0
197	468728.0
198	468728.0
199	468728.0
200	307662.0
201	307662.0
202	307662.0
203	307662.0
204	307662.0
205	166563.0
206	166563.0
207	166563.0
208	166563.0
209	166563.0
210	408796.0
211	408796.0
212	408796.0
213	408796.0
214	408796.0
215	417487.0
216	417487.0
217	417487.0
218	417487.0
219	417487.0
220	139251.0
221	139251.0
222	139251.0
223	139251.0
224	139251.0
225	410783.0
226	410783.0
227	410783.0
228	410783.0
229	410783.0
230	432437.0
231	432437.0
232	432437.0
233	432437.0
234	432437.0
235	47351.0
236	47351.0
237	47351.0
238	47351.0
239	47351.0
240	327259.0
241	327259.0
242	327259.0
243	327259.0
244	327259.0
245	202161.0
246	202161.0
247	202161.0
248	202161.0
249	202161.0
