0	54508.0
1	54508.0
2	54508.0
3	54508.0
4	54508.0
5	221768.0
6	221768.0
7	221768.0
8	221768.0
9	221768.0
10	94665.0
11	94665.0
12	94665.0
13	94665.0
14	94665.0
15	411086.0
16	411086.0
17	411086.0
18	411086.0
19	411086.0
20	301938.0
21	301938.0
22	301938.0
23	301938.0
24	301938.0
25	409719.0
26	409719.0
27	409719.0
28	409719.0
29	409719.0
30	184088.0
31	184088.0
32	184088.0
33	184088.0
34	184088.0
35	341974.0
36	341974.0
37	341974.0
38	341974.0
39	341974.0
40	144417.0
41	144417.0
42	144417.0
43	144417.0
44	144417.0
45	416298.0
46	416298.0
47	416298.0
48	416298.0
49	416298.0
50	185019.0
51	185019.0
52	185019.0
53	185019.0
54	185019.0
55	317872.0
56	317872.0
57	317872.0
58	317872.0
59	317872.0
60	462410.0
61	462410.0
62	462410.0
63	462410.0
64	462410.0
65	435839.0
66	435839.0
67	435839.0
68	435839.0
69	435839.0
70	134442.0
71	134442.0
72	134442.0
73	134442.0
74	134442.0
75	154813.0
76	154813.0
77	154813.0
78	154813.0
79	154813.0
80	3509.0
81	3509.0
82	3509.0
83	3509.0
84	3509.0
85	174039.0
86	174039.0
87	174039.0
88	174039.0
89	174039.0
90	348765.0
91	348765.0
92	348765.0
93	348765.0
94	348765.0
95	60149.0
96	60149.0
97	60149.0
98	60149.0
99	60149.0
100	130757.0
101	130757.0
102	130757.0
103	130757.0
104	130757.0
105	281999.0
106	281999.0
107	281999.0
108	281999.0
109	281999.0
110	214418.0
111	214418.0
112	214418.0
113	214418.0
114	214418.0
115	312662.0
116	312662.0
117	312662.0
118	312662.0
119	312662.0
120	326886.0
121	326886.0
122	326886.0
123	326886.0
124	326886.0
125	185243.0
126	185243.0
127	185243.0
128	185243.0
129	185243.0
130	38976.0
131	38976.0
132	38976.0
133	38976.0
134	38976.0
135	397468.0
136	397468.0
137	397468.0
138	397468.0
139	397468.0
140	121404.0
141	121404.0
142	121404.0
143	121404.0
144	121404.0
145	11652.0
146	11652.0
147	11652.0
148	11652.0
149	11652.0
150	123187.0
151	123187.0
152	123187.0
153	123187.0
154	123187.0
155	169973.0
156	169973.0
157	169973.0
158	169973.0
159	169973.0
160	25165.0
161	25165.0
162	25165.0
163	25165.0
164	25165.0
165	457694.0
166	457694.0
167	457694.0
168	457694.0
169	457694.0
170	423029.0
171	423029.0
172	423029.0
173	423029.0
174	423029.0
175	254890.0
176	254890.0
177	254890.0
178	254890.0
179	254890.0
180	349712.0
181	349712.0
182	349712.0
183	349712.0
184	349712.0
185	139976.0
186	139976.0
187	139976.0
188	139976.0
189	139976.0
190	155893.0
191	155893.0
192	155893.0
193	155893.0
194	155893.0
195	39734.0
196	39734.0
197	39734.0
198	39734.0
199	39734.0
200	375329.0
201	375329.0
202	375329.0
203	375329.0
204	375329.0
205	204050.0
206	204050.0
207	204050.0
208	204050.0
209	204050.0
210	297043.0
211	297043.0
212	297043.0
213	297043.0
214	297043.0
215	172567.0
216	172567.0
217	172567.0
218	172567.0
219	172567.0
220	398472.0
221	398472.0
222	398472.0
223	398472.0
224	398472.0
225	445838.0
226	445838.0
227	445838.0
228	445838.0
229	445838.0
230	68982.0
231	68982.0
232	68982.0
233	68982.0
234	68982.0
235	378646.0
236	378646.0
237	378646.0
238	378646.0
239	378646.0
240	305305.0
241	305305.0
242	305305.0
243	305305.0
244	305305.0
245	437021.0
246	437021.0
247	437021.0
248	437021.0
249	437021.0
