0	43096.0
1	43096.0
2	43096.0
3	43096.0
4	43096.0
5	271743.0
6	271743.0
7	271743.0
8	271743.0
9	271743.0
10	171636.0
11	171636.0
12	171636.0
13	171636.0
14	171636.0
15	458046.0
16	458046.0
17	458046.0
18	458046.0
19	458046.0
20	342164.0
21	342164.0
22	342164.0
23	342164.0
24	342164.0
25	212908.0
26	212908.0
27	212908.0
28	212908.0
29	212908.0
30	412438.0
31	412438.0
32	412438.0
33	412438.0
34	412438.0
35	16609.0
36	16609.0
37	16609.0
38	16609.0
39	16609.0
40	206812.0
41	206812.0
42	206812.0
43	206812.0
44	206812.0
45	169932.0
46	169932.0
47	169932.0
48	169932.0
49	169932.0
50	22.0
51	22.0
52	22.0
53	22.0
54	22.0
55	168362.0
56	168362.0
57	168362.0
58	168362.0
59	168362.0
60	102862.0
61	102862.0
62	102862.0
63	102862.0
64	102862.0
65	143393.0
66	143393.0
67	143393.0
68	143393.0
69	143393.0
70	455527.0
71	455527.0
72	455527.0
73	455527.0
74	455527.0
75	59771.0
76	59771.0
77	59771.0
78	59771.0
79	59771.0
80	406214.0
81	406214.0
82	406214.0
83	406214.0
84	406214.0
85	367319.0
86	367319.0
87	367319.0
88	367319.0
89	367319.0
90	91970.0
91	91970.0
92	91970.0
93	91970.0
94	91970.0
95	230006.0
96	230006.0
97	230006.0
98	230006.0
99	230006.0
100	273126.0
101	273126.0
102	273126.0
103	273126.0
104	273126.0
105	418423.0
106	418423.0
107	418423.0
108	418423.0
109	418423.0
110	260468.0
111	260468.0
112	260468.0
113	260468.0
114	260468.0
115	182164.0
116	182164.0
117	182164.0
118	182164.0
119	182164.0
120	124678.0
121	124678.0
122	124678.0
123	124678.0
124	124678.0
125	175072.0
126	175072.0
127	175072.0
128	175072.0
129	175072.0
130	414464.0
131	414464.0
132	414464.0
133	414464.0
134	414464.0
135	169448.0
136	169448.0
137	169448.0
138	169448.0
139	169448.0
140	233843.0
141	233843.0
142	233843.0
143	233843.0
144	233843.0
145	64206.0
146	64206.0
147	64206.0
148	64206.0
149	64206.0
150	88929.0
151	88929.0
152	88929.0
153	88929.0
154	88929.0
155	270665.0
156	270665.0
157	270665.0
158	270665.0
159	270665.0
160	84497.0
161	84497.0
162	84497.0
163	84497.0
164	84497.0
165	343290.0
166	343290.0
167	343290.0
168	343290.0
169	343290.0
170	231028.0
171	231028.0
172	231028.0
173	231028.0
174	231028.0
175	96531.0
176	96531.0
177	96531.0
178	96531.0
179	96531.0
180	387678.0
181	387678.0
182	387678.0
183	387678.0
184	387678.0
185	343124.0
186	343124.0
187	343124.0
188	343124.0
189	343124.0
190	66756.0
191	66756.0
192	66756.0
193	66756.0
194	66756.0
195	261601.0
196	261601.0
197	261601.0
198	261601.0
199	261601.0
200	418977.0
201	418977.0
202	418977.0
203	418977.0
204	418977.0
205	30833.0
206	30833.0
207	30833.0
208	30833.0
209	30833.0
210	239800.0
211	239800.0
212	239800.0
213	239800.0
214	239800.0
215	419532.0
216	419532.0
217	419532.0
218	419532.0
219	419532.0
220	202499.0
221	202499.0
222	202499.0
223	202499.0
224	202499.0
225	282845.0
226	282845.0
227	282845.0
228	282845.0
229	282845.0
230	67558.0
231	67558.0
232	67558.0
233	67558.0
234	67558.0
235	422019.0
236	422019.0
237	422019.0
238	422019.0
239	422019.0
240	445533.0
241	445533.0
242	445533.0
243	445533.0
244	445533.0
245	454361.0
246	454361.0
247	454361.0
248	454361.0
249	454361.0
