0	324009.0
1	324009.0
2	324009.0
3	324009.0
4	324009.0
5	141834.0
6	141834.0
7	141834.0
8	141834.0
9	141834.0
10	190646.0
11	190646.0
12	190646.0
13	190646.0
14	190646.0
15	269196.0
16	269196.0
17	269196.0
18	269196.0
19	269196.0
20	178797.0
21	178797.0
22	178797.0
23	178797.0
24	178797.0
25	352105.0
26	352105.0
27	352105.0
28	352105.0
29	352105.0
30	435771.0
31	435771.0
32	435771.0
33	435771.0
34	435771.0
35	449473.0
36	449473.0
37	449473.0
38	449473.0
39	449473.0
40	96367.0
41	96367.0
42	96367.0
43	96367.0
44	96367.0
45	237002.0
46	237002.0
47	237002.0
48	237002.0
49	237002.0
50	262495.0
51	262495.0
52	262495.0
53	262495.0
54	262495.0
55	179123.0
56	179123.0
57	179123.0
58	179123.0
59	179123.0
60	221193.0
61	221193.0
62	221193.0
63	221193.0
64	221193.0
65	278829.0
66	278829.0
67	278829.0
68	278829.0
69	278829.0
70	246890.0
71	246890.0
72	246890.0
73	246890.0
74	246890.0
75	209653.0
76	209653.0
77	209653.0
78	209653.0
79	209653.0
80	122137.0
81	122137.0
82	122137.0
83	122137.0
84	122137.0
85	444223.0
86	444223.0
87	444223.0
88	444223.0
89	444223.0
90	131897.0
91	131897.0
92	131897.0
93	131897.0
94	131897.0
95	37592.0
96	37592.0
97	37592.0
98	37592.0
99	37592.0
100	390391.0
101	390391.0
102	390391.0
103	390391.0
104	390391.0
105	247701.0
106	247701.0
107	247701.0
108	247701.0
109	247701.0
110	172266.0
111	172266.0
112	172266.0
113	172266.0
114	172266.0
115	321789.0
116	321789.0
117	321789.0
118	321789.0
119	321789.0
120	66388.0
121	66388.0
122	66388.0
123	66388.0
124	66388.0
125	76169.0
126	76169.0
127	76169.0
128	76169.0
129	76169.0
130	344396.0
131	344396.0
132	344396.0
133	344396.0
134	344396.0
135	388639.0
136	388639.0
137	388639.0
138	388639.0
139	388639.0
140	246699.0
141	246699.0
142	246699.0
143	246699.0
144	246699.0
145	292513.0
146	292513.0
147	292513.0
148	292513.0
149	292513.0
150	50471.0
151	50471.0
152	50471.0
153	50471.0
154	50471.0
155	244107.0
156	244107.0
157	244107.0
158	244107.0
159	244107.0
160	64093.0
161	64093.0
162	64093.0
163	64093.0
164	64093.0
165	196411.0
166	196411.0
167	196411.0
168	196411.0
169	196411.0
170	461439.0
171	461439.0
172	461439.0
173	461439.0
174	461439.0
175	106580.0
176	106580.0
177	106580.0
178	106580.0
179	106580.0
180	111207.0
181	111207.0
182	111207.0
183	111207.0
184	111207.0
185	429414.0
186	429414.0
187	429414.0
188	429414.0
189	429414.0
190	461963.0
191	461963.0
192	461963.0
193	461963.0
194	461963.0
195	384231.0
196	384231.0
197	384231.0
198	384231.0
199	384231.0
200	162809.0
201	162809.0
202	162809.0
203	162809.0
204	162809.0
205	176792.0
206	176792.0
207	176792.0
208	176792.0
209	176792.0
210	200197.0
211	200197.0
212	200197.0
213	200197.0
214	200197.0
215	296305.0
216	296305.0
217	296305.0
218	296305.0
219	296305.0
220	183154.0
221	183154.0
222	183154.0
223	183154.0
224	183154.0
225	76745.0
226	76745.0
227	76745.0
228	76745.0
229	76745.0
230	352742.0
231	352742.0
232	352742.0
233	352742.0
234	352742.0
235	249249.0
236	249249.0
237	249249.0
238	249249.0
239	249249.0
240	342303.0
241	342303.0
242	342303.0
243	342303.0
244	342303.0
245	402364.0
246	402364.0
247	402364.0
248	402364.0
249	402364.0
