0	175700.0
1	175700.0
2	175700.0
3	175700.0
4	175700.0
5	95733.0
6	95733.0
7	95733.0
8	95733.0
9	95733.0
10	215472.0
11	215472.0
12	215472.0
13	215472.0
14	215472.0
15	38234.0
16	38234.0
17	38234.0
18	38234.0
19	38234.0
20	247766.0
21	247766.0
22	247766.0
23	247766.0
24	247766.0
25	85558.0
26	85558.0
27	85558.0
28	85558.0
29	85558.0
30	383741.0
31	383741.0
32	383741.0
33	383741.0
34	383741.0
35	203191.0
36	203191.0
37	203191.0
38	203191.0
39	203191.0
40	161095.0
41	161095.0
42	161095.0
43	161095.0
44	161095.0
45	115128.0
46	115128.0
47	115128.0
48	115128.0
49	115128.0
50	163766.0
51	163766.0
52	163766.0
53	163766.0
54	163766.0
55	116609.0
56	116609.0
57	116609.0
58	116609.0
59	116609.0
60	53858.0
61	53858.0
62	53858.0
63	53858.0
64	53858.0
65	188846.0
66	188846.0
67	188846.0
68	188846.0
69	188846.0
70	231817.0
71	231817.0
72	231817.0
73	231817.0
74	231817.0
75	376367.0
76	376367.0
77	376367.0
78	376367.0
79	376367.0
80	176228.0
81	176228.0
82	176228.0
83	176228.0
84	176228.0
85	386769.0
86	386769.0
87	386769.0
88	386769.0
89	386769.0
90	201212.0
91	201212.0
92	201212.0
93	201212.0
94	201212.0
95	246911.0
96	246911.0
97	246911.0
98	246911.0
99	246911.0
100	421288.0
101	421288.0
102	421288.0
103	421288.0
104	421288.0
105	26160.0
106	26160.0
107	26160.0
108	26160.0
109	26160.0
110	246717.0
111	246717.0
112	246717.0
113	246717.0
114	246717.0
115	100442.0
116	100442.0
117	100442.0
118	100442.0
119	100442.0
120	151561.0
121	151561.0
122	151561.0
123	151561.0
124	151561.0
125	214901.0
126	214901.0
127	214901.0
128	214901.0
129	214901.0
130	14334.0
131	14334.0
132	14334.0
133	14334.0
134	14334.0
135	49639.0
136	49639.0
137	49639.0
138	49639.0
139	49639.0
140	448226.0
141	448226.0
142	448226.0
143	448226.0
144	448226.0
145	195106.0
146	195106.0
147	195106.0
148	195106.0
149	195106.0
150	174261.0
151	174261.0
152	174261.0
153	174261.0
154	174261.0
155	370514.0
156	370514.0
157	370514.0
158	370514.0
159	370514.0
160	10804.0
161	10804.0
162	10804.0
163	10804.0
164	10804.0
165	359262.0
166	359262.0
167	359262.0
168	359262.0
169	359262.0
170	319450.0
171	319450.0
172	319450.0
173	319450.0
174	319450.0
175	100408.0
176	100408.0
177	100408.0
178	100408.0
179	100408.0
180	427251.0
181	427251.0
182	427251.0
183	427251.0
184	427251.0
185	101497.0
186	101497.0
187	101497.0
188	101497.0
189	101497.0
190	181647.0
191	181647.0
192	181647.0
193	181647.0
194	181647.0
195	191958.0
196	191958.0
197	191958.0
198	191958.0
199	191958.0
200	66527.0
201	66527.0
202	66527.0
203	66527.0
204	66527.0
205	461565.0
206	461565.0
207	461565.0
208	461565.0
209	461565.0
210	409960.0
211	409960.0
212	409960.0
213	409960.0
214	409960.0
215	21427.0
216	21427.0
217	21427.0
218	21427.0
219	21427.0
220	448893.0
221	448893.0
222	448893.0
223	448893.0
224	448893.0
225	365910.0
226	365910.0
227	365910.0
228	365910.0
229	365910.0
230	166261.0
231	166261.0
232	166261.0
233	166261.0
234	166261.0
235	291229.0
236	291229.0
237	291229.0
238	291229.0
239	291229.0
240	388771.0
241	388771.0
242	388771.0
243	388771.0
244	388771.0
245	269735.0
246	269735.0
247	269735.0
248	269735.0
249	269735.0
