0	87293.0
1	87293.0
2	87293.0
3	87293.0
4	87293.0
5	457934.0
6	457934.0
7	457934.0
8	457934.0
9	457934.0
10	127917.0
11	127917.0
12	127917.0
13	127917.0
14	127917.0
15	351694.0
16	351694.0
17	351694.0
18	351694.0
19	351694.0
20	187245.0
21	187245.0
22	187245.0
23	187245.0
24	187245.0
25	390325.0
26	390325.0
27	390325.0
28	390325.0
29	390325.0
30	298212.0
31	298212.0
32	298212.0
33	298212.0
34	298212.0
35	291694.0
36	291694.0
37	291694.0
38	291694.0
39	291694.0
40	385745.0
41	385745.0
42	385745.0
43	385745.0
44	385745.0
45	87209.0
46	87209.0
47	87209.0
48	87209.0
49	87209.0
50	58825.0
51	58825.0
52	58825.0
53	58825.0
54	58825.0
55	94571.0
56	94571.0
57	94571.0
58	94571.0
59	94571.0
60	314141.0
61	314141.0
62	314141.0
63	314141.0
64	314141.0
65	454883.0
66	454883.0
67	454883.0
68	454883.0
69	454883.0
70	417679.0
71	417679.0
72	417679.0
73	417679.0
74	417679.0
75	394581.0
76	394581.0
77	394581.0
78	394581.0
79	394581.0
80	203823.0
81	203823.0
82	203823.0
83	203823.0
84	203823.0
85	351742.0
86	351742.0
87	351742.0
88	351742.0
89	351742.0
90	129020.0
91	129020.0
92	129020.0
93	129020.0
94	129020.0
95	2289.0
96	2289.0
97	2289.0
98	2289.0
99	2289.0
100	423698.0
101	423698.0
102	423698.0
103	423698.0
104	423698.0
105	278349.0
106	278349.0
107	278349.0
108	278349.0
109	278349.0
110	75871.0
111	75871.0
112	75871.0
113	75871.0
114	75871.0
115	319839.0
116	319839.0
117	319839.0
118	319839.0
119	319839.0
120	344489.0
121	344489.0
122	344489.0
123	344489.0
124	344489.0
125	430206.0
126	430206.0
127	430206.0
128	430206.0
129	430206.0
130	181332.0
131	181332.0
132	181332.0
133	181332.0
134	181332.0
135	253548.0
136	253548.0
137	253548.0
138	253548.0
139	253548.0
140	471827.0
141	471827.0
142	471827.0
143	471827.0
144	471827.0
145	398911.0
146	398911.0
147	398911.0
148	398911.0
149	398911.0
150	222732.0
151	222732.0
152	222732.0
153	222732.0
154	222732.0
155	15096.0
156	15096.0
157	15096.0
158	15096.0
159	15096.0
160	214150.0
161	214150.0
162	214150.0
163	214150.0
164	214150.0
165	365617.0
166	365617.0
167	365617.0
168	365617.0
169	365617.0
170	251357.0
171	251357.0
172	251357.0
173	251357.0
174	251357.0
175	247718.0
176	247718.0
177	247718.0
178	247718.0
179	247718.0
180	349699.0
181	349699.0
182	349699.0
183	349699.0
184	349699.0
185	402752.0
186	402752.0
187	402752.0
188	402752.0
189	402752.0
190	167538.0
191	167538.0
192	167538.0
193	167538.0
194	167538.0
195	461065.0
196	461065.0
197	461065.0
198	461065.0
199	461065.0
200	461396.0
201	461396.0
202	461396.0
203	461396.0
204	461396.0
205	170986.0
206	170986.0
207	170986.0
208	170986.0
209	170986.0
210	370768.0
211	370768.0
212	370768.0
213	370768.0
214	370768.0
215	338013.0
216	338013.0
217	338013.0
218	338013.0
219	338013.0
220	112717.0
221	112717.0
222	112717.0
223	112717.0
224	112717.0
225	115965.0
226	115965.0
227	115965.0
228	115965.0
229	115965.0
230	256372.0
231	256372.0
232	256372.0
233	256372.0
234	256372.0
235	403363.0
236	403363.0
237	403363.0
238	403363.0
239	403363.0
240	79296.0
241	79296.0
242	79296.0
243	79296.0
244	79296.0
245	44598.0
246	44598.0
247	44598.0
248	44598.0
249	44598.0
