0	65266.0
1	65266.0
2	65266.0
3	65266.0
4	65266.0
5	37587.0
6	37587.0
7	37587.0
8	37587.0
9	37587.0
10	205705.0
11	205705.0
12	205705.0
13	205705.0
14	205705.0
15	130606.0
16	130606.0
17	130606.0
18	130606.0
19	130606.0
20	28028.0
21	28028.0
22	28028.0
23	28028.0
24	28028.0
25	106682.0
26	106682.0
27	106682.0
28	106682.0
29	106682.0
30	129802.0
31	129802.0
32	129802.0
33	129802.0
34	129802.0
35	210410.0
36	210410.0
37	210410.0
38	210410.0
39	210410.0
40	65641.0
41	65641.0
42	65641.0
43	65641.0
44	65641.0
45	205444.0
46	205444.0
47	205444.0
48	205444.0
49	205444.0
50	39753.0
51	39753.0
52	39753.0
53	39753.0
54	39753.0
55	31812.0
56	31812.0
57	31812.0
58	31812.0
59	31812.0
60	19633.0
61	19633.0
62	19633.0
63	19633.0
64	19633.0
65	187459.0
66	187459.0
67	187459.0
68	187459.0
69	187459.0
70	143501.0
71	143501.0
72	143501.0
73	143501.0
74	143501.0
75	210230.0
76	210230.0
77	210230.0
78	210230.0
79	210230.0
80	110118.0
81	110118.0
82	110118.0
83	110118.0
84	110118.0
85	359.0
86	359.0
87	359.0
88	359.0
89	359.0
90	93157.0
91	93157.0
92	93157.0
93	93157.0
94	93157.0
95	85967.0
96	85967.0
97	85967.0
98	85967.0
99	85967.0
100	51436.0
101	51436.0
102	51436.0
103	51436.0
104	51436.0
105	206564.0
106	206564.0
107	206564.0
108	206564.0
109	206564.0
110	94066.0
111	94066.0
112	94066.0
113	94066.0
114	94066.0
115	119883.0
116	119883.0
117	119883.0
118	119883.0
119	119883.0
120	94599.0
121	94599.0
122	94599.0
123	94599.0
124	94599.0
125	64332.0
126	64332.0
127	64332.0
128	64332.0
129	64332.0
130	93914.0
131	93914.0
132	93914.0
133	93914.0
134	93914.0
135	90857.0
136	90857.0
137	90857.0
138	90857.0
139	90857.0
140	134903.0
141	134903.0
142	134903.0
143	134903.0
144	134903.0
145	102969.0
146	102969.0
147	102969.0
148	102969.0
149	102969.0
150	83400.0
151	83400.0
152	83400.0
153	83400.0
154	83400.0
155	108890.0
156	108890.0
157	108890.0
158	108890.0
159	108890.0
160	51160.0
161	51160.0
162	51160.0
163	51160.0
164	51160.0
165	176883.0
166	176883.0
167	176883.0
168	176883.0
169	176883.0
170	168805.0
171	168805.0
172	168805.0
173	168805.0
174	168805.0
175	89734.0
176	89734.0
177	89734.0
178	89734.0
179	89734.0
180	192273.0
181	192273.0
182	192273.0
183	192273.0
184	192273.0
185	61245.0
186	61245.0
187	61245.0
188	61245.0
189	61245.0
190	123111.0
191	123111.0
192	123111.0
193	123111.0
194	123111.0
195	13258.0
196	13258.0
197	13258.0
198	13258.0
199	13258.0
200	72570.0
201	72570.0
202	72570.0
203	72570.0
204	72570.0
205	146199.0
206	146199.0
207	146199.0
208	146199.0
209	146199.0
210	73205.0
211	73205.0
212	73205.0
213	73205.0
214	73205.0
215	172423.0
216	172423.0
217	172423.0
218	172423.0
219	172423.0
220	190254.0
221	190254.0
222	190254.0
223	190254.0
224	190254.0
225	117567.0
226	117567.0
227	117567.0
228	117567.0
229	117567.0
230	67494.0
231	67494.0
232	67494.0
233	67494.0
234	67494.0
235	197181.0
236	197181.0
237	197181.0
238	197181.0
239	197181.0
240	25421.0
241	25421.0
242	25421.0
243	25421.0
244	25421.0
245	1342.0
246	1342.0
247	1342.0
248	1342.0
249	1342.0
