0	598308.0
1	598308.0
2	598308.0
3	598308.0
4	598308.0
5	325410.0
6	325410.0
7	325410.0
8	325410.0
9	325410.0
10	760635.0
11	760635.0
12	760635.0
13	760635.0
14	760635.0
15	395377.0
16	395377.0
17	395377.0
18	395377.0
19	395377.0
20	224963.0
21	224963.0
22	224963.0
23	224963.0
24	224963.0
25	136925.0
26	136925.0
27	136925.0
28	136925.0
29	136925.0
30	585735.0
31	585735.0
32	585735.0
33	585735.0
34	585735.0
35	333674.0
36	333674.0
37	333674.0
38	333674.0
39	333674.0
40	899387.0
41	899387.0
42	899387.0
43	899387.0
44	899387.0
45	710205.0
46	710205.0
47	710205.0
48	710205.0
49	710205.0
50	732646.0
51	732646.0
52	732646.0
53	732646.0
54	732646.0
55	129068.0
56	129068.0
57	129068.0
58	129068.0
59	129068.0
60	74319.0
61	74319.0
62	74319.0
63	74319.0
64	74319.0
65	698324.0
66	698324.0
67	698324.0
68	698324.0
69	698324.0
70	173754.0
71	173754.0
72	173754.0
73	173754.0
74	173754.0
75	805165.0
76	805165.0
77	805165.0
78	805165.0
79	805165.0
80	423056.0
81	423056.0
82	423056.0
83	423056.0
84	423056.0
85	26051.0
86	26051.0
87	26051.0
88	26051.0
89	26051.0
90	475086.0
91	475086.0
92	475086.0
93	475086.0
94	475086.0
95	926954.0
96	926954.0
97	926954.0
98	926954.0
99	926954.0
100	671252.0
101	671252.0
102	671252.0
103	671252.0
104	671252.0
105	383156.0
106	383156.0
107	383156.0
108	383156.0
109	383156.0
110	502696.0
111	502696.0
112	502696.0
113	502696.0
114	502696.0
115	214853.0
116	214853.0
117	214853.0
118	214853.0
119	214853.0
120	864213.0
121	864213.0
122	864213.0
123	864213.0
124	864213.0
125	661605.0
126	661605.0
127	661605.0
128	661605.0
129	661605.0
130	151917.0
131	151917.0
132	151917.0
133	151917.0
134	151917.0
135	930393.0
136	930393.0
137	930393.0
138	930393.0
139	930393.0
140	236980.0
141	236980.0
142	236980.0
143	236980.0
144	236980.0
145	900088.0
146	900088.0
147	900088.0
148	900088.0
149	900088.0
150	569173.0
151	569173.0
152	569173.0
153	569173.0
154	569173.0
155	751318.0
156	751318.0
157	751318.0
158	751318.0
159	751318.0
160	606415.0
161	606415.0
162	606415.0
163	606415.0
164	606415.0
165	245569.0
166	245569.0
167	245569.0
168	245569.0
169	245569.0
170	399394.0
171	399394.0
172	399394.0
173	399394.0
174	399394.0
175	586055.0
176	586055.0
177	586055.0
178	586055.0
179	586055.0
180	20329.0
181	20329.0
182	20329.0
183	20329.0
184	20329.0
185	703751.0
186	703751.0
187	703751.0
188	703751.0
189	703751.0
190	594827.0
191	594827.0
192	594827.0
193	594827.0
194	594827.0
195	199499.0
196	199499.0
197	199499.0
198	199499.0
199	199499.0
200	255802.0
201	255802.0
202	255802.0
203	255802.0
204	255802.0
205	815571.0
206	815571.0
207	815571.0
208	815571.0
209	815571.0
210	255327.0
211	255327.0
212	255327.0
213	255327.0
214	255327.0
215	563591.0
216	563591.0
217	563591.0
218	563591.0
219	563591.0
220	25824.0
221	25824.0
222	25824.0
223	25824.0
224	25824.0
225	291058.0
226	291058.0
227	291058.0
228	291058.0
229	291058.0
230	786372.0
231	786372.0
232	786372.0
233	786372.0
234	786372.0
235	149746.0
236	149746.0
237	149746.0
238	149746.0
239	149746.0
240	754623.0
241	754623.0
242	754623.0
243	754623.0
244	754623.0
245	24963.0
246	24963.0
247	24963.0
248	24963.0
249	24963.0
