0	910557.0
1	910557.0
2	910557.0
3	910557.0
4	910557.0
5	515809.0
6	515809.0
7	515809.0
8	515809.0
9	515809.0
10	515283.0
11	515283.0
12	515283.0
13	515283.0
14	515283.0
15	297167.0
16	297167.0
17	297167.0
18	297167.0
19	297167.0
20	715604.0
21	715604.0
22	715604.0
23	715604.0
24	715604.0
25	775356.0
26	775356.0
27	775356.0
28	775356.0
29	775356.0
30	703576.0
31	703576.0
32	703576.0
33	703576.0
34	703576.0
35	339664.0
36	339664.0
37	339664.0
38	339664.0
39	339664.0
40	890084.0
41	890084.0
42	890084.0
43	890084.0
44	890084.0
45	99669.0
46	99669.0
47	99669.0
48	99669.0
49	99669.0
50	471937.0
51	471937.0
52	471937.0
53	471937.0
54	471937.0
55	855576.0
56	855576.0
57	855576.0
58	855576.0
59	855576.0
60	695796.0
61	695796.0
62	695796.0
63	695796.0
64	695796.0
65	28902.0
66	28902.0
67	28902.0
68	28902.0
69	28902.0
70	303059.0
71	303059.0
72	303059.0
73	303059.0
74	303059.0
75	896290.0
76	896290.0
77	896290.0
78	896290.0
79	896290.0
80	226773.0
81	226773.0
82	226773.0
83	226773.0
84	226773.0
85	193255.0
86	193255.0
87	193255.0
88	193255.0
89	193255.0
90	654934.0
91	654934.0
92	654934.0
93	654934.0
94	654934.0
95	873920.0
96	873920.0
97	873920.0
98	873920.0
99	873920.0
100	180331.0
101	180331.0
102	180331.0
103	180331.0
104	180331.0
105	412551.0
106	412551.0
107	412551.0
108	412551.0
109	412551.0
110	897333.0
111	897333.0
112	897333.0
113	897333.0
114	897333.0
115	771929.0
116	771929.0
117	771929.0
118	771929.0
119	771929.0
120	80183.0
121	80183.0
122	80183.0
123	80183.0
124	80183.0
125	690494.0
126	690494.0
127	690494.0
128	690494.0
129	690494.0
130	836696.0
131	836696.0
132	836696.0
133	836696.0
134	836696.0
135	436830.0
136	436830.0
137	436830.0
138	436830.0
139	436830.0
140	152591.0
141	152591.0
142	152591.0
143	152591.0
144	152591.0
145	421724.0
146	421724.0
147	421724.0
148	421724.0
149	421724.0
150	812619.0
151	812619.0
152	812619.0
153	812619.0
154	812619.0
155	838124.0
156	838124.0
157	838124.0
158	838124.0
159	838124.0
160	520497.0
161	520497.0
162	520497.0
163	520497.0
164	520497.0
165	859974.0
166	859974.0
167	859974.0
168	859974.0
169	859974.0
170	766144.0
171	766144.0
172	766144.0
173	766144.0
174	766144.0
175	643224.0
176	643224.0
177	643224.0
178	643224.0
179	643224.0
180	150748.0
181	150748.0
182	150748.0
183	150748.0
184	150748.0
185	867771.0
186	867771.0
187	867771.0
188	867771.0
189	867771.0
190	860809.0
191	860809.0
192	860809.0
193	860809.0
194	860809.0
195	11984.0
196	11984.0
197	11984.0
198	11984.0
199	11984.0
200	568725.0
201	568725.0
202	568725.0
203	568725.0
204	568725.0
205	558165.0
206	558165.0
207	558165.0
208	558165.0
209	558165.0
210	799371.0
211	799371.0
212	799371.0
213	799371.0
214	799371.0
215	85707.0
216	85707.0
217	85707.0
218	85707.0
219	85707.0
220	884058.0
221	884058.0
222	884058.0
223	884058.0
224	884058.0
225	394844.0
226	394844.0
227	394844.0
228	394844.0
229	394844.0
230	399904.0
231	399904.0
232	399904.0
233	399904.0
234	399904.0
235	20905.0
236	20905.0
237	20905.0
238	20905.0
239	20905.0
240	834933.0
241	834933.0
242	834933.0
243	834933.0
244	834933.0
245	518441.0
246	518441.0
247	518441.0
248	518441.0
249	518441.0
