0	129660.0
1	129660.0
2	129660.0
3	129660.0
4	129660.0
5	627729.0
6	627729.0
7	627729.0
8	627729.0
9	627729.0
10	1929.0
11	1929.0
12	1929.0
13	1929.0
14	1929.0
15	371640.0
16	371640.0
17	371640.0
18	371640.0
19	371640.0
20	720680.0
21	720680.0
22	720680.0
23	720680.0
24	720680.0
25	424483.0
26	424483.0
27	424483.0
28	424483.0
29	424483.0
30	255126.0
31	255126.0
32	255126.0
33	255126.0
34	255126.0
35	257393.0
36	257393.0
37	257393.0
38	257393.0
39	257393.0
40	82409.0
41	82409.0
42	82409.0
43	82409.0
44	82409.0
45	345407.0
46	345407.0
47	345407.0
48	345407.0
49	345407.0
50	770965.0
51	770965.0
52	770965.0
53	770965.0
54	770965.0
55	545540.0
56	545540.0
57	545540.0
58	545540.0
59	545540.0
60	899358.0
61	899358.0
62	899358.0
63	899358.0
64	899358.0
65	131309.0
66	131309.0
67	131309.0
68	131309.0
69	131309.0
70	134880.0
71	134880.0
72	134880.0
73	134880.0
74	134880.0
75	83013.0
76	83013.0
77	83013.0
78	83013.0
79	83013.0
80	344431.0
81	344431.0
82	344431.0
83	344431.0
84	344431.0
85	902806.0
86	902806.0
87	902806.0
88	902806.0
89	902806.0
90	352627.0
91	352627.0
92	352627.0
93	352627.0
94	352627.0
95	31812.0
96	31812.0
97	31812.0
98	31812.0
99	31812.0
100	1809.0
101	1809.0
102	1809.0
103	1809.0
104	1809.0
105	427264.0
106	427264.0
107	427264.0
108	427264.0
109	427264.0
110	678926.0
111	678926.0
112	678926.0
113	678926.0
114	678926.0
115	880993.0
116	880993.0
117	880993.0
118	880993.0
119	880993.0
120	483194.0
121	483194.0
122	483194.0
123	483194.0
124	483194.0
125	759837.0
126	759837.0
127	759837.0
128	759837.0
129	759837.0
130	396265.0
131	396265.0
132	396265.0
133	396265.0
134	396265.0
135	530106.0
136	530106.0
137	530106.0
138	530106.0
139	530106.0
140	22101.0
141	22101.0
142	22101.0
143	22101.0
144	22101.0
145	417672.0
146	417672.0
147	417672.0
148	417672.0
149	417672.0
150	141190.0
151	141190.0
152	141190.0
153	141190.0
154	141190.0
155	200397.0
156	200397.0
157	200397.0
158	200397.0
159	200397.0
160	198467.0
161	198467.0
162	198467.0
163	198467.0
164	198467.0
165	325852.0
166	325852.0
167	325852.0
168	325852.0
169	325852.0
170	462272.0
171	462272.0
172	462272.0
173	462272.0
174	462272.0
175	825175.0
176	825175.0
177	825175.0
178	825175.0
179	825175.0
180	724508.0
181	724508.0
182	724508.0
183	724508.0
184	724508.0
185	499803.0
186	499803.0
187	499803.0
188	499803.0
189	499803.0
190	880380.0
191	880380.0
192	880380.0
193	880380.0
194	880380.0
195	476025.0
196	476025.0
197	476025.0
198	476025.0
199	476025.0
200	16935.0
201	16935.0
202	16935.0
203	16935.0
204	16935.0
205	814226.0
206	814226.0
207	814226.0
208	814226.0
209	814226.0
210	103209.0
211	103209.0
212	103209.0
213	103209.0
214	103209.0
215	31736.0
216	31736.0
217	31736.0
218	31736.0
219	31736.0
220	257091.0
221	257091.0
222	257091.0
223	257091.0
224	257091.0
225	675404.0
226	675404.0
227	675404.0
228	675404.0
229	675404.0
230	224347.0
231	224347.0
232	224347.0
233	224347.0
234	224347.0
235	933843.0
236	933843.0
237	933843.0
238	933843.0
239	933843.0
240	816459.0
241	816459.0
242	816459.0
243	816459.0
244	816459.0
245	382048.0
246	382048.0
247	382048.0
248	382048.0
249	382048.0
