0	266221.0
1	266221.0
2	266221.0
3	266221.0
4	266221.0
5	417501.0
6	417501.0
7	417501.0
8	417501.0
9	417501.0
10	51942.0
11	51942.0
12	51942.0
13	51942.0
14	51942.0
15	272316.0
16	272316.0
17	272316.0
18	272316.0
19	272316.0
20	98405.0
21	98405.0
22	98405.0
23	98405.0
24	98405.0
25	342381.0
26	342381.0
27	342381.0
28	342381.0
29	342381.0
30	223892.0
31	223892.0
32	223892.0
33	223892.0
34	223892.0
35	266888.0
36	266888.0
37	266888.0
38	266888.0
39	266888.0
40	194930.0
41	194930.0
42	194930.0
43	194930.0
44	194930.0
45	10650.0
46	10650.0
47	10650.0
48	10650.0
49	10650.0
50	317443.0
51	317443.0
52	317443.0
53	317443.0
54	317443.0
55	368575.0
56	368575.0
57	368575.0
58	368575.0
59	368575.0
60	200576.0
61	200576.0
62	200576.0
63	200576.0
64	200576.0
65	230782.0
66	230782.0
67	230782.0
68	230782.0
69	230782.0
70	281293.0
71	281293.0
72	281293.0
73	281293.0
74	281293.0
75	266518.0
76	266518.0
77	266518.0
78	266518.0
79	266518.0
80	299054.0
81	299054.0
82	299054.0
83	299054.0
84	299054.0
85	383064.0
86	383064.0
87	383064.0
88	383064.0
89	383064.0
90	65640.0
91	65640.0
92	65640.0
93	65640.0
94	65640.0
95	70413.0
96	70413.0
97	70413.0
98	70413.0
99	70413.0
100	399293.0
101	399293.0
102	399293.0
103	399293.0
104	399293.0
105	241299.0
106	241299.0
107	241299.0
108	241299.0
109	241299.0
110	235993.0
111	235993.0
112	235993.0
113	235993.0
114	235993.0
115	172943.0
116	172943.0
117	172943.0
118	172943.0
119	172943.0
120	371783.0
121	371783.0
122	371783.0
123	371783.0
124	371783.0
125	100480.0
126	100480.0
127	100480.0
128	100480.0
129	100480.0
130	237081.0
131	237081.0
132	237081.0
133	237081.0
134	237081.0
135	226358.0
136	226358.0
137	226358.0
138	226358.0
139	226358.0
140	404191.0
141	404191.0
142	404191.0
143	404191.0
144	404191.0
145	18892.0
146	18892.0
147	18892.0
148	18892.0
149	18892.0
150	259679.0
151	259679.0
152	259679.0
153	259679.0
154	259679.0
155	400529.0
156	400529.0
157	400529.0
158	400529.0
159	400529.0
160	185039.0
161	185039.0
162	185039.0
163	185039.0
164	185039.0
165	276803.0
166	276803.0
167	276803.0
168	276803.0
169	276803.0
170	363320.0
171	363320.0
172	363320.0
173	363320.0
174	363320.0
175	350330.0
176	350330.0
177	350330.0
178	350330.0
179	350330.0
180	337418.0
181	337418.0
182	337418.0
183	337418.0
184	337418.0
185	174346.0
186	174346.0
187	174346.0
188	174346.0
189	174346.0
190	272322.0
191	272322.0
192	272322.0
193	272322.0
194	272322.0
195	359215.0
196	359215.0
197	359215.0
198	359215.0
199	359215.0
200	233681.0
201	233681.0
202	233681.0
203	233681.0
204	233681.0
205	171907.0
206	171907.0
207	171907.0
208	171907.0
209	171907.0
210	336489.0
211	336489.0
212	336489.0
213	336489.0
214	336489.0
215	175384.0
216	175384.0
217	175384.0
218	175384.0
219	175384.0
220	345055.0
221	345055.0
222	345055.0
223	345055.0
224	345055.0
225	13732.0
226	13732.0
227	13732.0
228	13732.0
229	13732.0
230	119788.0
231	119788.0
232	119788.0
233	119788.0
234	119788.0
235	323063.0
236	323063.0
237	323063.0
238	323063.0
239	323063.0
240	24411.0
241	24411.0
242	24411.0
243	24411.0
244	24411.0
245	254548.0
246	254548.0
247	254548.0
248	254548.0
249	254548.0
