0	12461.0
1	12461.0
2	12461.0
3	12461.0
4	12461.0
5	80967.0
6	80967.0
7	80967.0
8	80967.0
9	80967.0
10	79638.0
11	79638.0
12	79638.0
13	79638.0
14	79638.0
15	129634.0
16	129634.0
17	129634.0
18	129634.0
19	129634.0
20	170096.0
21	170096.0
22	170096.0
23	170096.0
24	170096.0
25	347599.0
26	347599.0
27	347599.0
28	347599.0
29	347599.0
30	286353.0
31	286353.0
32	286353.0
33	286353.0
34	286353.0
35	191142.0
36	191142.0
37	191142.0
38	191142.0
39	191142.0
40	372152.0
41	372152.0
42	372152.0
43	372152.0
44	372152.0
45	139967.0
46	139967.0
47	139967.0
48	139967.0
49	139967.0
50	211431.0
51	211431.0
52	211431.0
53	211431.0
54	211431.0
55	116989.0
56	116989.0
57	116989.0
58	116989.0
59	116989.0
60	52393.0
61	52393.0
62	52393.0
63	52393.0
64	52393.0
65	151045.0
66	151045.0
67	151045.0
68	151045.0
69	151045.0
70	64766.0
71	64766.0
72	64766.0
73	64766.0
74	64766.0
75	21045.0
76	21045.0
77	21045.0
78	21045.0
79	21045.0
80	307284.0
81	307284.0
82	307284.0
83	307284.0
84	307284.0
85	73556.0
86	73556.0
87	73556.0
88	73556.0
89	73556.0
90	179062.0
91	179062.0
92	179062.0
93	179062.0
94	179062.0
95	46580.0
96	46580.0
97	46580.0
98	46580.0
99	46580.0
100	8854.0
101	8854.0
102	8854.0
103	8854.0
104	8854.0
105	106131.0
106	106131.0
107	106131.0
108	106131.0
109	106131.0
110	207488.0
111	207488.0
112	207488.0
113	207488.0
114	207488.0
115	347489.0
116	347489.0
117	347489.0
118	347489.0
119	347489.0
120	166668.0
121	166668.0
122	166668.0
123	166668.0
124	166668.0
125	403324.0
126	403324.0
127	403324.0
128	403324.0
129	403324.0
130	327552.0
131	327552.0
132	327552.0
133	327552.0
134	327552.0
135	134710.0
136	134710.0
137	134710.0
138	134710.0
139	134710.0
140	217147.0
141	217147.0
142	217147.0
143	217147.0
144	217147.0
145	195936.0
146	195936.0
147	195936.0
148	195936.0
149	195936.0
150	175602.0
151	175602.0
152	175602.0
153	175602.0
154	175602.0
155	146030.0
156	146030.0
157	146030.0
158	146030.0
159	146030.0
160	81288.0
161	81288.0
162	81288.0
163	81288.0
164	81288.0
165	226551.0
166	226551.0
167	226551.0
168	226551.0
169	226551.0
170	332902.0
171	332902.0
172	332902.0
173	332902.0
174	332902.0
175	115098.0
176	115098.0
177	115098.0
178	115098.0
179	115098.0
180	414763.0
181	414763.0
182	414763.0
183	414763.0
184	414763.0
185	393232.0
186	393232.0
187	393232.0
188	393232.0
189	393232.0
190	29044.0
191	29044.0
192	29044.0
193	29044.0
194	29044.0
195	374161.0
196	374161.0
197	374161.0
198	374161.0
199	374161.0
200	195120.0
201	195120.0
202	195120.0
203	195120.0
204	195120.0
205	164927.0
206	164927.0
207	164927.0
208	164927.0
209	164927.0
210	358041.0
211	358041.0
212	358041.0
213	358041.0
214	358041.0
215	337793.0
216	337793.0
217	337793.0
218	337793.0
219	337793.0
220	63786.0
221	63786.0
222	63786.0
223	63786.0
224	63786.0
225	174424.0
226	174424.0
227	174424.0
228	174424.0
229	174424.0
230	24079.0
231	24079.0
232	24079.0
233	24079.0
234	24079.0
235	20077.0
236	20077.0
237	20077.0
238	20077.0
239	20077.0
240	52454.0
241	52454.0
242	52454.0
243	52454.0
244	52454.0
245	255169.0
246	255169.0
247	255169.0
248	255169.0
249	255169.0
