0	107848.0
1	107848.0
2	107848.0
3	107848.0
4	107848.0
5	273584.0
6	273584.0
7	273584.0
8	273584.0
9	273584.0
10	212181.0
11	212181.0
12	212181.0
13	212181.0
14	212181.0
15	18063.0
16	18063.0
17	18063.0
18	18063.0
19	18063.0
20	361158.0
21	361158.0
22	361158.0
23	361158.0
24	361158.0
25	216929.0
26	216929.0
27	216929.0
28	216929.0
29	216929.0
30	297575.0
31	297575.0
32	297575.0
33	297575.0
34	297575.0
35	46812.0
36	46812.0
37	46812.0
38	46812.0
39	46812.0
40	311819.0
41	311819.0
42	311819.0
43	311819.0
44	311819.0
45	110247.0
46	110247.0
47	110247.0
48	110247.0
49	110247.0
50	163764.0
51	163764.0
52	163764.0
53	163764.0
54	163764.0
55	11834.0
56	11834.0
57	11834.0
58	11834.0
59	11834.0
60	120866.0
61	120866.0
62	120866.0
63	120866.0
64	120866.0
65	150547.0
66	150547.0
67	150547.0
68	150547.0
69	150547.0
70	71710.0
71	71710.0
72	71710.0
73	71710.0
74	71710.0
75	95481.0
76	95481.0
77	95481.0
78	95481.0
79	95481.0
80	259923.0
81	259923.0
82	259923.0
83	259923.0
84	259923.0
85	240620.0
86	240620.0
87	240620.0
88	240620.0
89	240620.0
90	174119.0
91	174119.0
92	174119.0
93	174119.0
94	174119.0
95	359059.0
96	359059.0
97	359059.0
98	359059.0
99	359059.0
100	247447.0
101	247447.0
102	247447.0
103	247447.0
104	247447.0
105	365027.0
106	365027.0
107	365027.0
108	365027.0
109	365027.0
110	240696.0
111	240696.0
112	240696.0
113	240696.0
114	240696.0
115	51274.0
116	51274.0
117	51274.0
118	51274.0
119	51274.0
120	230368.0
121	230368.0
122	230368.0
123	230368.0
124	230368.0
125	162903.0
126	162903.0
127	162903.0
128	162903.0
129	162903.0
130	242931.0
131	242931.0
132	242931.0
133	242931.0
134	242931.0
135	355872.0
136	355872.0
137	355872.0
138	355872.0
139	355872.0
140	317397.0
141	317397.0
142	317397.0
143	317397.0
144	317397.0
145	135163.0
146	135163.0
147	135163.0
148	135163.0
149	135163.0
150	22718.0
151	22718.0
152	22718.0
153	22718.0
154	22718.0
155	384323.0
156	384323.0
157	384323.0
158	384323.0
159	384323.0
160	93436.0
161	93436.0
162	93436.0
163	93436.0
164	93436.0
165	327362.0
166	327362.0
167	327362.0
168	327362.0
169	327362.0
170	235042.0
171	235042.0
172	235042.0
173	235042.0
174	235042.0
175	254700.0
176	254700.0
177	254700.0
178	254700.0
179	254700.0
180	376108.0
181	376108.0
182	376108.0
183	376108.0
184	376108.0
185	344563.0
186	344563.0
187	344563.0
188	344563.0
189	344563.0
190	230298.0
191	230298.0
192	230298.0
193	230298.0
194	230298.0
195	103497.0
196	103497.0
197	103497.0
198	103497.0
199	103497.0
200	386776.0
201	386776.0
202	386776.0
203	386776.0
204	386776.0
205	235619.0
206	235619.0
207	235619.0
208	235619.0
209	235619.0
210	302284.0
211	302284.0
212	302284.0
213	302284.0
214	302284.0
215	77519.0
216	77519.0
217	77519.0
218	77519.0
219	77519.0
220	398857.0
221	398857.0
222	398857.0
223	398857.0
224	398857.0
225	165802.0
226	165802.0
227	165802.0
228	165802.0
229	165802.0
230	67095.0
231	67095.0
232	67095.0
233	67095.0
234	67095.0
235	373981.0
236	373981.0
237	373981.0
238	373981.0
239	373981.0
240	371642.0
241	371642.0
242	371642.0
243	371642.0
244	371642.0
245	193356.0
246	193356.0
247	193356.0
248	193356.0
249	193356.0
