0	40037.0
1	40037.0
2	40037.0
3	40037.0
4	40037.0
5	132193.0
6	132193.0
7	132193.0
8	132193.0
9	132193.0
10	192461.0
11	192461.0
12	192461.0
13	192461.0
14	192461.0
15	176505.0
16	176505.0
17	176505.0
18	176505.0
19	176505.0
20	9847.0
21	9847.0
22	9847.0
23	9847.0
24	9847.0
25	44588.0
26	44588.0
27	44588.0
28	44588.0
29	44588.0
30	44346.0
31	44346.0
32	44346.0
33	44346.0
34	44346.0
35	382074.0
36	382074.0
37	382074.0
38	382074.0
39	382074.0
40	19197.0
41	19197.0
42	19197.0
43	19197.0
44	19197.0
45	148494.0
46	148494.0
47	148494.0
48	148494.0
49	148494.0
50	322570.0
51	322570.0
52	322570.0
53	322570.0
54	322570.0
55	213916.0
56	213916.0
57	213916.0
58	213916.0
59	213916.0
60	64702.0
61	64702.0
62	64702.0
63	64702.0
64	64702.0
65	377854.0
66	377854.0
67	377854.0
68	377854.0
69	377854.0
70	388960.0
71	388960.0
72	388960.0
73	388960.0
74	388960.0
75	246532.0
76	246532.0
77	246532.0
78	246532.0
79	246532.0
80	105281.0
81	105281.0
82	105281.0
83	105281.0
84	105281.0
85	406711.0
86	406711.0
87	406711.0
88	406711.0
89	406711.0
90	150892.0
91	150892.0
92	150892.0
93	150892.0
94	150892.0
95	166487.0
96	166487.0
97	166487.0
98	166487.0
99	166487.0
100	230865.0
101	230865.0
102	230865.0
103	230865.0
104	230865.0
105	32643.0
106	32643.0
107	32643.0
108	32643.0
109	32643.0
110	16865.0
111	16865.0
112	16865.0
113	16865.0
114	16865.0
115	165053.0
116	165053.0
117	165053.0
118	165053.0
119	165053.0
120	154554.0
121	154554.0
122	154554.0
123	154554.0
124	154554.0
125	146057.0
126	146057.0
127	146057.0
128	146057.0
129	146057.0
130	243604.0
131	243604.0
132	243604.0
133	243604.0
134	243604.0
135	236848.0
136	236848.0
137	236848.0
138	236848.0
139	236848.0
140	223311.0
141	223311.0
142	223311.0
143	223311.0
144	223311.0
145	252367.0
146	252367.0
147	252367.0
148	252367.0
149	252367.0
150	277140.0
151	277140.0
152	277140.0
153	277140.0
154	277140.0
155	275788.0
156	275788.0
157	275788.0
158	275788.0
159	275788.0
160	75231.0
161	75231.0
162	75231.0
163	75231.0
164	75231.0
165	287829.0
166	287829.0
167	287829.0
168	287829.0
169	287829.0
170	348045.0
171	348045.0
172	348045.0
173	348045.0
174	348045.0
175	283944.0
176	283944.0
177	283944.0
178	283944.0
179	283944.0
180	247927.0
181	247927.0
182	247927.0
183	247927.0
184	247927.0
185	124333.0
186	124333.0
187	124333.0
188	124333.0
189	124333.0
190	360670.0
191	360670.0
192	360670.0
193	360670.0
194	360670.0
195	393795.0
196	393795.0
197	393795.0
198	393795.0
199	393795.0
200	323816.0
201	323816.0
202	323816.0
203	323816.0
204	323816.0
205	241807.0
206	241807.0
207	241807.0
208	241807.0
209	241807.0
210	256498.0
211	256498.0
212	256498.0
213	256498.0
214	256498.0
215	220537.0
216	220537.0
217	220537.0
218	220537.0
219	220537.0
220	229372.0
221	229372.0
222	229372.0
223	229372.0
224	229372.0
225	126155.0
226	126155.0
227	126155.0
228	126155.0
229	126155.0
230	235364.0
231	235364.0
232	235364.0
233	235364.0
234	235364.0
235	222357.0
236	222357.0
237	222357.0
238	222357.0
239	222357.0
240	179779.0
241	179779.0
242	179779.0
243	179779.0
244	179779.0
245	147281.0
246	147281.0
247	147281.0
248	147281.0
249	147281.0
