0	784297.0
1	784297.0
2	784297.0
3	784297.0
4	784297.0
5	65352.0
6	65352.0
7	65352.0
8	65352.0
9	65352.0
10	337413.0
11	337413.0
12	337413.0
13	337413.0
14	337413.0
15	523178.0
16	523178.0
17	523178.0
18	523178.0
19	523178.0
20	304741.0
21	304741.0
22	304741.0
23	304741.0
24	304741.0
25	189576.0
26	189576.0
27	189576.0
28	189576.0
29	189576.0
30	408162.0
31	408162.0
32	408162.0
33	408162.0
34	408162.0
35	922185.0
36	922185.0
37	922185.0
38	922185.0
39	922185.0
40	573900.0
41	573900.0
42	573900.0
43	573900.0
44	573900.0
45	33438.0
46	33438.0
47	33438.0
48	33438.0
49	33438.0
50	394824.0
51	394824.0
52	394824.0
53	394824.0
54	394824.0
55	743526.0
56	743526.0
57	743526.0
58	743526.0
59	743526.0
60	475943.0
61	475943.0
62	475943.0
63	475943.0
64	475943.0
65	35122.0
66	35122.0
67	35122.0
68	35122.0
69	35122.0
70	592479.0
71	592479.0
72	592479.0
73	592479.0
74	592479.0
75	522207.0
76	522207.0
77	522207.0
78	522207.0
79	522207.0
80	572108.0
81	572108.0
82	572108.0
83	572108.0
84	572108.0
85	813696.0
86	813696.0
87	813696.0
88	813696.0
89	813696.0
90	372300.0
91	372300.0
92	372300.0
93	372300.0
94	372300.0
95	748295.0
96	748295.0
97	748295.0
98	748295.0
99	748295.0
100	432075.0
101	432075.0
102	432075.0
103	432075.0
104	432075.0
105	181877.0
106	181877.0
107	181877.0
108	181877.0
109	181877.0
110	369778.0
111	369778.0
112	369778.0
113	369778.0
114	369778.0
115	917474.0
116	917474.0
117	917474.0
118	917474.0
119	917474.0
120	613680.0
121	613680.0
122	613680.0
123	613680.0
124	613680.0
125	234611.0
126	234611.0
127	234611.0
128	234611.0
129	234611.0
130	347790.0
131	347790.0
132	347790.0
133	347790.0
134	347790.0
135	395788.0
136	395788.0
137	395788.0
138	395788.0
139	395788.0
140	650049.0
141	650049.0
142	650049.0
143	650049.0
144	650049.0
145	292500.0
146	292500.0
147	292500.0
148	292500.0
149	292500.0
150	216016.0
151	216016.0
152	216016.0
153	216016.0
154	216016.0
155	88845.0
156	88845.0
157	88845.0
158	88845.0
159	88845.0
160	37698.0
161	37698.0
162	37698.0
163	37698.0
164	37698.0
165	745349.0
166	745349.0
167	745349.0
168	745349.0
169	745349.0
170	710730.0
171	710730.0
172	710730.0
173	710730.0
174	710730.0
175	589960.0
176	589960.0
177	589960.0
178	589960.0
179	589960.0
180	939513.0
181	939513.0
182	939513.0
183	939513.0
184	939513.0
185	446942.0
186	446942.0
187	446942.0
188	446942.0
189	446942.0
190	330238.0
191	330238.0
192	330238.0
193	330238.0
194	330238.0
195	207925.0
196	207925.0
197	207925.0
198	207925.0
199	207925.0
200	910689.0
201	910689.0
202	910689.0
203	910689.0
204	910689.0
205	597551.0
206	597551.0
207	597551.0
208	597551.0
209	597551.0
210	320944.0
211	320944.0
212	320944.0
213	320944.0
214	320944.0
215	264375.0
216	264375.0
217	264375.0
218	264375.0
219	264375.0
220	892448.0
221	892448.0
222	892448.0
223	892448.0
224	892448.0
225	376437.0
226	376437.0
227	376437.0
228	376437.0
229	376437.0
230	519318.0
231	519318.0
232	519318.0
233	519318.0
234	519318.0
235	812285.0
236	812285.0
237	812285.0
238	812285.0
239	812285.0
240	276891.0
241	276891.0
242	276891.0
243	276891.0
244	276891.0
245	662507.0
246	662507.0
247	662507.0
248	662507.0
249	662507.0
