0	607987.0
1	607987.0
2	607987.0
3	607987.0
4	607987.0
5	444867.0
6	444867.0
7	444867.0
8	444867.0
9	444867.0
10	719201.0
11	719201.0
12	719201.0
13	719201.0
14	719201.0
15	928353.0
16	928353.0
17	928353.0
18	928353.0
19	928353.0
20	202104.0
21	202104.0
22	202104.0
23	202104.0
24	202104.0
25	809036.0
26	809036.0
27	809036.0
28	809036.0
29	809036.0
30	142226.0
31	142226.0
32	142226.0
33	142226.0
34	142226.0
35	920472.0
36	920472.0
37	920472.0
38	920472.0
39	920472.0
40	622049.0
41	622049.0
42	622049.0
43	622049.0
44	622049.0
45	830465.0
46	830465.0
47	830465.0
48	830465.0
49	830465.0
50	196763.0
51	196763.0
52	196763.0
53	196763.0
54	196763.0
55	432696.0
56	432696.0
57	432696.0
58	432696.0
59	432696.0
60	321350.0
61	321350.0
62	321350.0
63	321350.0
64	321350.0
65	689894.0
66	689894.0
67	689894.0
68	689894.0
69	689894.0
70	252963.0
71	252963.0
72	252963.0
73	252963.0
74	252963.0
75	358818.0
76	358818.0
77	358818.0
78	358818.0
79	358818.0
80	682039.0
81	682039.0
82	682039.0
83	682039.0
84	682039.0
85	615699.0
86	615699.0
87	615699.0
88	615699.0
89	615699.0
90	348817.0
91	348817.0
92	348817.0
93	348817.0
94	348817.0
95	393386.0
96	393386.0
97	393386.0
98	393386.0
99	393386.0
100	71263.0
101	71263.0
102	71263.0
103	71263.0
104	71263.0
105	654921.0
106	654921.0
107	654921.0
108	654921.0
109	654921.0
110	217508.0
111	217508.0
112	217508.0
113	217508.0
114	217508.0
115	727350.0
116	727350.0
117	727350.0
118	727350.0
119	727350.0
120	520437.0
121	520437.0
122	520437.0
123	520437.0
124	520437.0
125	879169.0
126	879169.0
127	879169.0
128	879169.0
129	879169.0
130	43879.0
131	43879.0
132	43879.0
133	43879.0
134	43879.0
135	42535.0
136	42535.0
137	42535.0
138	42535.0
139	42535.0
140	624375.0
141	624375.0
142	624375.0
143	624375.0
144	624375.0
145	482166.0
146	482166.0
147	482166.0
148	482166.0
149	482166.0
150	954116.0
151	954116.0
152	954116.0
153	954116.0
154	954116.0
155	206173.0
156	206173.0
157	206173.0
158	206173.0
159	206173.0
160	947237.0
161	947237.0
162	947237.0
163	947237.0
164	947237.0
165	255370.0
166	255370.0
167	255370.0
168	255370.0
169	255370.0
170	180493.0
171	180493.0
172	180493.0
173	180493.0
174	180493.0
175	4053.0
176	4053.0
177	4053.0
178	4053.0
179	4053.0
180	440285.0
181	440285.0
182	440285.0
183	440285.0
184	440285.0
185	583018.0
186	583018.0
187	583018.0
188	583018.0
189	583018.0
190	603520.0
191	603520.0
192	603520.0
193	603520.0
194	603520.0
195	940724.0
196	940724.0
197	940724.0
198	940724.0
199	940724.0
200	874519.0
201	874519.0
202	874519.0
203	874519.0
204	874519.0
205	777525.0
206	777525.0
207	777525.0
208	777525.0
209	777525.0
210	29695.0
211	29695.0
212	29695.0
213	29695.0
214	29695.0
215	556586.0
216	556586.0
217	556586.0
218	556586.0
219	556586.0
220	348222.0
221	348222.0
222	348222.0
223	348222.0
224	348222.0
225	513155.0
226	513155.0
227	513155.0
228	513155.0
229	513155.0
230	469822.0
231	469822.0
232	469822.0
233	469822.0
234	469822.0
235	190583.0
236	190583.0
237	190583.0
238	190583.0
239	190583.0
240	921921.0
241	921921.0
242	921921.0
243	921921.0
244	921921.0
245	222933.0
246	222933.0
247	222933.0
248	222933.0
249	222933.0
