0	208629.0
1	208629.0
2	208629.0
3	208629.0
4	208629.0
5	101453.0
6	101453.0
7	101453.0
8	101453.0
9	101453.0
10	272670.0
11	272670.0
12	272670.0
13	272670.0
14	272670.0
15	339937.0
16	339937.0
17	339937.0
18	339937.0
19	339937.0
20	784230.0
21	784230.0
22	784230.0
23	784230.0
24	784230.0
25	896621.0
26	896621.0
27	896621.0
28	896621.0
29	896621.0
30	202798.0
31	202798.0
32	202798.0
33	202798.0
34	202798.0
35	868814.0
36	868814.0
37	868814.0
38	868814.0
39	868814.0
40	454536.0
41	454536.0
42	454536.0
43	454536.0
44	454536.0
45	315279.0
46	315279.0
47	315279.0
48	315279.0
49	315279.0
50	303885.0
51	303885.0
52	303885.0
53	303885.0
54	303885.0
55	73819.0
56	73819.0
57	73819.0
58	73819.0
59	73819.0
60	464009.0
61	464009.0
62	464009.0
63	464009.0
64	464009.0
65	615751.0
66	615751.0
67	615751.0
68	615751.0
69	615751.0
70	555972.0
71	555972.0
72	555972.0
73	555972.0
74	555972.0
75	126161.0
76	126161.0
77	126161.0
78	126161.0
79	126161.0
80	265094.0
81	265094.0
82	265094.0
83	265094.0
84	265094.0
85	86167.0
86	86167.0
87	86167.0
88	86167.0
89	86167.0
90	387186.0
91	387186.0
92	387186.0
93	387186.0
94	387186.0
95	549037.0
96	549037.0
97	549037.0
98	549037.0
99	549037.0
100	897631.0
101	897631.0
102	897631.0
103	897631.0
104	897631.0
105	431916.0
106	431916.0
107	431916.0
108	431916.0
109	431916.0
110	506136.0
111	506136.0
112	506136.0
113	506136.0
114	506136.0
115	650182.0
116	650182.0
117	650182.0
118	650182.0
119	650182.0
120	380516.0
121	380516.0
122	380516.0
123	380516.0
124	380516.0
125	684651.0
126	684651.0
127	684651.0
128	684651.0
129	684651.0
130	398226.0
131	398226.0
132	398226.0
133	398226.0
134	398226.0
135	73619.0
136	73619.0
137	73619.0
138	73619.0
139	73619.0
140	105848.0
141	105848.0
142	105848.0
143	105848.0
144	105848.0
145	126948.0
146	126948.0
147	126948.0
148	126948.0
149	126948.0
150	849393.0
151	849393.0
152	849393.0
153	849393.0
154	849393.0
155	305004.0
156	305004.0
157	305004.0
158	305004.0
159	305004.0
160	622140.0
161	622140.0
162	622140.0
163	622140.0
164	622140.0
165	140731.0
166	140731.0
167	140731.0
168	140731.0
169	140731.0
170	400740.0
171	400740.0
172	400740.0
173	400740.0
174	400740.0
175	423060.0
176	423060.0
177	423060.0
178	423060.0
179	423060.0
180	196946.0
181	196946.0
182	196946.0
183	196946.0
184	196946.0
185	849596.0
186	849596.0
187	849596.0
188	849596.0
189	849596.0
190	946032.0
191	946032.0
192	946032.0
193	946032.0
194	946032.0
195	662825.0
196	662825.0
197	662825.0
198	662825.0
199	662825.0
200	486371.0
201	486371.0
202	486371.0
203	486371.0
204	486371.0
205	528629.0
206	528629.0
207	528629.0
208	528629.0
209	528629.0
210	512219.0
211	512219.0
212	512219.0
213	512219.0
214	512219.0
215	218303.0
216	218303.0
217	218303.0
218	218303.0
219	218303.0
220	591673.0
221	591673.0
222	591673.0
223	591673.0
224	591673.0
225	809471.0
226	809471.0
227	809471.0
228	809471.0
229	809471.0
230	542269.0
231	542269.0
232	542269.0
233	542269.0
234	542269.0
235	155791.0
236	155791.0
237	155791.0
238	155791.0
239	155791.0
240	762532.0
241	762532.0
242	762532.0
243	762532.0
244	762532.0
245	783218.0
246	783218.0
247	783218.0
248	783218.0
249	783218.0
