0	352873.0
1	352873.0
2	352873.0
3	352873.0
4	352873.0
5	588532.0
6	588532.0
7	588532.0
8	588532.0
9	588532.0
10	34359.0
11	34359.0
12	34359.0
13	34359.0
14	34359.0
15	362818.0
16	362818.0
17	362818.0
18	362818.0
19	362818.0
20	191463.0
21	191463.0
22	191463.0
23	191463.0
24	191463.0
25	305460.0
26	305460.0
27	305460.0
28	305460.0
29	305460.0
30	617143.0
31	617143.0
32	617143.0
33	617143.0
34	617143.0
35	929054.0
36	929054.0
37	929054.0
38	929054.0
39	929054.0
40	145161.0
41	145161.0
42	145161.0
43	145161.0
44	145161.0
45	54531.0
46	54531.0
47	54531.0
48	54531.0
49	54531.0
50	764930.0
51	764930.0
52	764930.0
53	764930.0
54	764930.0
55	583372.0
56	583372.0
57	583372.0
58	583372.0
59	583372.0
60	339455.0
61	339455.0
62	339455.0
63	339455.0
64	339455.0
65	415522.0
66	415522.0
67	415522.0
68	415522.0
69	415522.0
70	271913.0
71	271913.0
72	271913.0
73	271913.0
74	271913.0
75	390782.0
76	390782.0
77	390782.0
78	390782.0
79	390782.0
80	466521.0
81	466521.0
82	466521.0
83	466521.0
84	466521.0
85	432852.0
86	432852.0
87	432852.0
88	432852.0
89	432852.0
90	42328.0
91	42328.0
92	42328.0
93	42328.0
94	42328.0
95	568728.0
96	568728.0
97	568728.0
98	568728.0
99	568728.0
100	908193.0
101	908193.0
102	908193.0
103	908193.0
104	908193.0
105	926518.0
106	926518.0
107	926518.0
108	926518.0
109	926518.0
110	567272.0
111	567272.0
112	567272.0
113	567272.0
114	567272.0
115	339193.0
116	339193.0
117	339193.0
118	339193.0
119	339193.0
120	117171.0
121	117171.0
122	117171.0
123	117171.0
124	117171.0
125	129787.0
126	129787.0
127	129787.0
128	129787.0
129	129787.0
130	355864.0
131	355864.0
132	355864.0
133	355864.0
134	355864.0
135	599778.0
136	599778.0
137	599778.0
138	599778.0
139	599778.0
140	469734.0
141	469734.0
142	469734.0
143	469734.0
144	469734.0
145	789626.0
146	789626.0
147	789626.0
148	789626.0
149	789626.0
150	771909.0
151	771909.0
152	771909.0
153	771909.0
154	771909.0
155	740855.0
156	740855.0
157	740855.0
158	740855.0
159	740855.0
160	339855.0
161	339855.0
162	339855.0
163	339855.0
164	339855.0
165	265908.0
166	265908.0
167	265908.0
168	265908.0
169	265908.0
170	650061.0
171	650061.0
172	650061.0
173	650061.0
174	650061.0
175	706454.0
176	706454.0
177	706454.0
178	706454.0
179	706454.0
180	416151.0
181	416151.0
182	416151.0
183	416151.0
184	416151.0
185	260873.0
186	260873.0
187	260873.0
188	260873.0
189	260873.0
190	669355.0
191	669355.0
192	669355.0
193	669355.0
194	669355.0
195	860679.0
196	860679.0
197	860679.0
198	860679.0
199	860679.0
200	529238.0
201	529238.0
202	529238.0
203	529238.0
204	529238.0
205	851273.0
206	851273.0
207	851273.0
208	851273.0
209	851273.0
210	133108.0
211	133108.0
212	133108.0
213	133108.0
214	133108.0
215	528292.0
216	528292.0
217	528292.0
218	528292.0
219	528292.0
220	339766.0
221	339766.0
222	339766.0
223	339766.0
224	339766.0
225	513940.0
226	513940.0
227	513940.0
228	513940.0
229	513940.0
230	623622.0
231	623622.0
232	623622.0
233	623622.0
234	623622.0
235	376365.0
236	376365.0
237	376365.0
238	376365.0
239	376365.0
240	898248.0
241	898248.0
242	898248.0
243	898248.0
244	898248.0
245	215968.0
246	215968.0
247	215968.0
248	215968.0
249	215968.0
