0	68165.0
1	68165.0
2	68165.0
3	68165.0
4	68165.0
5	946897.0
6	946897.0
7	946897.0
8	946897.0
9	946897.0
10	127840.0
11	127840.0
12	127840.0
13	127840.0
14	127840.0
15	434463.0
16	434463.0
17	434463.0
18	434463.0
19	434463.0
20	354572.0
21	354572.0
22	354572.0
23	354572.0
24	354572.0
25	542415.0
26	542415.0
27	542415.0
28	542415.0
29	542415.0
30	627038.0
31	627038.0
32	627038.0
33	627038.0
34	627038.0
35	705597.0
36	705597.0
37	705597.0
38	705597.0
39	705597.0
40	721261.0
41	721261.0
42	721261.0
43	721261.0
44	721261.0
45	295473.0
46	295473.0
47	295473.0
48	295473.0
49	295473.0
50	580478.0
51	580478.0
52	580478.0
53	580478.0
54	580478.0
55	592710.0
56	592710.0
57	592710.0
58	592710.0
59	592710.0
60	594911.0
61	594911.0
62	594911.0
63	594911.0
64	594911.0
65	641942.0
66	641942.0
67	641942.0
68	641942.0
69	641942.0
70	27762.0
71	27762.0
72	27762.0
73	27762.0
74	27762.0
75	459785.0
76	459785.0
77	459785.0
78	459785.0
79	459785.0
80	940010.0
81	940010.0
82	940010.0
83	940010.0
84	940010.0
85	524743.0
86	524743.0
87	524743.0
88	524743.0
89	524743.0
90	592295.0
91	592295.0
92	592295.0
93	592295.0
94	592295.0
95	569814.0
96	569814.0
97	569814.0
98	569814.0
99	569814.0
100	371175.0
101	371175.0
102	371175.0
103	371175.0
104	371175.0
105	93338.0
106	93338.0
107	93338.0
108	93338.0
109	93338.0
110	564087.0
111	564087.0
112	564087.0
113	564087.0
114	564087.0
115	501353.0
116	501353.0
117	501353.0
118	501353.0
119	501353.0
120	877127.0
121	877127.0
122	877127.0
123	877127.0
124	877127.0
125	954559.0
126	954559.0
127	954559.0
128	954559.0
129	954559.0
130	270812.0
131	270812.0
132	270812.0
133	270812.0
134	270812.0
135	425915.0
136	425915.0
137	425915.0
138	425915.0
139	425915.0
140	279497.0
141	279497.0
142	279497.0
143	279497.0
144	279497.0
145	500837.0
146	500837.0
147	500837.0
148	500837.0
149	500837.0
150	498480.0
151	498480.0
152	498480.0
153	498480.0
154	498480.0
155	419015.0
156	419015.0
157	419015.0
158	419015.0
159	419015.0
160	303262.0
161	303262.0
162	303262.0
163	303262.0
164	303262.0
165	683243.0
166	683243.0
167	683243.0
168	683243.0
169	683243.0
170	401893.0
171	401893.0
172	401893.0
173	401893.0
174	401893.0
175	52413.0
176	52413.0
177	52413.0
178	52413.0
179	52413.0
180	303291.0
181	303291.0
182	303291.0
183	303291.0
184	303291.0
185	661274.0
186	661274.0
187	661274.0
188	661274.0
189	661274.0
190	511967.0
191	511967.0
192	511967.0
193	511967.0
194	511967.0
195	325650.0
196	325650.0
197	325650.0
198	325650.0
199	325650.0
200	649086.0
201	649086.0
202	649086.0
203	649086.0
204	649086.0
205	61651.0
206	61651.0
207	61651.0
208	61651.0
209	61651.0
210	741472.0
211	741472.0
212	741472.0
213	741472.0
214	741472.0
215	599909.0
216	599909.0
217	599909.0
218	599909.0
219	599909.0
220	730766.0
221	730766.0
222	730766.0
223	730766.0
224	730766.0
225	902028.0
226	902028.0
227	902028.0
228	902028.0
229	902028.0
230	391798.0
231	391798.0
232	391798.0
233	391798.0
234	391798.0
235	887879.0
236	887879.0
237	887879.0
238	887879.0
239	887879.0
240	554917.0
241	554917.0
242	554917.0
243	554917.0
244	554917.0
245	699877.0
246	699877.0
247	699877.0
248	699877.0
249	699877.0
