0	504120.0
1	504120.0
2	504120.0
3	504120.0
4	504120.0
5	175406.0
6	175406.0
7	175406.0
8	175406.0
9	175406.0
10	778036.0
11	778036.0
12	778036.0
13	778036.0
14	778036.0
15	804269.0
16	804269.0
17	804269.0
18	804269.0
19	804269.0
20	399188.0
21	399188.0
22	399188.0
23	399188.0
24	399188.0
25	97731.0
26	97731.0
27	97731.0
28	97731.0
29	97731.0
30	276007.0
31	276007.0
32	276007.0
33	276007.0
34	276007.0
35	514411.0
36	514411.0
37	514411.0
38	514411.0
39	514411.0
40	840383.0
41	840383.0
42	840383.0
43	840383.0
44	840383.0
45	840885.0
46	840885.0
47	840885.0
48	840885.0
49	840885.0
50	65494.0
51	65494.0
52	65494.0
53	65494.0
54	65494.0
55	298896.0
56	298896.0
57	298896.0
58	298896.0
59	298896.0
60	201954.0
61	201954.0
62	201954.0
63	201954.0
64	201954.0
65	489982.0
66	489982.0
67	489982.0
68	489982.0
69	489982.0
70	688019.0
71	688019.0
72	688019.0
73	688019.0
74	688019.0
75	498713.0
76	498713.0
77	498713.0
78	498713.0
79	498713.0
80	630664.0
81	630664.0
82	630664.0
83	630664.0
84	630664.0
85	576530.0
86	576530.0
87	576530.0
88	576530.0
89	576530.0
90	347785.0
91	347785.0
92	347785.0
93	347785.0
94	347785.0
95	87931.0
96	87931.0
97	87931.0
98	87931.0
99	87931.0
100	772387.0
101	772387.0
102	772387.0
103	772387.0
104	772387.0
105	84858.0
106	84858.0
107	84858.0
108	84858.0
109	84858.0
110	88030.0
111	88030.0
112	88030.0
113	88030.0
114	88030.0
115	239410.0
116	239410.0
117	239410.0
118	239410.0
119	239410.0
120	948984.0
121	948984.0
122	948984.0
123	948984.0
124	948984.0
125	422700.0
126	422700.0
127	422700.0
128	422700.0
129	422700.0
130	602558.0
131	602558.0
132	602558.0
133	602558.0
134	602558.0
135	861237.0
136	861237.0
137	861237.0
138	861237.0
139	861237.0
140	803953.0
141	803953.0
142	803953.0
143	803953.0
144	803953.0
145	475563.0
146	475563.0
147	475563.0
148	475563.0
149	475563.0
150	612040.0
151	612040.0
152	612040.0
153	612040.0
154	612040.0
155	71978.0
156	71978.0
157	71978.0
158	71978.0
159	71978.0
160	470575.0
161	470575.0
162	470575.0
163	470575.0
164	470575.0
165	225149.0
166	225149.0
167	225149.0
168	225149.0
169	225149.0
170	566197.0
171	566197.0
172	566197.0
173	566197.0
174	566197.0
175	333811.0
176	333811.0
177	333811.0
178	333811.0
179	333811.0
180	619243.0
181	619243.0
182	619243.0
183	619243.0
184	619243.0
185	629642.0
186	629642.0
187	629642.0
188	629642.0
189	629642.0
190	891665.0
191	891665.0
192	891665.0
193	891665.0
194	891665.0
195	904205.0
196	904205.0
197	904205.0
198	904205.0
199	904205.0
200	535440.0
201	535440.0
202	535440.0
203	535440.0
204	535440.0
205	152698.0
206	152698.0
207	152698.0
208	152698.0
209	152698.0
210	3849.0
211	3849.0
212	3849.0
213	3849.0
214	3849.0
215	502820.0
216	502820.0
217	502820.0
218	502820.0
219	502820.0
220	821296.0
221	821296.0
222	821296.0
223	821296.0
224	821296.0
225	16630.0
226	16630.0
227	16630.0
228	16630.0
229	16630.0
230	447396.0
231	447396.0
232	447396.0
233	447396.0
234	447396.0
235	420437.0
236	420437.0
237	420437.0
238	420437.0
239	420437.0
240	80272.0
241	80272.0
242	80272.0
243	80272.0
244	80272.0
245	891243.0
246	891243.0
247	891243.0
248	891243.0
249	891243.0
