0	541926.0
1	541926.0
2	541926.0
3	541926.0
4	541926.0
5	614866.0
6	614866.0
7	614866.0
8	614866.0
9	614866.0
10	258487.0
11	258487.0
12	258487.0
13	258487.0
14	258487.0
15	110555.0
16	110555.0
17	110555.0
18	110555.0
19	110555.0
20	346470.0
21	346470.0
22	346470.0
23	346470.0
24	346470.0
25	165246.0
26	165246.0
27	165246.0
28	165246.0
29	165246.0
30	470916.0
31	470916.0
32	470916.0
33	470916.0
34	470916.0
35	597970.0
36	597970.0
37	597970.0
38	597970.0
39	597970.0
40	807851.0
41	807851.0
42	807851.0
43	807851.0
44	807851.0
45	740933.0
46	740933.0
47	740933.0
48	740933.0
49	740933.0
50	859869.0
51	859869.0
52	859869.0
53	859869.0
54	859869.0
55	741103.0
56	741103.0
57	741103.0
58	741103.0
59	741103.0
60	824047.0
61	824047.0
62	824047.0
63	824047.0
64	824047.0
65	29186.0
66	29186.0
67	29186.0
68	29186.0
69	29186.0
70	864053.0
71	864053.0
72	864053.0
73	864053.0
74	864053.0
75	741036.0
76	741036.0
77	741036.0
78	741036.0
79	741036.0
80	151449.0
81	151449.0
82	151449.0
83	151449.0
84	151449.0
85	720910.0
86	720910.0
87	720910.0
88	720910.0
89	720910.0
90	976.0
91	976.0
92	976.0
93	976.0
94	976.0
95	364163.0
96	364163.0
97	364163.0
98	364163.0
99	364163.0
100	677702.0
101	677702.0
102	677702.0
103	677702.0
104	677702.0
105	760693.0
106	760693.0
107	760693.0
108	760693.0
109	760693.0
110	409950.0
111	409950.0
112	409950.0
113	409950.0
114	409950.0
115	365874.0
116	365874.0
117	365874.0
118	365874.0
119	365874.0
120	63637.0
121	63637.0
122	63637.0
123	63637.0
124	63637.0
125	817840.0
126	817840.0
127	817840.0
128	817840.0
129	817840.0
130	464751.0
131	464751.0
132	464751.0
133	464751.0
134	464751.0
135	15469.0
136	15469.0
137	15469.0
138	15469.0
139	15469.0
140	497723.0
141	497723.0
142	497723.0
143	497723.0
144	497723.0
145	621032.0
146	621032.0
147	621032.0
148	621032.0
149	621032.0
150	113301.0
151	113301.0
152	113301.0
153	113301.0
154	113301.0
155	99484.0
156	99484.0
157	99484.0
158	99484.0
159	99484.0
160	319422.0
161	319422.0
162	319422.0
163	319422.0
164	319422.0
165	792685.0
166	792685.0
167	792685.0
168	792685.0
169	792685.0
170	326917.0
171	326917.0
172	326917.0
173	326917.0
174	326917.0
175	131672.0
176	131672.0
177	131672.0
178	131672.0
179	131672.0
180	128333.0
181	128333.0
182	128333.0
183	128333.0
184	128333.0
185	211835.0
186	211835.0
187	211835.0
188	211835.0
189	211835.0
190	911254.0
191	911254.0
192	911254.0
193	911254.0
194	911254.0
195	883080.0
196	883080.0
197	883080.0
198	883080.0
199	883080.0
200	442651.0
201	442651.0
202	442651.0
203	442651.0
204	442651.0
205	84773.0
206	84773.0
207	84773.0
208	84773.0
209	84773.0
210	936319.0
211	936319.0
212	936319.0
213	936319.0
214	936319.0
215	766343.0
216	766343.0
217	766343.0
218	766343.0
219	766343.0
220	573496.0
221	573496.0
222	573496.0
223	573496.0
224	573496.0
225	313662.0
226	313662.0
227	313662.0
228	313662.0
229	313662.0
230	398776.0
231	398776.0
232	398776.0
233	398776.0
234	398776.0
235	247552.0
236	247552.0
237	247552.0
238	247552.0
239	247552.0
240	289195.0
241	289195.0
242	289195.0
243	289195.0
244	289195.0
245	877336.0
246	877336.0
247	877336.0
248	877336.0
249	877336.0
