0	270680.0
1	270680.0
2	270680.0
3	270680.0
4	270680.0
5	936859.0
6	936859.0
7	936859.0
8	936859.0
9	936859.0
10	738368.0
11	738368.0
12	738368.0
13	738368.0
14	738368.0
15	95443.0
16	95443.0
17	95443.0
18	95443.0
19	95443.0
20	75814.0
21	75814.0
22	75814.0
23	75814.0
24	75814.0
25	643387.0
26	643387.0
27	643387.0
28	643387.0
29	643387.0
30	607270.0
31	607270.0
32	607270.0
33	607270.0
34	607270.0
35	180587.0
36	180587.0
37	180587.0
38	180587.0
39	180587.0
40	506706.0
41	506706.0
42	506706.0
43	506706.0
44	506706.0
45	284645.0
46	284645.0
47	284645.0
48	284645.0
49	284645.0
50	195393.0
51	195393.0
52	195393.0
53	195393.0
54	195393.0
55	183970.0
56	183970.0
57	183970.0
58	183970.0
59	183970.0
60	202922.0
61	202922.0
62	202922.0
63	202922.0
64	202922.0
65	265528.0
66	265528.0
67	265528.0
68	265528.0
69	265528.0
70	243834.0
71	243834.0
72	243834.0
73	243834.0
74	243834.0
75	744659.0
76	744659.0
77	744659.0
78	744659.0
79	744659.0
80	759152.0
81	759152.0
82	759152.0
83	759152.0
84	759152.0
85	822856.0
86	822856.0
87	822856.0
88	822856.0
89	822856.0
90	382912.0
91	382912.0
92	382912.0
93	382912.0
94	382912.0
95	921470.0
96	921470.0
97	921470.0
98	921470.0
99	921470.0
100	853989.0
101	853989.0
102	853989.0
103	853989.0
104	853989.0
105	837821.0
106	837821.0
107	837821.0
108	837821.0
109	837821.0
110	582754.0
111	582754.0
112	582754.0
113	582754.0
114	582754.0
115	409861.0
116	409861.0
117	409861.0
118	409861.0
119	409861.0
120	418831.0
121	418831.0
122	418831.0
123	418831.0
124	418831.0
125	299256.0
126	299256.0
127	299256.0
128	299256.0
129	299256.0
130	862231.0
131	862231.0
132	862231.0
133	862231.0
134	862231.0
135	576795.0
136	576795.0
137	576795.0
138	576795.0
139	576795.0
140	363369.0
141	363369.0
142	363369.0
143	363369.0
144	363369.0
145	222536.0
146	222536.0
147	222536.0
148	222536.0
149	222536.0
150	693073.0
151	693073.0
152	693073.0
153	693073.0
154	693073.0
155	277424.0
156	277424.0
157	277424.0
158	277424.0
159	277424.0
160	552568.0
161	552568.0
162	552568.0
163	552568.0
164	552568.0
165	665895.0
166	665895.0
167	665895.0
168	665895.0
169	665895.0
170	500999.0
171	500999.0
172	500999.0
173	500999.0
174	500999.0
175	268407.0
176	268407.0
177	268407.0
178	268407.0
179	268407.0
180	246436.0
181	246436.0
182	246436.0
183	246436.0
184	246436.0
185	545308.0
186	545308.0
187	545308.0
188	545308.0
189	545308.0
190	263429.0
191	263429.0
192	263429.0
193	263429.0
194	263429.0
195	311519.0
196	311519.0
197	311519.0
198	311519.0
199	311519.0
200	518203.0
201	518203.0
202	518203.0
203	518203.0
204	518203.0
205	614063.0
206	614063.0
207	614063.0
208	614063.0
209	614063.0
210	867785.0
211	867785.0
212	867785.0
213	867785.0
214	867785.0
215	696870.0
216	696870.0
217	696870.0
218	696870.0
219	696870.0
220	400435.0
221	400435.0
222	400435.0
223	400435.0
224	400435.0
225	695968.0
226	695968.0
227	695968.0
228	695968.0
229	695968.0
230	230129.0
231	230129.0
232	230129.0
233	230129.0
234	230129.0
235	773853.0
236	773853.0
237	773853.0
238	773853.0
239	773853.0
240	662124.0
241	662124.0
242	662124.0
243	662124.0
244	662124.0
245	646252.0
246	646252.0
247	646252.0
248	646252.0
249	646252.0
