0	828567.0
1	828567.0
2	828567.0
3	828567.0
4	828567.0
5	104967.0
6	104967.0
7	104967.0
8	104967.0
9	104967.0
10	672457.0
11	672457.0
12	672457.0
13	672457.0
14	672457.0
15	671138.0
16	671138.0
17	671138.0
18	671138.0
19	671138.0
20	683500.0
21	683500.0
22	683500.0
23	683500.0
24	683500.0
25	16370.0
26	16370.0
27	16370.0
28	16370.0
29	16370.0
30	463196.0
31	463196.0
32	463196.0
33	463196.0
34	463196.0
35	68205.0
36	68205.0
37	68205.0
38	68205.0
39	68205.0
40	513134.0
41	513134.0
42	513134.0
43	513134.0
44	513134.0
45	887520.0
46	887520.0
47	887520.0
48	887520.0
49	887520.0
50	643894.0
51	643894.0
52	643894.0
53	643894.0
54	643894.0
55	384703.0
56	384703.0
57	384703.0
58	384703.0
59	384703.0
60	816906.0
61	816906.0
62	816906.0
63	816906.0
64	816906.0
65	916923.0
66	916923.0
67	916923.0
68	916923.0
69	916923.0
70	624420.0
71	624420.0
72	624420.0
73	624420.0
74	624420.0
75	742273.0
76	742273.0
77	742273.0
78	742273.0
79	742273.0
80	320231.0
81	320231.0
82	320231.0
83	320231.0
84	320231.0
85	175813.0
86	175813.0
87	175813.0
88	175813.0
89	175813.0
90	15025.0
91	15025.0
92	15025.0
93	15025.0
94	15025.0
95	876913.0
96	876913.0
97	876913.0
98	876913.0
99	876913.0
100	587548.0
101	587548.0
102	587548.0
103	587548.0
104	587548.0
105	80685.0
106	80685.0
107	80685.0
108	80685.0
109	80685.0
110	653312.0
111	653312.0
112	653312.0
113	653312.0
114	653312.0
115	634953.0
116	634953.0
117	634953.0
118	634953.0
119	634953.0
120	376313.0
121	376313.0
122	376313.0
123	376313.0
124	376313.0
125	72328.0
126	72328.0
127	72328.0
128	72328.0
129	72328.0
130	529130.0
131	529130.0
132	529130.0
133	529130.0
134	529130.0
135	306302.0
136	306302.0
137	306302.0
138	306302.0
139	306302.0
140	875350.0
141	875350.0
142	875350.0
143	875350.0
144	875350.0
145	636553.0
146	636553.0
147	636553.0
148	636553.0
149	636553.0
150	630660.0
151	630660.0
152	630660.0
153	630660.0
154	630660.0
155	401027.0
156	401027.0
157	401027.0
158	401027.0
159	401027.0
160	55496.0
161	55496.0
162	55496.0
163	55496.0
164	55496.0
165	248625.0
166	248625.0
167	248625.0
168	248625.0
169	248625.0
170	519513.0
171	519513.0
172	519513.0
173	519513.0
174	519513.0
175	300905.0
176	300905.0
177	300905.0
178	300905.0
179	300905.0
180	28169.0
181	28169.0
182	28169.0
183	28169.0
184	28169.0
185	558945.0
186	558945.0
187	558945.0
188	558945.0
189	558945.0
190	600326.0
191	600326.0
192	600326.0
193	600326.0
194	600326.0
195	450758.0
196	450758.0
197	450758.0
198	450758.0
199	450758.0
200	609078.0
201	609078.0
202	609078.0
203	609078.0
204	609078.0
205	914023.0
206	914023.0
207	914023.0
208	914023.0
209	914023.0
210	888458.0
211	888458.0
212	888458.0
213	888458.0
214	888458.0
215	183497.0
216	183497.0
217	183497.0
218	183497.0
219	183497.0
220	812699.0
221	812699.0
222	812699.0
223	812699.0
224	812699.0
225	578882.0
226	578882.0
227	578882.0
228	578882.0
229	578882.0
230	838156.0
231	838156.0
232	838156.0
233	838156.0
234	838156.0
235	513587.0
236	513587.0
237	513587.0
238	513587.0
239	513587.0
240	369901.0
241	369901.0
242	369901.0
243	369901.0
244	369901.0
245	585331.0
246	585331.0
247	585331.0
248	585331.0
249	585331.0
