0	659002.0
1	659002.0
2	659002.0
3	659002.0
4	659002.0
5	678164.0
6	678164.0
7	678164.0
8	678164.0
9	678164.0
10	944572.0
11	944572.0
12	944572.0
13	944572.0
14	944572.0
15	399629.0
16	399629.0
17	399629.0
18	399629.0
19	399629.0
20	318139.0
21	318139.0
22	318139.0
23	318139.0
24	318139.0
25	63608.0
26	63608.0
27	63608.0
28	63608.0
29	63608.0
30	535100.0
31	535100.0
32	535100.0
33	535100.0
34	535100.0
35	583181.0
36	583181.0
37	583181.0
38	583181.0
39	583181.0
40	123162.0
41	123162.0
42	123162.0
43	123162.0
44	123162.0
45	290558.0
46	290558.0
47	290558.0
48	290558.0
49	290558.0
50	303261.0
51	303261.0
52	303261.0
53	303261.0
54	303261.0
55	532523.0
56	532523.0
57	532523.0
58	532523.0
59	532523.0
60	523297.0
61	523297.0
62	523297.0
63	523297.0
64	523297.0
65	741719.0
66	741719.0
67	741719.0
68	741719.0
69	741719.0
70	517244.0
71	517244.0
72	517244.0
73	517244.0
74	517244.0
75	798684.0
76	798684.0
77	798684.0
78	798684.0
79	798684.0
80	496227.0
81	496227.0
82	496227.0
83	496227.0
84	496227.0
85	532024.0
86	532024.0
87	532024.0
88	532024.0
89	532024.0
90	543985.0
91	543985.0
92	543985.0
93	543985.0
94	543985.0
95	438788.0
96	438788.0
97	438788.0
98	438788.0
99	438788.0
100	803665.0
101	803665.0
102	803665.0
103	803665.0
104	803665.0
105	540190.0
106	540190.0
107	540190.0
108	540190.0
109	540190.0
110	822200.0
111	822200.0
112	822200.0
113	822200.0
114	822200.0
115	341770.0
116	341770.0
117	341770.0
118	341770.0
119	341770.0
120	208739.0
121	208739.0
122	208739.0
123	208739.0
124	208739.0
125	44427.0
126	44427.0
127	44427.0
128	44427.0
129	44427.0
130	506248.0
131	506248.0
132	506248.0
133	506248.0
134	506248.0
135	899296.0
136	899296.0
137	899296.0
138	899296.0
139	899296.0
140	724163.0
141	724163.0
142	724163.0
143	724163.0
144	724163.0
145	53058.0
146	53058.0
147	53058.0
148	53058.0
149	53058.0
150	84469.0
151	84469.0
152	84469.0
153	84469.0
154	84469.0
155	275976.0
156	275976.0
157	275976.0
158	275976.0
159	275976.0
160	764565.0
161	764565.0
162	764565.0
163	764565.0
164	764565.0
165	594801.0
166	594801.0
167	594801.0
168	594801.0
169	594801.0
170	895782.0
171	895782.0
172	895782.0
173	895782.0
174	895782.0
175	668808.0
176	668808.0
177	668808.0
178	668808.0
179	668808.0
180	774803.0
181	774803.0
182	774803.0
183	774803.0
184	774803.0
185	110902.0
186	110902.0
187	110902.0
188	110902.0
189	110902.0
190	611146.0
191	611146.0
192	611146.0
193	611146.0
194	611146.0
195	271296.0
196	271296.0
197	271296.0
198	271296.0
199	271296.0
200	442632.0
201	442632.0
202	442632.0
203	442632.0
204	442632.0
205	538498.0
206	538498.0
207	538498.0
208	538498.0
209	538498.0
210	257158.0
211	257158.0
212	257158.0
213	257158.0
214	257158.0
215	424177.0
216	424177.0
217	424177.0
218	424177.0
219	424177.0
220	822596.0
221	822596.0
222	822596.0
223	822596.0
224	822596.0
225	332153.0
226	332153.0
227	332153.0
228	332153.0
229	332153.0
230	127239.0
231	127239.0
232	127239.0
233	127239.0
234	127239.0
235	86851.0
236	86851.0
237	86851.0
238	86851.0
239	86851.0
240	95232.0
241	95232.0
242	95232.0
243	95232.0
244	95232.0
245	149043.0
246	149043.0
247	149043.0
248	149043.0
249	149043.0
