0	513678.0
1	513678.0
2	513678.0
3	513678.0
4	513678.0
5	590233.0
6	590233.0
7	590233.0
8	590233.0
9	590233.0
10	934167.0
11	934167.0
12	934167.0
13	934167.0
14	934167.0
15	149815.0
16	149815.0
17	149815.0
18	149815.0
19	149815.0
20	611509.0
21	611509.0
22	611509.0
23	611509.0
24	611509.0
25	315780.0
26	315780.0
27	315780.0
28	315780.0
29	315780.0
30	693368.0
31	693368.0
32	693368.0
33	693368.0
34	693368.0
35	718717.0
36	718717.0
37	718717.0
38	718717.0
39	718717.0
40	646444.0
41	646444.0
42	646444.0
43	646444.0
44	646444.0
45	690208.0
46	690208.0
47	690208.0
48	690208.0
49	690208.0
50	306114.0
51	306114.0
52	306114.0
53	306114.0
54	306114.0
55	92143.0
56	92143.0
57	92143.0
58	92143.0
59	92143.0
60	464364.0
61	464364.0
62	464364.0
63	464364.0
64	464364.0
65	310529.0
66	310529.0
67	310529.0
68	310529.0
69	310529.0
70	869077.0
71	869077.0
72	869077.0
73	869077.0
74	869077.0
75	673119.0
76	673119.0
77	673119.0
78	673119.0
79	673119.0
80	736408.0
81	736408.0
82	736408.0
83	736408.0
84	736408.0
85	136054.0
86	136054.0
87	136054.0
88	136054.0
89	136054.0
90	332483.0
91	332483.0
92	332483.0
93	332483.0
94	332483.0
95	360045.0
96	360045.0
97	360045.0
98	360045.0
99	360045.0
100	149112.0
101	149112.0
102	149112.0
103	149112.0
104	149112.0
105	426833.0
106	426833.0
107	426833.0
108	426833.0
109	426833.0
110	438964.0
111	438964.0
112	438964.0
113	438964.0
114	438964.0
115	699015.0
116	699015.0
117	699015.0
118	699015.0
119	699015.0
120	492188.0
121	492188.0
122	492188.0
123	492188.0
124	492188.0
125	878950.0
126	878950.0
127	878950.0
128	878950.0
129	878950.0
130	638869.0
131	638869.0
132	638869.0
133	638869.0
134	638869.0
135	674836.0
136	674836.0
137	674836.0
138	674836.0
139	674836.0
140	866027.0
141	866027.0
142	866027.0
143	866027.0
144	866027.0
145	9191.0
146	9191.0
147	9191.0
148	9191.0
149	9191.0
150	723122.0
151	723122.0
152	723122.0
153	723122.0
154	723122.0
155	867894.0
156	867894.0
157	867894.0
158	867894.0
159	867894.0
160	271810.0
161	271810.0
162	271810.0
163	271810.0
164	271810.0
165	93783.0
166	93783.0
167	93783.0
168	93783.0
169	93783.0
170	472723.0
171	472723.0
172	472723.0
173	472723.0
174	472723.0
175	388136.0
176	388136.0
177	388136.0
178	388136.0
179	388136.0
180	683185.0
181	683185.0
182	683185.0
183	683185.0
184	683185.0
185	746231.0
186	746231.0
187	746231.0
188	746231.0
189	746231.0
190	203413.0
191	203413.0
192	203413.0
193	203413.0
194	203413.0
195	516049.0
196	516049.0
197	516049.0
198	516049.0
199	516049.0
200	200139.0
201	200139.0
202	200139.0
203	200139.0
204	200139.0
205	757276.0
206	757276.0
207	757276.0
208	757276.0
209	757276.0
210	189466.0
211	189466.0
212	189466.0
213	189466.0
214	189466.0
215	116217.0
216	116217.0
217	116217.0
218	116217.0
219	116217.0
220	303993.0
221	303993.0
222	303993.0
223	303993.0
224	303993.0
225	490061.0
226	490061.0
227	490061.0
228	490061.0
229	490061.0
230	300002.0
231	300002.0
232	300002.0
233	300002.0
234	300002.0
235	43094.0
236	43094.0
237	43094.0
238	43094.0
239	43094.0
240	564706.0
241	564706.0
242	564706.0
243	564706.0
244	564706.0
245	792887.0
246	792887.0
247	792887.0
248	792887.0
249	792887.0
