0	930520.0
1	930520.0
2	930520.0
3	930520.0
4	930520.0
5	797295.0
6	797295.0
7	797295.0
8	797295.0
9	797295.0
10	659902.0
11	659902.0
12	659902.0
13	659902.0
14	659902.0
15	106395.0
16	106395.0
17	106395.0
18	106395.0
19	106395.0
20	221520.0
21	221520.0
22	221520.0
23	221520.0
24	221520.0
25	262855.0
26	262855.0
27	262855.0
28	262855.0
29	262855.0
30	75007.0
31	75007.0
32	75007.0
33	75007.0
34	75007.0
35	502077.0
36	502077.0
37	502077.0
38	502077.0
39	502077.0
40	436285.0
41	436285.0
42	436285.0
43	436285.0
44	436285.0
45	426426.0
46	426426.0
47	426426.0
48	426426.0
49	426426.0
50	148454.0
51	148454.0
52	148454.0
53	148454.0
54	148454.0
55	528.0
56	528.0
57	528.0
58	528.0
59	528.0
60	934146.0
61	934146.0
62	934146.0
63	934146.0
64	934146.0
65	412718.0
66	412718.0
67	412718.0
68	412718.0
69	412718.0
70	819780.0
71	819780.0
72	819780.0
73	819780.0
74	819780.0
75	798389.0
76	798389.0
77	798389.0
78	798389.0
79	798389.0
80	670767.0
81	670767.0
82	670767.0
83	670767.0
84	670767.0
85	396322.0
86	396322.0
87	396322.0
88	396322.0
89	396322.0
90	880286.0
91	880286.0
92	880286.0
93	880286.0
94	880286.0
95	442164.0
96	442164.0
97	442164.0
98	442164.0
99	442164.0
100	881129.0
101	881129.0
102	881129.0
103	881129.0
104	881129.0
105	380385.0
106	380385.0
107	380385.0
108	380385.0
109	380385.0
110	520455.0
111	520455.0
112	520455.0
113	520455.0
114	520455.0
115	603075.0
116	603075.0
117	603075.0
118	603075.0
119	603075.0
120	413999.0
121	413999.0
122	413999.0
123	413999.0
124	413999.0
125	821393.0
126	821393.0
127	821393.0
128	821393.0
129	821393.0
130	190165.0
131	190165.0
132	190165.0
133	190165.0
134	190165.0
135	154145.0
136	154145.0
137	154145.0
138	154145.0
139	154145.0
140	699746.0
141	699746.0
142	699746.0
143	699746.0
144	699746.0
145	633593.0
146	633593.0
147	633593.0
148	633593.0
149	633593.0
150	532524.0
151	532524.0
152	532524.0
153	532524.0
154	532524.0
155	75718.0
156	75718.0
157	75718.0
158	75718.0
159	75718.0
160	772501.0
161	772501.0
162	772501.0
163	772501.0
164	772501.0
165	44169.0
166	44169.0
167	44169.0
168	44169.0
169	44169.0
170	696284.0
171	696284.0
172	696284.0
173	696284.0
174	696284.0
175	422850.0
176	422850.0
177	422850.0
178	422850.0
179	422850.0
180	265923.0
181	265923.0
182	265923.0
183	265923.0
184	265923.0
185	862237.0
186	862237.0
187	862237.0
188	862237.0
189	862237.0
190	166175.0
191	166175.0
192	166175.0
193	166175.0
194	166175.0
195	715805.0
196	715805.0
197	715805.0
198	715805.0
199	715805.0
200	241001.0
201	241001.0
202	241001.0
203	241001.0
204	241001.0
205	695719.0
206	695719.0
207	695719.0
208	695719.0
209	695719.0
210	405423.0
211	405423.0
212	405423.0
213	405423.0
214	405423.0
215	831290.0
216	831290.0
217	831290.0
218	831290.0
219	831290.0
220	713791.0
221	713791.0
222	713791.0
223	713791.0
224	713791.0
225	666881.0
226	666881.0
227	666881.0
228	666881.0
229	666881.0
230	397658.0
231	397658.0
232	397658.0
233	397658.0
234	397658.0
235	376146.0
236	376146.0
237	376146.0
238	376146.0
239	376146.0
240	486872.0
241	486872.0
242	486872.0
243	486872.0
244	486872.0
245	410343.0
246	410343.0
247	410343.0
248	410343.0
249	410343.0
