0	287467.0
1	287467.0
2	287467.0
3	287467.0
4	287467.0
5	634424.0
6	634424.0
7	634424.0
8	634424.0
9	634424.0
10	514365.0
11	514365.0
12	514365.0
13	514365.0
14	514365.0
15	24951.0
16	24951.0
17	24951.0
18	24951.0
19	24951.0
20	116908.0
21	116908.0
22	116908.0
23	116908.0
24	116908.0
25	618487.0
26	618487.0
27	618487.0
28	618487.0
29	618487.0
30	595795.0
31	595795.0
32	595795.0
33	595795.0
34	595795.0
35	410542.0
36	410542.0
37	410542.0
38	410542.0
39	410542.0
40	332239.0
41	332239.0
42	332239.0
43	332239.0
44	332239.0
45	663015.0
46	663015.0
47	663015.0
48	663015.0
49	663015.0
50	694331.0
51	694331.0
52	694331.0
53	694331.0
54	694331.0
55	471942.0
56	471942.0
57	471942.0
58	471942.0
59	471942.0
60	668201.0
61	668201.0
62	668201.0
63	668201.0
64	668201.0
65	532233.0
66	532233.0
67	532233.0
68	532233.0
69	532233.0
70	86663.0
71	86663.0
72	86663.0
73	86663.0
74	86663.0
75	302673.0
76	302673.0
77	302673.0
78	302673.0
79	302673.0
80	113922.0
81	113922.0
82	113922.0
83	113922.0
84	113922.0
85	788324.0
86	788324.0
87	788324.0
88	788324.0
89	788324.0
90	87514.0
91	87514.0
92	87514.0
93	87514.0
94	87514.0
95	543543.0
96	543543.0
97	543543.0
98	543543.0
99	543543.0
100	87206.0
101	87206.0
102	87206.0
103	87206.0
104	87206.0
105	761341.0
106	761341.0
107	761341.0
108	761341.0
109	761341.0
110	824132.0
111	824132.0
112	824132.0
113	824132.0
114	824132.0
115	160661.0
116	160661.0
117	160661.0
118	160661.0
119	160661.0
120	188535.0
121	188535.0
122	188535.0
123	188535.0
124	188535.0
125	244314.0
126	244314.0
127	244314.0
128	244314.0
129	244314.0
130	315109.0
131	315109.0
132	315109.0
133	315109.0
134	315109.0
135	782804.0
136	782804.0
137	782804.0
138	782804.0
139	782804.0
140	461003.0
141	461003.0
142	461003.0
143	461003.0
144	461003.0
145	420207.0
146	420207.0
147	420207.0
148	420207.0
149	420207.0
150	735896.0
151	735896.0
152	735896.0
153	735896.0
154	735896.0
155	764477.0
156	764477.0
157	764477.0
158	764477.0
159	764477.0
160	368729.0
161	368729.0
162	368729.0
163	368729.0
164	368729.0
165	431712.0
166	431712.0
167	431712.0
168	431712.0
169	431712.0
170	133073.0
171	133073.0
172	133073.0
173	133073.0
174	133073.0
175	551670.0
176	551670.0
177	551670.0
178	551670.0
179	551670.0
180	252639.0
181	252639.0
182	252639.0
183	252639.0
184	252639.0
185	655703.0
186	655703.0
187	655703.0
188	655703.0
189	655703.0
190	208481.0
191	208481.0
192	208481.0
193	208481.0
194	208481.0
195	344505.0
196	344505.0
197	344505.0
198	344505.0
199	344505.0
200	717376.0
201	717376.0
202	717376.0
203	717376.0
204	717376.0
205	446100.0
206	446100.0
207	446100.0
208	446100.0
209	446100.0
210	6299.0
211	6299.0
212	6299.0
213	6299.0
214	6299.0
215	170201.0
216	170201.0
217	170201.0
218	170201.0
219	170201.0
220	213766.0
221	213766.0
222	213766.0
223	213766.0
224	213766.0
225	323546.0
226	323546.0
227	323546.0
228	323546.0
229	323546.0
230	367513.0
231	367513.0
232	367513.0
233	367513.0
234	367513.0
235	729368.0
236	729368.0
237	729368.0
238	729368.0
239	729368.0
240	248358.0
241	248358.0
242	248358.0
243	248358.0
244	248358.0
245	731478.0
246	731478.0
247	731478.0
248	731478.0
249	731478.0
