0	237585.0
1	237585.0
2	237585.0
3	237585.0
4	237585.0
5	793018.0
6	793018.0
7	793018.0
8	793018.0
9	793018.0
10	393629.0
11	393629.0
12	393629.0
13	393629.0
14	393629.0
15	620213.0
16	620213.0
17	620213.0
18	620213.0
19	620213.0
20	427930.0
21	427930.0
22	427930.0
23	427930.0
24	427930.0
25	560450.0
26	560450.0
27	560450.0
28	560450.0
29	560450.0
30	680372.0
31	680372.0
32	680372.0
33	680372.0
34	680372.0
35	219255.0
36	219255.0
37	219255.0
38	219255.0
39	219255.0
40	596673.0
41	596673.0
42	596673.0
43	596673.0
44	596673.0
45	189415.0
46	189415.0
47	189415.0
48	189415.0
49	189415.0
50	70481.0
51	70481.0
52	70481.0
53	70481.0
54	70481.0
55	427989.0
56	427989.0
57	427989.0
58	427989.0
59	427989.0
60	97996.0
61	97996.0
62	97996.0
63	97996.0
64	97996.0
65	456346.0
66	456346.0
67	456346.0
68	456346.0
69	456346.0
70	101663.0
71	101663.0
72	101663.0
73	101663.0
74	101663.0
75	576736.0
76	576736.0
77	576736.0
78	576736.0
79	576736.0
80	811220.0
81	811220.0
82	811220.0
83	811220.0
84	811220.0
85	495744.0
86	495744.0
87	495744.0
88	495744.0
89	495744.0
90	158271.0
91	158271.0
92	158271.0
93	158271.0
94	158271.0
95	192705.0
96	192705.0
97	192705.0
98	192705.0
99	192705.0
100	406816.0
101	406816.0
102	406816.0
103	406816.0
104	406816.0
105	687761.0
106	687761.0
107	687761.0
108	687761.0
109	687761.0
110	617535.0
111	617535.0
112	617535.0
113	617535.0
114	617535.0
115	705206.0
116	705206.0
117	705206.0
118	705206.0
119	705206.0
120	799838.0
121	799838.0
122	799838.0
123	799838.0
124	799838.0
125	262877.0
126	262877.0
127	262877.0
128	262877.0
129	262877.0
130	241998.0
131	241998.0
132	241998.0
133	241998.0
134	241998.0
135	620147.0
136	620147.0
137	620147.0
138	620147.0
139	620147.0
140	360071.0
141	360071.0
142	360071.0
143	360071.0
144	360071.0
145	538828.0
146	538828.0
147	538828.0
148	538828.0
149	538828.0
150	641160.0
151	641160.0
152	641160.0
153	641160.0
154	641160.0
155	537685.0
156	537685.0
157	537685.0
158	537685.0
159	537685.0
160	540043.0
161	540043.0
162	540043.0
163	540043.0
164	540043.0
165	8167.0
166	8167.0
167	8167.0
168	8167.0
169	8167.0
170	787156.0
171	787156.0
172	787156.0
173	787156.0
174	787156.0
175	212947.0
176	212947.0
177	212947.0
178	212947.0
179	212947.0
180	758340.0
181	758340.0
182	758340.0
183	758340.0
184	758340.0
185	482641.0
186	482641.0
187	482641.0
188	482641.0
189	482641.0
190	563301.0
191	563301.0
192	563301.0
193	563301.0
194	563301.0
195	617222.0
196	617222.0
197	617222.0
198	617222.0
199	617222.0
200	567145.0
201	567145.0
202	567145.0
203	567145.0
204	567145.0
205	161368.0
206	161368.0
207	161368.0
208	161368.0
209	161368.0
210	541750.0
211	541750.0
212	541750.0
213	541750.0
214	541750.0
215	608181.0
216	608181.0
217	608181.0
218	608181.0
219	608181.0
220	129201.0
221	129201.0
222	129201.0
223	129201.0
224	129201.0
225	482597.0
226	482597.0
227	482597.0
228	482597.0
229	482597.0
230	34054.0
231	34054.0
232	34054.0
233	34054.0
234	34054.0
235	506935.0
236	506935.0
237	506935.0
238	506935.0
239	506935.0
240	262863.0
241	262863.0
242	262863.0
243	262863.0
244	262863.0
245	424111.0
246	424111.0
247	424111.0
248	424111.0
249	424111.0
