0	73121.0
1	73121.0
2	73121.0
3	73121.0
4	73121.0
5	746317.0
6	746317.0
7	746317.0
8	746317.0
9	746317.0
10	812739.0
11	812739.0
12	812739.0
13	812739.0
14	812739.0
15	478400.0
16	478400.0
17	478400.0
18	478400.0
19	478400.0
20	121311.0
21	121311.0
22	121311.0
23	121311.0
24	121311.0
25	218951.0
26	218951.0
27	218951.0
28	218951.0
29	218951.0
30	303413.0
31	303413.0
32	303413.0
33	303413.0
34	303413.0
35	484598.0
36	484598.0
37	484598.0
38	484598.0
39	484598.0
40	801848.0
41	801848.0
42	801848.0
43	801848.0
44	801848.0
45	328001.0
46	328001.0
47	328001.0
48	328001.0
49	328001.0
50	22415.0
51	22415.0
52	22415.0
53	22415.0
54	22415.0
55	697999.0
56	697999.0
57	697999.0
58	697999.0
59	697999.0
60	471316.0
61	471316.0
62	471316.0
63	471316.0
64	471316.0
65	642591.0
66	642591.0
67	642591.0
68	642591.0
69	642591.0
70	650510.0
71	650510.0
72	650510.0
73	650510.0
74	650510.0
75	184577.0
76	184577.0
77	184577.0
78	184577.0
79	184577.0
80	9635.0
81	9635.0
82	9635.0
83	9635.0
84	9635.0
85	249441.0
86	249441.0
87	249441.0
88	249441.0
89	249441.0
90	499558.0
91	499558.0
92	499558.0
93	499558.0
94	499558.0
95	391716.0
96	391716.0
97	391716.0
98	391716.0
99	391716.0
100	338640.0
101	338640.0
102	338640.0
103	338640.0
104	338640.0
105	414771.0
106	414771.0
107	414771.0
108	414771.0
109	414771.0
110	436173.0
111	436173.0
112	436173.0
113	436173.0
114	436173.0
115	410943.0
116	410943.0
117	410943.0
118	410943.0
119	410943.0
120	799305.0
121	799305.0
122	799305.0
123	799305.0
124	799305.0
125	158398.0
126	158398.0
127	158398.0
128	158398.0
129	158398.0
130	680876.0
131	680876.0
132	680876.0
133	680876.0
134	680876.0
135	71967.0
136	71967.0
137	71967.0
138	71967.0
139	71967.0
140	703125.0
141	703125.0
142	703125.0
143	703125.0
144	703125.0
145	94427.0
146	94427.0
147	94427.0
148	94427.0
149	94427.0
150	223424.0
151	223424.0
152	223424.0
153	223424.0
154	223424.0
155	94892.0
156	94892.0
157	94892.0
158	94892.0
159	94892.0
160	712985.0
161	712985.0
162	712985.0
163	712985.0
164	712985.0
165	410346.0
166	410346.0
167	410346.0
168	410346.0
169	410346.0
170	48310.0
171	48310.0
172	48310.0
173	48310.0
174	48310.0
175	512919.0
176	512919.0
177	512919.0
178	512919.0
179	512919.0
180	112681.0
181	112681.0
182	112681.0
183	112681.0
184	112681.0
185	130614.0
186	130614.0
187	130614.0
188	130614.0
189	130614.0
190	92165.0
191	92165.0
192	92165.0
193	92165.0
194	92165.0
195	607510.0
196	607510.0
197	607510.0
198	607510.0
199	607510.0
200	192170.0
201	192170.0
202	192170.0
203	192170.0
204	192170.0
205	194825.0
206	194825.0
207	194825.0
208	194825.0
209	194825.0
210	360524.0
211	360524.0
212	360524.0
213	360524.0
214	360524.0
215	128091.0
216	128091.0
217	128091.0
218	128091.0
219	128091.0
220	449847.0
221	449847.0
222	449847.0
223	449847.0
224	449847.0
225	78547.0
226	78547.0
227	78547.0
228	78547.0
229	78547.0
230	657897.0
231	657897.0
232	657897.0
233	657897.0
234	657897.0
235	306556.0
236	306556.0
237	306556.0
238	306556.0
239	306556.0
240	41382.0
241	41382.0
242	41382.0
243	41382.0
244	41382.0
245	778903.0
246	778903.0
247	778903.0
248	778903.0
249	778903.0
