0	169023.0
1	169023.0
2	169023.0
3	169023.0
4	169023.0
5	604643.0
6	604643.0
7	604643.0
8	604643.0
9	604643.0
10	175021.0
11	175021.0
12	175021.0
13	175021.0
14	175021.0
15	302577.0
16	302577.0
17	302577.0
18	302577.0
19	302577.0
20	690163.0
21	690163.0
22	690163.0
23	690163.0
24	690163.0
25	415691.0
26	415691.0
27	415691.0
28	415691.0
29	415691.0
30	768301.0
31	768301.0
32	768301.0
33	768301.0
34	768301.0
35	510779.0
36	510779.0
37	510779.0
38	510779.0
39	510779.0
40	347329.0
41	347329.0
42	347329.0
43	347329.0
44	347329.0
45	389967.0
46	389967.0
47	389967.0
48	389967.0
49	389967.0
50	338577.0
51	338577.0
52	338577.0
53	338577.0
54	338577.0
55	565564.0
56	565564.0
57	565564.0
58	565564.0
59	565564.0
60	357678.0
61	357678.0
62	357678.0
63	357678.0
64	357678.0
65	356556.0
66	356556.0
67	356556.0
68	356556.0
69	356556.0
70	333680.0
71	333680.0
72	333680.0
73	333680.0
74	333680.0
75	563297.0
76	563297.0
77	563297.0
78	563297.0
79	563297.0
80	82416.0
81	82416.0
82	82416.0
83	82416.0
84	82416.0
85	328063.0
86	328063.0
87	328063.0
88	328063.0
89	328063.0
90	37851.0
91	37851.0
92	37851.0
93	37851.0
94	37851.0
95	684713.0
96	684713.0
97	684713.0
98	684713.0
99	684713.0
100	286096.0
101	286096.0
102	286096.0
103	286096.0
104	286096.0
105	378579.0
106	378579.0
107	378579.0
108	378579.0
109	378579.0
110	761295.0
111	761295.0
112	761295.0
113	761295.0
114	761295.0
115	343955.0
116	343955.0
117	343955.0
118	343955.0
119	343955.0
120	315548.0
121	315548.0
122	315548.0
123	315548.0
124	315548.0
125	496202.0
126	496202.0
127	496202.0
128	496202.0
129	496202.0
130	743323.0
131	743323.0
132	743323.0
133	743323.0
134	743323.0
135	285250.0
136	285250.0
137	285250.0
138	285250.0
139	285250.0
140	791722.0
141	791722.0
142	791722.0
143	791722.0
144	791722.0
145	500951.0
146	500951.0
147	500951.0
148	500951.0
149	500951.0
150	196508.0
151	196508.0
152	196508.0
153	196508.0
154	196508.0
155	785463.0
156	785463.0
157	785463.0
158	785463.0
159	785463.0
160	789368.0
161	789368.0
162	789368.0
163	789368.0
164	789368.0
165	667930.0
166	667930.0
167	667930.0
168	667930.0
169	667930.0
170	441901.0
171	441901.0
172	441901.0
173	441901.0
174	441901.0
175	799947.0
176	799947.0
177	799947.0
178	799947.0
179	799947.0
180	346752.0
181	346752.0
182	346752.0
183	346752.0
184	346752.0
185	671417.0
186	671417.0
187	671417.0
188	671417.0
189	671417.0
190	348545.0
191	348545.0
192	348545.0
193	348545.0
194	348545.0
195	472341.0
196	472341.0
197	472341.0
198	472341.0
199	472341.0
200	460091.0
201	460091.0
202	460091.0
203	460091.0
204	460091.0
205	128514.0
206	128514.0
207	128514.0
208	128514.0
209	128514.0
210	795988.0
211	795988.0
212	795988.0
213	795988.0
214	795988.0
215	177488.0
216	177488.0
217	177488.0
218	177488.0
219	177488.0
220	514030.0
221	514030.0
222	514030.0
223	514030.0
224	514030.0
225	487149.0
226	487149.0
227	487149.0
228	487149.0
229	487149.0
230	715973.0
231	715973.0
232	715973.0
233	715973.0
234	715973.0
235	207424.0
236	207424.0
237	207424.0
238	207424.0
239	207424.0
240	474433.0
241	474433.0
242	474433.0
243	474433.0
244	474433.0
245	629017.0
246	629017.0
247	629017.0
248	629017.0
249	629017.0
