0	710978.0
1	710978.0
2	710978.0
3	710978.0
4	710978.0
5	812631.0
6	812631.0
7	812631.0
8	812631.0
9	812631.0
10	28703.0
11	28703.0
12	28703.0
13	28703.0
14	28703.0
15	21953.0
16	21953.0
17	21953.0
18	21953.0
19	21953.0
20	575519.0
21	575519.0
22	575519.0
23	575519.0
24	575519.0
25	664852.0
26	664852.0
27	664852.0
28	664852.0
29	664852.0
30	309090.0
31	309090.0
32	309090.0
33	309090.0
34	309090.0
35	307100.0
36	307100.0
37	307100.0
38	307100.0
39	307100.0
40	242412.0
41	242412.0
42	242412.0
43	242412.0
44	242412.0
45	265590.0
46	265590.0
47	265590.0
48	265590.0
49	265590.0
50	727634.0
51	727634.0
52	727634.0
53	727634.0
54	727634.0
55	409945.0
56	409945.0
57	409945.0
58	409945.0
59	409945.0
60	767960.0
61	767960.0
62	767960.0
63	767960.0
64	767960.0
65	726548.0
66	726548.0
67	726548.0
68	726548.0
69	726548.0
70	420090.0
71	420090.0
72	420090.0
73	420090.0
74	420090.0
75	14766.0
76	14766.0
77	14766.0
78	14766.0
79	14766.0
80	684441.0
81	684441.0
82	684441.0
83	684441.0
84	684441.0
85	313336.0
86	313336.0
87	313336.0
88	313336.0
89	313336.0
90	576683.0
91	576683.0
92	576683.0
93	576683.0
94	576683.0
95	437844.0
96	437844.0
97	437844.0
98	437844.0
99	437844.0
100	88165.0
101	88165.0
102	88165.0
103	88165.0
104	88165.0
105	224315.0
106	224315.0
107	224315.0
108	224315.0
109	224315.0
110	613442.0
111	613442.0
112	613442.0
113	613442.0
114	613442.0
115	188417.0
116	188417.0
117	188417.0
118	188417.0
119	188417.0
120	133534.0
121	133534.0
122	133534.0
123	133534.0
124	133534.0
125	726870.0
126	726870.0
127	726870.0
128	726870.0
129	726870.0
130	640567.0
131	640567.0
132	640567.0
133	640567.0
134	640567.0
135	115876.0
136	115876.0
137	115876.0
138	115876.0
139	115876.0
140	104235.0
141	104235.0
142	104235.0
143	104235.0
144	104235.0
145	537494.0
146	537494.0
147	537494.0
148	537494.0
149	537494.0
150	248101.0
151	248101.0
152	248101.0
153	248101.0
154	248101.0
155	62253.0
156	62253.0
157	62253.0
158	62253.0
159	62253.0
160	764369.0
161	764369.0
162	764369.0
163	764369.0
164	764369.0
165	783867.0
166	783867.0
167	783867.0
168	783867.0
169	783867.0
170	540648.0
171	540648.0
172	540648.0
173	540648.0
174	540648.0
175	730680.0
176	730680.0
177	730680.0
178	730680.0
179	730680.0
180	413333.0
181	413333.0
182	413333.0
183	413333.0
184	413333.0
185	631020.0
186	631020.0
187	631020.0
188	631020.0
189	631020.0
190	742880.0
191	742880.0
192	742880.0
193	742880.0
194	742880.0
195	240904.0
196	240904.0
197	240904.0
198	240904.0
199	240904.0
200	241261.0
201	241261.0
202	241261.0
203	241261.0
204	241261.0
205	585036.0
206	585036.0
207	585036.0
208	585036.0
209	585036.0
210	725965.0
211	725965.0
212	725965.0
213	725965.0
214	725965.0
215	252281.0
216	252281.0
217	252281.0
218	252281.0
219	252281.0
220	177575.0
221	177575.0
222	177575.0
223	177575.0
224	177575.0
225	548927.0
226	548927.0
227	548927.0
228	548927.0
229	548927.0
230	781765.0
231	781765.0
232	781765.0
233	781765.0
234	781765.0
235	792236.0
236	792236.0
237	792236.0
238	792236.0
239	792236.0
240	788440.0
241	788440.0
242	788440.0
243	788440.0
244	788440.0
245	558059.0
246	558059.0
247	558059.0
248	558059.0
249	558059.0
