0	7879.0
1	7879.0
2	7879.0
3	7879.0
4	7879.0
5	833700.0
6	833700.0
7	833700.0
8	833700.0
9	833700.0
10	30862.0
11	30862.0
12	30862.0
13	30862.0
14	30862.0
15	99091.0
16	99091.0
17	99091.0
18	99091.0
19	99091.0
20	611371.0
21	611371.0
22	611371.0
23	611371.0
24	611371.0
25	242127.0
26	242127.0
27	242127.0
28	242127.0
29	242127.0
30	257420.0
31	257420.0
32	257420.0
33	257420.0
34	257420.0
35	143904.0
36	143904.0
37	143904.0
38	143904.0
39	143904.0
40	819422.0
41	819422.0
42	819422.0
43	819422.0
44	819422.0
45	463207.0
46	463207.0
47	463207.0
48	463207.0
49	463207.0
50	104166.0
51	104166.0
52	104166.0
53	104166.0
54	104166.0
55	245688.0
56	245688.0
57	245688.0
58	245688.0
59	245688.0
60	635035.0
61	635035.0
62	635035.0
63	635035.0
64	635035.0
65	427240.0
66	427240.0
67	427240.0
68	427240.0
69	427240.0
70	682680.0
71	682680.0
72	682680.0
73	682680.0
74	682680.0
75	608958.0
76	608958.0
77	608958.0
78	608958.0
79	608958.0
80	397793.0
81	397793.0
82	397793.0
83	397793.0
84	397793.0
85	610220.0
86	610220.0
87	610220.0
88	610220.0
89	610220.0
90	304735.0
91	304735.0
92	304735.0
93	304735.0
94	304735.0
95	194188.0
96	194188.0
97	194188.0
98	194188.0
99	194188.0
100	190922.0
101	190922.0
102	190922.0
103	190922.0
104	190922.0
105	84800.0
106	84800.0
107	84800.0
108	84800.0
109	84800.0
110	867320.0
111	867320.0
112	867320.0
113	867320.0
114	867320.0
115	628607.0
116	628607.0
117	628607.0
118	628607.0
119	628607.0
120	295297.0
121	295297.0
122	295297.0
123	295297.0
124	295297.0
125	464050.0
126	464050.0
127	464050.0
128	464050.0
129	464050.0
130	590450.0
131	590450.0
132	590450.0
133	590450.0
134	590450.0
135	609806.0
136	609806.0
137	609806.0
138	609806.0
139	609806.0
140	195403.0
141	195403.0
142	195403.0
143	195403.0
144	195403.0
145	588702.0
146	588702.0
147	588702.0
148	588702.0
149	588702.0
150	723186.0
151	723186.0
152	723186.0
153	723186.0
154	723186.0
155	50839.0
156	50839.0
157	50839.0
158	50839.0
159	50839.0
160	121691.0
161	121691.0
162	121691.0
163	121691.0
164	121691.0
165	247553.0
166	247553.0
167	247553.0
168	247553.0
169	247553.0
170	319890.0
171	319890.0
172	319890.0
173	319890.0
174	319890.0
175	710876.0
176	710876.0
177	710876.0
178	710876.0
179	710876.0
180	881163.0
181	881163.0
182	881163.0
183	881163.0
184	881163.0
185	123712.0
186	123712.0
187	123712.0
188	123712.0
189	123712.0
190	460420.0
191	460420.0
192	460420.0
193	460420.0
194	460420.0
195	781554.0
196	781554.0
197	781554.0
198	781554.0
199	781554.0
200	582638.0
201	582638.0
202	582638.0
203	582638.0
204	582638.0
205	869158.0
206	869158.0
207	869158.0
208	869158.0
209	869158.0
210	580358.0
211	580358.0
212	580358.0
213	580358.0
214	580358.0
215	101246.0
216	101246.0
217	101246.0
218	101246.0
219	101246.0
220	165454.0
221	165454.0
222	165454.0
223	165454.0
224	165454.0
225	243460.0
226	243460.0
227	243460.0
228	243460.0
229	243460.0
230	571454.0
231	571454.0
232	571454.0
233	571454.0
234	571454.0
235	12146.0
236	12146.0
237	12146.0
238	12146.0
239	12146.0
240	274310.0
241	274310.0
242	274310.0
243	274310.0
244	274310.0
245	122852.0
246	122852.0
247	122852.0
248	122852.0
249	122852.0
