0	864371.0
1	864371.0
2	864371.0
3	864371.0
4	864371.0
5	30277.0
6	30277.0
7	30277.0
8	30277.0
9	30277.0
10	380947.0
11	380947.0
12	380947.0
13	380947.0
14	380947.0
15	119295.0
16	119295.0
17	119295.0
18	119295.0
19	119295.0
20	646665.0
21	646665.0
22	646665.0
23	646665.0
24	646665.0
25	815733.0
26	815733.0
27	815733.0
28	815733.0
29	815733.0
30	151791.0
31	151791.0
32	151791.0
33	151791.0
34	151791.0
35	156653.0
36	156653.0
37	156653.0
38	156653.0
39	156653.0
40	131283.0
41	131283.0
42	131283.0
43	131283.0
44	131283.0
45	798530.0
46	798530.0
47	798530.0
48	798530.0
49	798530.0
50	800377.0
51	800377.0
52	800377.0
53	800377.0
54	800377.0
55	438903.0
56	438903.0
57	438903.0
58	438903.0
59	438903.0
60	222108.0
61	222108.0
62	222108.0
63	222108.0
64	222108.0
65	690136.0
66	690136.0
67	690136.0
68	690136.0
69	690136.0
70	526133.0
71	526133.0
72	526133.0
73	526133.0
74	526133.0
75	278954.0
76	278954.0
77	278954.0
78	278954.0
79	278954.0
80	589421.0
81	589421.0
82	589421.0
83	589421.0
84	589421.0
85	892269.0
86	892269.0
87	892269.0
88	892269.0
89	892269.0
90	198443.0
91	198443.0
92	198443.0
93	198443.0
94	198443.0
95	559031.0
96	559031.0
97	559031.0
98	559031.0
99	559031.0
100	821488.0
101	821488.0
102	821488.0
103	821488.0
104	821488.0
105	394556.0
106	394556.0
107	394556.0
108	394556.0
109	394556.0
110	519508.0
111	519508.0
112	519508.0
113	519508.0
114	519508.0
115	590473.0
116	590473.0
117	590473.0
118	590473.0
119	590473.0
120	432650.0
121	432650.0
122	432650.0
123	432650.0
124	432650.0
125	825461.0
126	825461.0
127	825461.0
128	825461.0
129	825461.0
130	660649.0
131	660649.0
132	660649.0
133	660649.0
134	660649.0
135	450768.0
136	450768.0
137	450768.0
138	450768.0
139	450768.0
140	801997.0
141	801997.0
142	801997.0
143	801997.0
144	801997.0
145	509567.0
146	509567.0
147	509567.0
148	509567.0
149	509567.0
150	179508.0
151	179508.0
152	179508.0
153	179508.0
154	179508.0
155	892174.0
156	892174.0
157	892174.0
158	892174.0
159	892174.0
160	346028.0
161	346028.0
162	346028.0
163	346028.0
164	346028.0
165	102668.0
166	102668.0
167	102668.0
168	102668.0
169	102668.0
170	879603.0
171	879603.0
172	879603.0
173	879603.0
174	879603.0
175	511855.0
176	511855.0
177	511855.0
178	511855.0
179	511855.0
180	576412.0
181	576412.0
182	576412.0
183	576412.0
184	576412.0
185	243552.0
186	243552.0
187	243552.0
188	243552.0
189	243552.0
190	801999.0
191	801999.0
192	801999.0
193	801999.0
194	801999.0
195	182371.0
196	182371.0
197	182371.0
198	182371.0
199	182371.0
200	466444.0
201	466444.0
202	466444.0
203	466444.0
204	466444.0
205	372243.0
206	372243.0
207	372243.0
208	372243.0
209	372243.0
210	625504.0
211	625504.0
212	625504.0
213	625504.0
214	625504.0
215	649372.0
216	649372.0
217	649372.0
218	649372.0
219	649372.0
220	90642.0
221	90642.0
222	90642.0
223	90642.0
224	90642.0
225	108707.0
226	108707.0
227	108707.0
228	108707.0
229	108707.0
230	533791.0
231	533791.0
232	533791.0
233	533791.0
234	533791.0
235	644719.0
236	644719.0
237	644719.0
238	644719.0
239	644719.0
240	508167.0
241	508167.0
242	508167.0
243	508167.0
244	508167.0
245	349494.0
246	349494.0
247	349494.0
248	349494.0
249	349494.0
