0	28314.0
1	28314.0
2	28314.0
3	28314.0
4	28314.0
5	52650.0
6	52650.0
7	52650.0
8	52650.0
9	52650.0
10	46826.0
11	46826.0
12	46826.0
13	46826.0
14	46826.0
15	59551.0
16	59551.0
17	59551.0
18	59551.0
19	59551.0
20	45954.0
21	45954.0
22	45954.0
23	45954.0
24	45954.0
25	66502.0
26	66502.0
27	66502.0
28	66502.0
29	66502.0
30	18369.0
31	18369.0
32	18369.0
33	18369.0
34	18369.0
35	38427.0
36	38427.0
37	38427.0
38	38427.0
39	38427.0
40	19069.0
41	19069.0
42	19069.0
43	19069.0
44	19069.0
45	70567.0
46	70567.0
47	70567.0
48	70567.0
49	70567.0
50	66214.0
51	66214.0
52	66214.0
53	66214.0
54	66214.0
55	61699.0
56	61699.0
57	61699.0
58	61699.0
59	61699.0
60	53320.0
61	53320.0
62	53320.0
63	53320.0
64	53320.0
65	3202.0
66	3202.0
67	3202.0
68	3202.0
69	3202.0
70	61219.0
71	61219.0
72	61219.0
73	61219.0
74	61219.0
75	52711.0
76	52711.0
77	52711.0
78	52711.0
79	52711.0
80	983.0
81	983.0
82	983.0
83	983.0
84	983.0
85	13247.0
86	13247.0
87	13247.0
88	13247.0
89	13247.0
90	45962.0
91	45962.0
92	45962.0
93	45962.0
94	45962.0
95	70103.0
96	70103.0
97	70103.0
98	70103.0
99	70103.0
100	67709.0
101	67709.0
102	67709.0
103	67709.0
104	67709.0
105	66175.0
106	66175.0
107	66175.0
108	66175.0
109	66175.0
110	54342.0
111	54342.0
112	54342.0
113	54342.0
114	54342.0
115	59022.0
116	59022.0
117	59022.0
118	59022.0
119	59022.0
120	64934.0
121	64934.0
122	64934.0
123	64934.0
124	64934.0
125	56050.0
126	56050.0
127	56050.0
128	56050.0
129	56050.0
130	72749.0
131	72749.0
132	72749.0
133	72749.0
134	72749.0
135	72638.0
136	72638.0
137	72638.0
138	72638.0
139	72638.0
140	15593.0
141	15593.0
142	15593.0
143	15593.0
144	15593.0
145	15012.0
146	15012.0
147	15012.0
148	15012.0
149	15012.0
150	59481.0
151	59481.0
152	59481.0
153	59481.0
154	59481.0
155	50236.0
156	50236.0
157	50236.0
158	50236.0
159	50236.0
160	2969.0
161	2969.0
162	2969.0
163	2969.0
164	2969.0
165	73043.0
166	73043.0
167	73043.0
168	73043.0
169	73043.0
170	50002.0
171	50002.0
172	50002.0
173	50002.0
174	50002.0
175	70939.0
176	70939.0
177	70939.0
178	70939.0
179	70939.0
180	17541.0
181	17541.0
182	17541.0
183	17541.0
184	17541.0
185	23152.0
186	23152.0
187	23152.0
188	23152.0
189	23152.0
190	54484.0
191	54484.0
192	54484.0
193	54484.0
194	54484.0
195	13830.0
196	13830.0
197	13830.0
198	13830.0
199	13830.0
200	10133.0
201	10133.0
202	10133.0
203	10133.0
204	10133.0
205	62528.0
206	62528.0
207	62528.0
208	62528.0
209	62528.0
210	40770.0
211	40770.0
212	40770.0
213	40770.0
214	40770.0
215	57682.0
216	57682.0
217	57682.0
218	57682.0
219	57682.0
220	14432.0
221	14432.0
222	14432.0
223	14432.0
224	14432.0
225	21230.0
226	21230.0
227	21230.0
228	21230.0
229	21230.0
230	52998.0
231	52998.0
232	52998.0
233	52998.0
234	52998.0
235	39236.0
236	39236.0
237	39236.0
238	39236.0
239	39236.0
240	28478.0
241	28478.0
242	28478.0
243	28478.0
244	28478.0
245	34008.0
246	34008.0
247	34008.0
248	34008.0
249	34008.0
