0	19001.0
1	19001.0
2	19001.0
3	19001.0
4	19001.0
5	29543.0
6	29543.0
7	29543.0
8	29543.0
9	29543.0
10	68664.0
11	68664.0
12	68664.0
13	68664.0
14	68664.0
15	68890.0
16	68890.0
17	68890.0
18	68890.0
19	68890.0
20	41509.0
21	41509.0
22	41509.0
23	41509.0
24	41509.0
25	8490.0
26	8490.0
27	8490.0
28	8490.0
29	8490.0
30	1805.0
31	1805.0
32	1805.0
33	1805.0
34	1805.0
35	34232.0
36	34232.0
37	34232.0
38	34232.0
39	34232.0
40	23326.0
41	23326.0
42	23326.0
43	23326.0
44	23326.0
45	8486.0
46	8486.0
47	8486.0
48	8486.0
49	8486.0
50	50956.0
51	50956.0
52	50956.0
53	50956.0
54	50956.0
55	6342.0
56	6342.0
57	6342.0
58	6342.0
59	6342.0
60	74006.0
61	74006.0
62	74006.0
63	74006.0
64	74006.0
65	60558.0
66	60558.0
67	60558.0
68	60558.0
69	60558.0
70	59576.0
71	59576.0
72	59576.0
73	59576.0
74	59576.0
75	76132.0
76	76132.0
77	76132.0
78	76132.0
79	76132.0
80	34800.0
81	34800.0
82	34800.0
83	34800.0
84	34800.0
85	52871.0
86	52871.0
87	52871.0
88	52871.0
89	52871.0
90	17533.0
91	17533.0
92	17533.0
93	17533.0
94	17533.0
95	16107.0
96	16107.0
97	16107.0
98	16107.0
99	16107.0
100	47078.0
101	47078.0
102	47078.0
103	47078.0
104	47078.0
105	11846.0
106	11846.0
107	11846.0
108	11846.0
109	11846.0
110	17604.0
111	17604.0
112	17604.0
113	17604.0
114	17604.0
115	44878.0
116	44878.0
117	44878.0
118	44878.0
119	44878.0
120	74705.0
121	74705.0
122	74705.0
123	74705.0
124	74705.0
125	41669.0
126	41669.0
127	41669.0
128	41669.0
129	41669.0
130	38641.0
131	38641.0
132	38641.0
133	38641.0
134	38641.0
135	45660.0
136	45660.0
137	45660.0
138	45660.0
139	45660.0
140	64251.0
141	64251.0
142	64251.0
143	64251.0
144	64251.0
145	47269.0
146	47269.0
147	47269.0
148	47269.0
149	47269.0
150	56786.0
151	56786.0
152	56786.0
153	56786.0
154	56786.0
155	50834.0
156	50834.0
157	50834.0
158	50834.0
159	50834.0
160	69468.0
161	69468.0
162	69468.0
163	69468.0
164	69468.0
165	34522.0
166	34522.0
167	34522.0
168	34522.0
169	34522.0
170	9188.0
171	9188.0
172	9188.0
173	9188.0
174	9188.0
175	14848.0
176	14848.0
177	14848.0
178	14848.0
179	14848.0
180	46494.0
181	46494.0
182	46494.0
183	46494.0
184	46494.0
185	66653.0
186	66653.0
187	66653.0
188	66653.0
189	66653.0
190	76639.0
191	76639.0
192	76639.0
193	76639.0
194	76639.0
195	37548.0
196	37548.0
197	37548.0
198	37548.0
199	37548.0
200	22035.0
201	22035.0
202	22035.0
203	22035.0
204	22035.0
205	48656.0
206	48656.0
207	48656.0
208	48656.0
209	48656.0
210	16792.0
211	16792.0
212	16792.0
213	16792.0
214	16792.0
215	3997.0
216	3997.0
217	3997.0
218	3997.0
219	3997.0
220	72786.0
221	72786.0
222	72786.0
223	72786.0
224	72786.0
225	77070.0
226	77070.0
227	77070.0
228	77070.0
229	77070.0
230	53759.0
231	53759.0
232	53759.0
233	53759.0
234	53759.0
235	17185.0
236	17185.0
237	17185.0
238	17185.0
239	17185.0
240	12061.0
241	12061.0
242	12061.0
243	12061.0
244	12061.0
245	51663.0
246	51663.0
247	51663.0
248	51663.0
249	51663.0
