0	581.0
1	581.0
2	581.0
3	581.0
4	581.0
5	5151.0
6	5151.0
7	5151.0
8	5151.0
9	5151.0
10	68648.0
11	68648.0
12	68648.0
13	68648.0
14	68648.0
15	160690.0
16	160690.0
17	160690.0
18	160690.0
19	160690.0
20	12934.0
21	12934.0
22	12934.0
23	12934.0
24	12934.0
25	159767.0
26	159767.0
27	159767.0
28	159767.0
29	159767.0
30	161904.0
31	161904.0
32	161904.0
33	161904.0
34	161904.0
35	96.0
36	96.0
37	96.0
38	96.0
39	96.0
40	103589.0
41	103589.0
42	103589.0
43	103589.0
44	103589.0
45	34149.0
46	34149.0
47	34149.0
48	34149.0
49	34149.0
50	57408.0
51	57408.0
52	57408.0
53	57408.0
54	57408.0
55	140121.0
56	140121.0
57	140121.0
58	140121.0
59	140121.0
60	105765.0
61	105765.0
62	105765.0
63	105765.0
64	105765.0
65	172514.0
66	172514.0
67	172514.0
68	172514.0
69	172514.0
70	11297.0
71	11297.0
72	11297.0
73	11297.0
74	11297.0
75	124251.0
76	124251.0
77	124251.0
78	124251.0
79	124251.0
80	63091.0
81	63091.0
82	63091.0
83	63091.0
84	63091.0
85	187354.0
86	187354.0
87	187354.0
88	187354.0
89	187354.0
90	4695.0
91	4695.0
92	4695.0
93	4695.0
94	4695.0
95	37473.0
96	37473.0
97	37473.0
98	37473.0
99	37473.0
100	65370.0
101	65370.0
102	65370.0
103	65370.0
104	65370.0
105	129490.0
106	129490.0
107	129490.0
108	129490.0
109	129490.0
110	45023.0
111	45023.0
112	45023.0
113	45023.0
114	45023.0
115	140695.0
116	140695.0
117	140695.0
118	140695.0
119	140695.0
120	104050.0
121	104050.0
122	104050.0
123	104050.0
124	104050.0
125	180078.0
126	180078.0
127	180078.0
128	180078.0
129	180078.0
130	129185.0
131	129185.0
132	129185.0
133	129185.0
134	129185.0
135	154247.0
136	154247.0
137	154247.0
138	154247.0
139	154247.0
140	55116.0
141	55116.0
142	55116.0
143	55116.0
144	55116.0
145	65320.0
146	65320.0
147	65320.0
148	65320.0
149	65320.0
150	62973.0
151	62973.0
152	62973.0
153	62973.0
154	62973.0
155	68722.0
156	68722.0
157	68722.0
158	68722.0
159	68722.0
160	54891.0
161	54891.0
162	54891.0
163	54891.0
164	54891.0
165	30309.0
166	30309.0
167	30309.0
168	30309.0
169	30309.0
170	131396.0
171	131396.0
172	131396.0
173	131396.0
174	131396.0
175	87856.0
176	87856.0
177	87856.0
178	87856.0
179	87856.0
180	159278.0
181	159278.0
182	159278.0
183	159278.0
184	159278.0
185	129581.0
186	129581.0
187	129581.0
188	129581.0
189	129581.0
190	92900.0
191	92900.0
192	92900.0
193	92900.0
194	92900.0
195	91210.0
196	91210.0
197	91210.0
198	91210.0
199	91210.0
200	183516.0
201	183516.0
202	183516.0
203	183516.0
204	183516.0
205	166951.0
206	166951.0
207	166951.0
208	166951.0
209	166951.0
210	177203.0
211	177203.0
212	177203.0
213	177203.0
214	177203.0
215	73584.0
216	73584.0
217	73584.0
218	73584.0
219	73584.0
220	88585.0
221	88585.0
222	88585.0
223	88585.0
224	88585.0
225	9460.0
226	9460.0
227	9460.0
228	9460.0
229	9460.0
230	99156.0
231	99156.0
232	99156.0
233	99156.0
234	99156.0
235	29157.0
236	29157.0
237	29157.0
238	29157.0
239	29157.0
240	55217.0
241	55217.0
242	55217.0
243	55217.0
244	55217.0
245	54431.0
246	54431.0
247	54431.0
248	54431.0
249	54431.0
