0	6485.0
1	6485.0
2	6485.0
3	6485.0
4	6485.0
5	30326.0
6	30326.0
7	30326.0
8	30326.0
9	30326.0
10	11898.0
11	11898.0
12	11898.0
13	11898.0
14	11898.0
15	106269.0
16	106269.0
17	106269.0
18	106269.0
19	106269.0
20	65811.0
21	65811.0
22	65811.0
23	65811.0
24	65811.0
25	43015.0
26	43015.0
27	43015.0
28	43015.0
29	43015.0
30	19978.0
31	19978.0
32	19978.0
33	19978.0
34	19978.0
35	22134.0
36	22134.0
37	22134.0
38	22134.0
39	22134.0
40	51844.0
41	51844.0
42	51844.0
43	51844.0
44	51844.0
45	25891.0
46	25891.0
47	25891.0
48	25891.0
49	25891.0
50	85701.0
51	85701.0
52	85701.0
53	85701.0
54	85701.0
55	48140.0
56	48140.0
57	48140.0
58	48140.0
59	48140.0
60	55568.0
61	55568.0
62	55568.0
63	55568.0
64	55568.0
65	80002.0
66	80002.0
67	80002.0
68	80002.0
69	80002.0
70	41074.0
71	41074.0
72	41074.0
73	41074.0
74	41074.0
75	13730.0
76	13730.0
77	13730.0
78	13730.0
79	13730.0
80	91947.0
81	91947.0
82	91947.0
83	91947.0
84	91947.0
85	103485.0
86	103485.0
87	103485.0
88	103485.0
89	103485.0
90	78865.0
91	78865.0
92	78865.0
93	78865.0
94	78865.0
95	23496.0
96	23496.0
97	23496.0
98	23496.0
99	23496.0
100	87036.0
101	87036.0
102	87036.0
103	87036.0
104	87036.0
105	88558.0
106	88558.0
107	88558.0
108	88558.0
109	88558.0
110	76104.0
111	76104.0
112	76104.0
113	76104.0
114	76104.0
115	65301.0
116	65301.0
117	65301.0
118	65301.0
119	65301.0
120	39329.0
121	39329.0
122	39329.0
123	39329.0
124	39329.0
125	9320.0
126	9320.0
127	9320.0
128	9320.0
129	9320.0
130	2370.0
131	2370.0
132	2370.0
133	2370.0
134	2370.0
135	54315.0
136	54315.0
137	54315.0
138	54315.0
139	54315.0
140	75507.0
141	75507.0
142	75507.0
143	75507.0
144	75507.0
145	103637.0
146	103637.0
147	103637.0
148	103637.0
149	103637.0
150	50814.0
151	50814.0
152	50814.0
153	50814.0
154	50814.0
155	77460.0
156	77460.0
157	77460.0
158	77460.0
159	77460.0
160	51715.0
161	51715.0
162	51715.0
163	51715.0
164	51715.0
165	4022.0
166	4022.0
167	4022.0
168	4022.0
169	4022.0
170	108565.0
171	108565.0
172	108565.0
173	108565.0
174	108565.0
175	31209.0
176	31209.0
177	31209.0
178	31209.0
179	31209.0
180	78654.0
181	78654.0
182	78654.0
183	78654.0
184	78654.0
185	44036.0
186	44036.0
187	44036.0
188	44036.0
189	44036.0
190	53457.0
191	53457.0
192	53457.0
193	53457.0
194	53457.0
195	80126.0
196	80126.0
197	80126.0
198	80126.0
199	80126.0
200	65245.0
201	65245.0
202	65245.0
203	65245.0
204	65245.0
205	45104.0
206	45104.0
207	45104.0
208	45104.0
209	45104.0
210	82520.0
211	82520.0
212	82520.0
213	82520.0
214	82520.0
215	56024.0
216	56024.0
217	56024.0
218	56024.0
219	56024.0
220	18235.0
221	18235.0
222	18235.0
223	18235.0
224	18235.0
225	6813.0
226	6813.0
227	6813.0
228	6813.0
229	6813.0
230	43631.0
231	43631.0
232	43631.0
233	43631.0
234	43631.0
235	22160.0
236	22160.0
237	22160.0
238	22160.0
239	22160.0
240	70527.0
241	70527.0
242	70527.0
243	70527.0
244	70527.0
245	98345.0
246	98345.0
247	98345.0
248	98345.0
249	98345.0
