0	25980.0
1	25980.0
2	25980.0
3	25980.0
4	25980.0
5	26524.0
6	26524.0
7	26524.0
8	26524.0
9	26524.0
10	70984.0
11	70984.0
12	70984.0
13	70984.0
14	70984.0
15	33334.0
16	33334.0
17	33334.0
18	33334.0
19	33334.0
20	67604.0
21	67604.0
22	67604.0
23	67604.0
24	67604.0
25	50234.0
26	50234.0
27	50234.0
28	50234.0
29	50234.0
30	2692.0
31	2692.0
32	2692.0
33	2692.0
34	2692.0
35	84600.0
36	84600.0
37	84600.0
38	84600.0
39	84600.0
40	16387.0
41	16387.0
42	16387.0
43	16387.0
44	16387.0
45	99462.0
46	99462.0
47	99462.0
48	99462.0
49	99462.0
50	60758.0
51	60758.0
52	60758.0
53	60758.0
54	60758.0
55	86761.0
56	86761.0
57	86761.0
58	86761.0
59	86761.0
60	83579.0
61	83579.0
62	83579.0
63	83579.0
64	83579.0
65	38542.0
66	38542.0
67	38542.0
68	38542.0
69	38542.0
70	95604.0
71	95604.0
72	95604.0
73	95604.0
74	95604.0
75	61330.0
76	61330.0
77	61330.0
78	61330.0
79	61330.0
80	76273.0
81	76273.0
82	76273.0
83	76273.0
84	76273.0
85	2487.0
86	2487.0
87	2487.0
88	2487.0
89	2487.0
90	83121.0
91	83121.0
92	83121.0
93	83121.0
94	83121.0
95	86527.0
96	86527.0
97	86527.0
98	86527.0
99	86527.0
100	89031.0
101	89031.0
102	89031.0
103	89031.0
104	89031.0
105	15125.0
106	15125.0
107	15125.0
108	15125.0
109	15125.0
110	34705.0
111	34705.0
112	34705.0
113	34705.0
114	34705.0
115	5582.0
116	5582.0
117	5582.0
118	5582.0
119	5582.0
120	28590.0
121	28590.0
122	28590.0
123	28590.0
124	28590.0
125	109239.0
126	109239.0
127	109239.0
128	109239.0
129	109239.0
130	52508.0
131	52508.0
132	52508.0
133	52508.0
134	52508.0
135	14636.0
136	14636.0
137	14636.0
138	14636.0
139	14636.0
140	73739.0
141	73739.0
142	73739.0
143	73739.0
144	73739.0
145	56151.0
146	56151.0
147	56151.0
148	56151.0
149	56151.0
150	19022.0
151	19022.0
152	19022.0
153	19022.0
154	19022.0
155	55231.0
156	55231.0
157	55231.0
158	55231.0
159	55231.0
160	41771.0
161	41771.0
162	41771.0
163	41771.0
164	41771.0
165	2397.0
166	2397.0
167	2397.0
168	2397.0
169	2397.0
170	33959.0
171	33959.0
172	33959.0
173	33959.0
174	33959.0
175	109240.0
176	109240.0
177	109240.0
178	109240.0
179	109240.0
180	61711.0
181	61711.0
182	61711.0
183	61711.0
184	61711.0
185	35194.0
186	35194.0
187	35194.0
188	35194.0
189	35194.0
190	66701.0
191	66701.0
192	66701.0
193	66701.0
194	66701.0
195	72365.0
196	72365.0
197	72365.0
198	72365.0
199	72365.0
200	105342.0
201	105342.0
202	105342.0
203	105342.0
204	105342.0
205	73736.0
206	73736.0
207	73736.0
208	73736.0
209	73736.0
210	27055.0
211	27055.0
212	27055.0
213	27055.0
214	27055.0
215	21459.0
216	21459.0
217	21459.0
218	21459.0
219	21459.0
220	54367.0
221	54367.0
222	54367.0
223	54367.0
224	54367.0
225	26844.0
226	26844.0
227	26844.0
228	26844.0
229	26844.0
230	4330.0
231	4330.0
232	4330.0
233	4330.0
234	4330.0
235	22410.0
236	22410.0
237	22410.0
238	22410.0
239	22410.0
240	4983.0
241	4983.0
242	4983.0
243	4983.0
244	4983.0
245	94485.0
246	94485.0
247	94485.0
248	94485.0
249	94485.0
