0	96558.0
1	96558.0
2	96558.0
3	96558.0
4	96558.0
5	60589.0
6	60589.0
7	60589.0
8	60589.0
9	60589.0
10	20389.0
11	20389.0
12	20389.0
13	20389.0
14	20389.0
15	44760.0
16	44760.0
17	44760.0
18	44760.0
19	44760.0
20	59786.0
21	59786.0
22	59786.0
23	59786.0
24	59786.0
25	101049.0
26	101049.0
27	101049.0
28	101049.0
29	101049.0
30	60428.0
31	60428.0
32	60428.0
33	60428.0
34	60428.0
35	34939.0
36	34939.0
37	34939.0
38	34939.0
39	34939.0
40	33898.0
41	33898.0
42	33898.0
43	33898.0
44	33898.0
45	94876.0
46	94876.0
47	94876.0
48	94876.0
49	94876.0
50	37305.0
51	37305.0
52	37305.0
53	37305.0
54	37305.0
55	79639.0
56	79639.0
57	79639.0
58	79639.0
59	79639.0
60	11414.0
61	11414.0
62	11414.0
63	11414.0
64	11414.0
65	48806.0
66	48806.0
67	48806.0
68	48806.0
69	48806.0
70	2921.0
71	2921.0
72	2921.0
73	2921.0
74	2921.0
75	42876.0
76	42876.0
77	42876.0
78	42876.0
79	42876.0
80	26642.0
81	26642.0
82	26642.0
83	26642.0
84	26642.0
85	40815.0
86	40815.0
87	40815.0
88	40815.0
89	40815.0
90	28921.0
91	28921.0
92	28921.0
93	28921.0
94	28921.0
95	25497.0
96	25497.0
97	25497.0
98	25497.0
99	25497.0
100	65285.0
101	65285.0
102	65285.0
103	65285.0
104	65285.0
105	28610.0
106	28610.0
107	28610.0
108	28610.0
109	28610.0
110	47545.0
111	47545.0
112	47545.0
113	47545.0
114	47545.0
115	56485.0
116	56485.0
117	56485.0
118	56485.0
119	56485.0
120	56963.0
121	56963.0
122	56963.0
123	56963.0
124	56963.0
125	23508.0
126	23508.0
127	23508.0
128	23508.0
129	23508.0
130	47615.0
131	47615.0
132	47615.0
133	47615.0
134	47615.0
135	75068.0
136	75068.0
137	75068.0
138	75068.0
139	75068.0
140	89119.0
141	89119.0
142	89119.0
143	89119.0
144	89119.0
145	91690.0
146	91690.0
147	91690.0
148	91690.0
149	91690.0
150	14292.0
151	14292.0
152	14292.0
153	14292.0
154	14292.0
155	65460.0
156	65460.0
157	65460.0
158	65460.0
159	65460.0
160	3532.0
161	3532.0
162	3532.0
163	3532.0
164	3532.0
165	59547.0
166	59547.0
167	59547.0
168	59547.0
169	59547.0
170	88105.0
171	88105.0
172	88105.0
173	88105.0
174	88105.0
175	86214.0
176	86214.0
177	86214.0
178	86214.0
179	86214.0
180	53142.0
181	53142.0
182	53142.0
183	53142.0
184	53142.0
185	16756.0
186	16756.0
187	16756.0
188	16756.0
189	16756.0
190	56459.0
191	56459.0
192	56459.0
193	56459.0
194	56459.0
195	92360.0
196	92360.0
197	92360.0
198	92360.0
199	92360.0
200	20055.0
201	20055.0
202	20055.0
203	20055.0
204	20055.0
205	89265.0
206	89265.0
207	89265.0
208	89265.0
209	89265.0
210	23768.0
211	23768.0
212	23768.0
213	23768.0
214	23768.0
215	97572.0
216	97572.0
217	97572.0
218	97572.0
219	97572.0
220	20629.0
221	20629.0
222	20629.0
223	20629.0
224	20629.0
225	82245.0
226	82245.0
227	82245.0
228	82245.0
229	82245.0
230	11297.0
231	11297.0
232	11297.0
233	11297.0
234	11297.0
235	94423.0
236	94423.0
237	94423.0
238	94423.0
239	94423.0
240	14701.0
241	14701.0
242	14701.0
243	14701.0
244	14701.0
245	53191.0
246	53191.0
247	53191.0
248	53191.0
249	53191.0
