0	36723.0
1	36723.0
2	36723.0
3	36723.0
4	36723.0
5	2654.0
6	2654.0
7	2654.0
8	2654.0
9	2654.0
10	59736.0
11	59736.0
12	59736.0
13	59736.0
14	59736.0
15	18767.0
16	18767.0
17	18767.0
18	18767.0
19	18767.0
20	95151.0
21	95151.0
22	95151.0
23	95151.0
24	95151.0
25	47852.0
26	47852.0
27	47852.0
28	47852.0
29	47852.0
30	52999.0
31	52999.0
32	52999.0
33	52999.0
34	52999.0
35	85215.0
36	85215.0
37	85215.0
38	85215.0
39	85215.0
40	88631.0
41	88631.0
42	88631.0
43	88631.0
44	88631.0
45	49737.0
46	49737.0
47	49737.0
48	49737.0
49	49737.0
50	23228.0
51	23228.0
52	23228.0
53	23228.0
54	23228.0
55	55202.0
56	55202.0
57	55202.0
58	55202.0
59	55202.0
60	42778.0
61	42778.0
62	42778.0
63	42778.0
64	42778.0
65	33199.0
66	33199.0
67	33199.0
68	33199.0
69	33199.0
70	40738.0
71	40738.0
72	40738.0
73	40738.0
74	40738.0
75	104000.0
76	104000.0
77	104000.0
78	104000.0
79	104000.0
80	48311.0
81	48311.0
82	48311.0
83	48311.0
84	48311.0
85	65583.0
86	65583.0
87	65583.0
88	65583.0
89	65583.0
90	3052.0
91	3052.0
92	3052.0
93	3052.0
94	3052.0
95	35929.0
96	35929.0
97	35929.0
98	35929.0
99	35929.0
100	94472.0
101	94472.0
102	94472.0
103	94472.0
104	94472.0
105	29292.0
106	29292.0
107	29292.0
108	29292.0
109	29292.0
110	39194.0
111	39194.0
112	39194.0
113	39194.0
114	39194.0
115	42459.0
116	42459.0
117	42459.0
118	42459.0
119	42459.0
120	30244.0
121	30244.0
122	30244.0
123	30244.0
124	30244.0
125	99936.0
126	99936.0
127	99936.0
128	99936.0
129	99936.0
130	30937.0
131	30937.0
132	30937.0
133	30937.0
134	30937.0
135	41771.0
136	41771.0
137	41771.0
138	41771.0
139	41771.0
140	67477.0
141	67477.0
142	67477.0
143	67477.0
144	67477.0
145	982.0
146	982.0
147	982.0
148	982.0
149	982.0
150	70998.0
151	70998.0
152	70998.0
153	70998.0
154	70998.0
155	17414.0
156	17414.0
157	17414.0
158	17414.0
159	17414.0
160	65131.0
161	65131.0
162	65131.0
163	65131.0
164	65131.0
165	4787.0
166	4787.0
167	4787.0
168	4787.0
169	4787.0
170	70176.0
171	70176.0
172	70176.0
173	70176.0
174	70176.0
175	6950.0
176	6950.0
177	6950.0
178	6950.0
179	6950.0
180	105662.0
181	105662.0
182	105662.0
183	105662.0
184	105662.0
185	13479.0
186	13479.0
187	13479.0
188	13479.0
189	13479.0
190	16830.0
191	16830.0
192	16830.0
193	16830.0
194	16830.0
195	36294.0
196	36294.0
197	36294.0
198	36294.0
199	36294.0
200	54460.0
201	54460.0
202	54460.0
203	54460.0
204	54460.0
205	36833.0
206	36833.0
207	36833.0
208	36833.0
209	36833.0
210	37931.0
211	37931.0
212	37931.0
213	37931.0
214	37931.0
215	31308.0
216	31308.0
217	31308.0
218	31308.0
219	31308.0
220	16672.0
221	16672.0
222	16672.0
223	16672.0
224	16672.0
225	52469.0
226	52469.0
227	52469.0
228	52469.0
229	52469.0
230	12155.0
231	12155.0
232	12155.0
233	12155.0
234	12155.0
235	94997.0
236	94997.0
237	94997.0
238	94997.0
239	94997.0
240	77467.0
241	77467.0
242	77467.0
243	77467.0
244	77467.0
245	25214.0
246	25214.0
247	25214.0
248	25214.0
249	25214.0
