0	198575.0
1	198575.0
2	198575.0
3	198575.0
4	198575.0
5	333014.0
6	333014.0
7	333014.0
8	333014.0
9	333014.0
10	252490.0
11	252490.0
12	252490.0
13	252490.0
14	252490.0
15	182246.0
16	182246.0
17	182246.0
18	182246.0
19	182246.0
20	343329.0
21	343329.0
22	343329.0
23	343329.0
24	343329.0
25	243193.0
26	243193.0
27	243193.0
28	243193.0
29	243193.0
30	110161.0
31	110161.0
32	110161.0
33	110161.0
34	110161.0
35	181343.0
36	181343.0
37	181343.0
38	181343.0
39	181343.0
40	4611.0
41	4611.0
42	4611.0
43	4611.0
44	4611.0
45	336359.0
46	336359.0
47	336359.0
48	336359.0
49	336359.0
50	190893.0
51	190893.0
52	190893.0
53	190893.0
54	190893.0
55	279848.0
56	279848.0
57	279848.0
58	279848.0
59	279848.0
60	375976.0
61	375976.0
62	375976.0
63	375976.0
64	375976.0
65	229028.0
66	229028.0
67	229028.0
68	229028.0
69	229028.0
70	270785.0
71	270785.0
72	270785.0
73	270785.0
74	270785.0
75	28578.0
76	28578.0
77	28578.0
78	28578.0
79	28578.0
80	198172.0
81	198172.0
82	198172.0
83	198172.0
84	198172.0
85	140829.0
86	140829.0
87	140829.0
88	140829.0
89	140829.0
90	215751.0
91	215751.0
92	215751.0
93	215751.0
94	215751.0
95	124642.0
96	124642.0
97	124642.0
98	124642.0
99	124642.0
100	357808.0
101	357808.0
102	357808.0
103	357808.0
104	357808.0
105	228417.0
106	228417.0
107	228417.0
108	228417.0
109	228417.0
110	253558.0
111	253558.0
112	253558.0
113	253558.0
114	253558.0
115	80805.0
116	80805.0
117	80805.0
118	80805.0
119	80805.0
120	106622.0
121	106622.0
122	106622.0
123	106622.0
124	106622.0
125	240826.0
126	240826.0
127	240826.0
128	240826.0
129	240826.0
130	100795.0
131	100795.0
132	100795.0
133	100795.0
134	100795.0
135	334276.0
136	334276.0
137	334276.0
138	334276.0
139	334276.0
140	198610.0
141	198610.0
142	198610.0
143	198610.0
144	198610.0
145	63105.0
146	63105.0
147	63105.0
148	63105.0
149	63105.0
150	72264.0
151	72264.0
152	72264.0
153	72264.0
154	72264.0
155	336190.0
156	336190.0
157	336190.0
158	336190.0
159	336190.0
160	286890.0
161	286890.0
162	286890.0
163	286890.0
164	286890.0
165	88033.0
166	88033.0
167	88033.0
168	88033.0
169	88033.0
170	232899.0
171	232899.0
172	232899.0
173	232899.0
174	232899.0
175	57715.0
176	57715.0
177	57715.0
178	57715.0
179	57715.0
180	77290.0
181	77290.0
182	77290.0
183	77290.0
184	77290.0
185	201386.0
186	201386.0
187	201386.0
188	201386.0
189	201386.0
190	238578.0
191	238578.0
192	238578.0
193	238578.0
194	238578.0
195	320214.0
196	320214.0
197	320214.0
198	320214.0
199	320214.0
200	335225.0
201	335225.0
202	335225.0
203	335225.0
204	335225.0
205	19204.0
206	19204.0
207	19204.0
208	19204.0
209	19204.0
210	5945.0
211	5945.0
212	5945.0
213	5945.0
214	5945.0
215	297825.0
216	297825.0
217	297825.0
218	297825.0
219	297825.0
220	112850.0
221	112850.0
222	112850.0
223	112850.0
224	112850.0
225	13104.0
226	13104.0
227	13104.0
228	13104.0
229	13104.0
230	359705.0
231	359705.0
232	359705.0
233	359705.0
234	359705.0
235	181963.0
236	181963.0
237	181963.0
238	181963.0
239	181963.0
240	300585.0
241	300585.0
242	300585.0
243	300585.0
244	300585.0
245	302228.0
246	302228.0
247	302228.0
248	302228.0
249	302228.0
