0	366572.0
1	366572.0
2	366572.0
3	366572.0
4	366572.0
5	90430.0
6	90430.0
7	90430.0
8	90430.0
9	90430.0
10	128641.0
11	128641.0
12	128641.0
13	128641.0
14	128641.0
15	7251.0
16	7251.0
17	7251.0
18	7251.0
19	7251.0
20	287225.0
21	287225.0
22	287225.0
23	287225.0
24	287225.0
25	30177.0
26	30177.0
27	30177.0
28	30177.0
29	30177.0
30	186070.0
31	186070.0
32	186070.0
33	186070.0
34	186070.0
35	210420.0
36	210420.0
37	210420.0
38	210420.0
39	210420.0
40	217762.0
41	217762.0
42	217762.0
43	217762.0
44	217762.0
45	323509.0
46	323509.0
47	323509.0
48	323509.0
49	323509.0
50	116617.0
51	116617.0
52	116617.0
53	116617.0
54	116617.0
55	330955.0
56	330955.0
57	330955.0
58	330955.0
59	330955.0
60	329883.0
61	329883.0
62	329883.0
63	329883.0
64	329883.0
65	45958.0
66	45958.0
67	45958.0
68	45958.0
69	45958.0
70	138861.0
71	138861.0
72	138861.0
73	138861.0
74	138861.0
75	377227.0
76	377227.0
77	377227.0
78	377227.0
79	377227.0
80	294338.0
81	294338.0
82	294338.0
83	294338.0
84	294338.0
85	316498.0
86	316498.0
87	316498.0
88	316498.0
89	316498.0
90	127378.0
91	127378.0
92	127378.0
93	127378.0
94	127378.0
95	317723.0
96	317723.0
97	317723.0
98	317723.0
99	317723.0
100	302201.0
101	302201.0
102	302201.0
103	302201.0
104	302201.0
105	260539.0
106	260539.0
107	260539.0
108	260539.0
109	260539.0
110	182828.0
111	182828.0
112	182828.0
113	182828.0
114	182828.0
115	23026.0
116	23026.0
117	23026.0
118	23026.0
119	23026.0
120	326080.0
121	326080.0
122	326080.0
123	326080.0
124	326080.0
125	43454.0
126	43454.0
127	43454.0
128	43454.0
129	43454.0
130	320616.0
131	320616.0
132	320616.0
133	320616.0
134	320616.0
135	367925.0
136	367925.0
137	367925.0
138	367925.0
139	367925.0
140	13389.0
141	13389.0
142	13389.0
143	13389.0
144	13389.0
145	111213.0
146	111213.0
147	111213.0
148	111213.0
149	111213.0
150	183605.0
151	183605.0
152	183605.0
153	183605.0
154	183605.0
155	8385.0
156	8385.0
157	8385.0
158	8385.0
159	8385.0
160	256706.0
161	256706.0
162	256706.0
163	256706.0
164	256706.0
165	371108.0
166	371108.0
167	371108.0
168	371108.0
169	371108.0
170	6155.0
171	6155.0
172	6155.0
173	6155.0
174	6155.0
175	34218.0
176	34218.0
177	34218.0
178	34218.0
179	34218.0
180	3234.0
181	3234.0
182	3234.0
183	3234.0
184	3234.0
185	335531.0
186	335531.0
187	335531.0
188	335531.0
189	335531.0
190	228031.0
191	228031.0
192	228031.0
193	228031.0
194	228031.0
195	331049.0
196	331049.0
197	331049.0
198	331049.0
199	331049.0
200	24768.0
201	24768.0
202	24768.0
203	24768.0
204	24768.0
205	270841.0
206	270841.0
207	270841.0
208	270841.0
209	270841.0
210	362282.0
211	362282.0
212	362282.0
213	362282.0
214	362282.0
215	313138.0
216	313138.0
217	313138.0
218	313138.0
219	313138.0
220	125805.0
221	125805.0
222	125805.0
223	125805.0
224	125805.0
225	190978.0
226	190978.0
227	190978.0
228	190978.0
229	190978.0
230	360156.0
231	360156.0
232	360156.0
233	360156.0
234	360156.0
235	88641.0
236	88641.0
237	88641.0
238	88641.0
239	88641.0
240	52032.0
241	52032.0
242	52032.0
243	52032.0
244	52032.0
245	76493.0
246	76493.0
247	76493.0
248	76493.0
249	76493.0
