0	50536.0
1	50536.0
2	50536.0
3	50536.0
4	50536.0
5	114730.0
6	114730.0
7	114730.0
8	114730.0
9	114730.0
10	260302.0
11	260302.0
12	260302.0
13	260302.0
14	260302.0
15	288910.0
16	288910.0
17	288910.0
18	288910.0
19	288910.0
20	218536.0
21	218536.0
22	218536.0
23	218536.0
24	218536.0
25	209168.0
26	209168.0
27	209168.0
28	209168.0
29	209168.0
30	374772.0
31	374772.0
32	374772.0
33	374772.0
34	374772.0
35	228189.0
36	228189.0
37	228189.0
38	228189.0
39	228189.0
40	286692.0
41	286692.0
42	286692.0
43	286692.0
44	286692.0
45	240121.0
46	240121.0
47	240121.0
48	240121.0
49	240121.0
50	30622.0
51	30622.0
52	30622.0
53	30622.0
54	30622.0
55	69047.0
56	69047.0
57	69047.0
58	69047.0
59	69047.0
60	214792.0
61	214792.0
62	214792.0
63	214792.0
64	214792.0
65	231923.0
66	231923.0
67	231923.0
68	231923.0
69	231923.0
70	270736.0
71	270736.0
72	270736.0
73	270736.0
74	270736.0
75	81399.0
76	81399.0
77	81399.0
78	81399.0
79	81399.0
80	330287.0
81	330287.0
82	330287.0
83	330287.0
84	330287.0
85	306126.0
86	306126.0
87	306126.0
88	306126.0
89	306126.0
90	114752.0
91	114752.0
92	114752.0
93	114752.0
94	114752.0
95	149552.0
96	149552.0
97	149552.0
98	149552.0
99	149552.0
100	243567.0
101	243567.0
102	243567.0
103	243567.0
104	243567.0
105	353596.0
106	353596.0
107	353596.0
108	353596.0
109	353596.0
110	209068.0
111	209068.0
112	209068.0
113	209068.0
114	209068.0
115	101134.0
116	101134.0
117	101134.0
118	101134.0
119	101134.0
120	284043.0
121	284043.0
122	284043.0
123	284043.0
124	284043.0
125	182452.0
126	182452.0
127	182452.0
128	182452.0
129	182452.0
130	154749.0
131	154749.0
132	154749.0
133	154749.0
134	154749.0
135	67344.0
136	67344.0
137	67344.0
138	67344.0
139	67344.0
140	267816.0
141	267816.0
142	267816.0
143	267816.0
144	267816.0
145	180619.0
146	180619.0
147	180619.0
148	180619.0
149	180619.0
150	308721.0
151	308721.0
152	308721.0
153	308721.0
154	308721.0
155	364760.0
156	364760.0
157	364760.0
158	364760.0
159	364760.0
160	338157.0
161	338157.0
162	338157.0
163	338157.0
164	338157.0
165	321215.0
166	321215.0
167	321215.0
168	321215.0
169	321215.0
170	56270.0
171	56270.0
172	56270.0
173	56270.0
174	56270.0
175	253622.0
176	253622.0
177	253622.0
178	253622.0
179	253622.0
180	272674.0
181	272674.0
182	272674.0
183	272674.0
184	272674.0
185	356698.0
186	356698.0
187	356698.0
188	356698.0
189	356698.0
190	157211.0
191	157211.0
192	157211.0
193	157211.0
194	157211.0
195	238841.0
196	238841.0
197	238841.0
198	238841.0
199	238841.0
200	14860.0
201	14860.0
202	14860.0
203	14860.0
204	14860.0
205	233209.0
206	233209.0
207	233209.0
208	233209.0
209	233209.0
210	349565.0
211	349565.0
212	349565.0
213	349565.0
214	349565.0
215	348694.0
216	348694.0
217	348694.0
218	348694.0
219	348694.0
220	157127.0
221	157127.0
222	157127.0
223	157127.0
224	157127.0
225	359301.0
226	359301.0
227	359301.0
228	359301.0
229	359301.0
230	155101.0
231	155101.0
232	155101.0
233	155101.0
234	155101.0
235	156568.0
236	156568.0
237	156568.0
238	156568.0
239	156568.0
240	139739.0
241	139739.0
242	139739.0
243	139739.0
244	139739.0
245	106780.0
246	106780.0
247	106780.0
248	106780.0
249	106780.0
