0	237441.0
1	237441.0
2	237441.0
3	237441.0
4	237441.0
5	29.0
6	29.0
7	29.0
8	29.0
9	29.0
10	73024.0
11	73024.0
12	73024.0
13	73024.0
14	73024.0
15	186180.0
16	186180.0
17	186180.0
18	186180.0
19	186180.0
20	30487.0
21	30487.0
22	30487.0
23	30487.0
24	30487.0
25	7086.0
26	7086.0
27	7086.0
28	7086.0
29	7086.0
30	81425.0
31	81425.0
32	81425.0
33	81425.0
34	81425.0
35	183621.0
36	183621.0
37	183621.0
38	183621.0
39	183621.0
40	131549.0
41	131549.0
42	131549.0
43	131549.0
44	131549.0
45	208155.0
46	208155.0
47	208155.0
48	208155.0
49	208155.0
50	246147.0
51	246147.0
52	246147.0
53	246147.0
54	246147.0
55	248456.0
56	248456.0
57	248456.0
58	248456.0
59	248456.0
60	138102.0
61	138102.0
62	138102.0
63	138102.0
64	138102.0
65	256470.0
66	256470.0
67	256470.0
68	256470.0
69	256470.0
70	146485.0
71	146485.0
72	146485.0
73	146485.0
74	146485.0
75	138584.0
76	138584.0
77	138584.0
78	138584.0
79	138584.0
80	203907.0
81	203907.0
82	203907.0
83	203907.0
84	203907.0
85	136109.0
86	136109.0
87	136109.0
88	136109.0
89	136109.0
90	11648.0
91	11648.0
92	11648.0
93	11648.0
94	11648.0
95	6319.0
96	6319.0
97	6319.0
98	6319.0
99	6319.0
100	32580.0
101	32580.0
102	32580.0
103	32580.0
104	32580.0
105	160166.0
106	160166.0
107	160166.0
108	160166.0
109	160166.0
110	24402.0
111	24402.0
112	24402.0
113	24402.0
114	24402.0
115	241635.0
116	241635.0
117	241635.0
118	241635.0
119	241635.0
120	133692.0
121	133692.0
122	133692.0
123	133692.0
124	133692.0
125	109743.0
126	109743.0
127	109743.0
128	109743.0
129	109743.0
130	176111.0
131	176111.0
132	176111.0
133	176111.0
134	176111.0
135	263177.0
136	263177.0
137	263177.0
138	263177.0
139	263177.0
140	147183.0
141	147183.0
142	147183.0
143	147183.0
144	147183.0
145	79084.0
146	79084.0
147	79084.0
148	79084.0
149	79084.0
150	153019.0
151	153019.0
152	153019.0
153	153019.0
154	153019.0
155	229915.0
156	229915.0
157	229915.0
158	229915.0
159	229915.0
160	157886.0
161	157886.0
162	157886.0
163	157886.0
164	157886.0
165	217746.0
166	217746.0
167	217746.0
168	217746.0
169	217746.0
170	27603.0
171	27603.0
172	27603.0
173	27603.0
174	27603.0
175	86812.0
176	86812.0
177	86812.0
178	86812.0
179	86812.0
180	248974.0
181	248974.0
182	248974.0
183	248974.0
184	248974.0
185	128884.0
186	128884.0
187	128884.0
188	128884.0
189	128884.0
190	75343.0
191	75343.0
192	75343.0
193	75343.0
194	75343.0
195	177808.0
196	177808.0
197	177808.0
198	177808.0
199	177808.0
200	171263.0
201	171263.0
202	171263.0
203	171263.0
204	171263.0
205	52630.0
206	52630.0
207	52630.0
208	52630.0
209	52630.0
210	139920.0
211	139920.0
212	139920.0
213	139920.0
214	139920.0
215	65572.0
216	65572.0
217	65572.0
218	65572.0
219	65572.0
220	11342.0
221	11342.0
222	11342.0
223	11342.0
224	11342.0
225	187689.0
226	187689.0
227	187689.0
228	187689.0
229	187689.0
230	127796.0
231	127796.0
232	127796.0
233	127796.0
234	127796.0
235	229500.0
236	229500.0
237	229500.0
238	229500.0
239	229500.0
240	119001.0
241	119001.0
242	119001.0
243	119001.0
244	119001.0
245	6139.0
246	6139.0
247	6139.0
248	6139.0
249	6139.0
