0	188876.0
1	188876.0
2	188876.0
3	188876.0
4	188876.0
5	91786.0
6	91786.0
7	91786.0
8	91786.0
9	91786.0
10	16156.0
11	16156.0
12	16156.0
13	16156.0
14	16156.0
15	158913.0
16	158913.0
17	158913.0
18	158913.0
19	158913.0
20	219892.0
21	219892.0
22	219892.0
23	219892.0
24	219892.0
25	201410.0
26	201410.0
27	201410.0
28	201410.0
29	201410.0
30	93753.0
31	93753.0
32	93753.0
33	93753.0
34	93753.0
35	222106.0
36	222106.0
37	222106.0
38	222106.0
39	222106.0
40	134336.0
41	134336.0
42	134336.0
43	134336.0
44	134336.0
45	173970.0
46	173970.0
47	173970.0
48	173970.0
49	173970.0
50	3354.0
51	3354.0
52	3354.0
53	3354.0
54	3354.0
55	42928.0
56	42928.0
57	42928.0
58	42928.0
59	42928.0
60	56319.0
61	56319.0
62	56319.0
63	56319.0
64	56319.0
65	98910.0
66	98910.0
67	98910.0
68	98910.0
69	98910.0
70	144401.0
71	144401.0
72	144401.0
73	144401.0
74	144401.0
75	101835.0
76	101835.0
77	101835.0
78	101835.0
79	101835.0
80	231718.0
81	231718.0
82	231718.0
83	231718.0
84	231718.0
85	80965.0
86	80965.0
87	80965.0
88	80965.0
89	80965.0
90	180372.0
91	180372.0
92	180372.0
93	180372.0
94	180372.0
95	248326.0
96	248326.0
97	248326.0
98	248326.0
99	248326.0
100	143250.0
101	143250.0
102	143250.0
103	143250.0
104	143250.0
105	142929.0
106	142929.0
107	142929.0
108	142929.0
109	142929.0
110	79097.0
111	79097.0
112	79097.0
113	79097.0
114	79097.0
115	36021.0
116	36021.0
117	36021.0
118	36021.0
119	36021.0
120	198279.0
121	198279.0
122	198279.0
123	198279.0
124	198279.0
125	179290.0
126	179290.0
127	179290.0
128	179290.0
129	179290.0
130	3266.0
131	3266.0
132	3266.0
133	3266.0
134	3266.0
135	176829.0
136	176829.0
137	176829.0
138	176829.0
139	176829.0
140	262416.0
141	262416.0
142	262416.0
143	262416.0
144	262416.0
145	241723.0
146	241723.0
147	241723.0
148	241723.0
149	241723.0
150	117914.0
151	117914.0
152	117914.0
153	117914.0
154	117914.0
155	137027.0
156	137027.0
157	137027.0
158	137027.0
159	137027.0
160	228734.0
161	228734.0
162	228734.0
163	228734.0
164	228734.0
165	85164.0
166	85164.0
167	85164.0
168	85164.0
169	85164.0
170	253764.0
171	253764.0
172	253764.0
173	253764.0
174	253764.0
175	89552.0
176	89552.0
177	89552.0
178	89552.0
179	89552.0
180	2743.0
181	2743.0
182	2743.0
183	2743.0
184	2743.0
185	72362.0
186	72362.0
187	72362.0
188	72362.0
189	72362.0
190	60454.0
191	60454.0
192	60454.0
193	60454.0
194	60454.0
195	210173.0
196	210173.0
197	210173.0
198	210173.0
199	210173.0
200	178026.0
201	178026.0
202	178026.0
203	178026.0
204	178026.0
205	96707.0
206	96707.0
207	96707.0
208	96707.0
209	96707.0
210	220804.0
211	220804.0
212	220804.0
213	220804.0
214	220804.0
215	52862.0
216	52862.0
217	52862.0
218	52862.0
219	52862.0
220	18086.0
221	18086.0
222	18086.0
223	18086.0
224	18086.0
225	203454.0
226	203454.0
227	203454.0
228	203454.0
229	203454.0
230	162359.0
231	162359.0
232	162359.0
233	162359.0
234	162359.0
235	54190.0
236	54190.0
237	54190.0
238	54190.0
239	54190.0
240	264623.0
241	264623.0
242	264623.0
243	264623.0
244	264623.0
245	195805.0
246	195805.0
247	195805.0
248	195805.0
249	195805.0
