0	4791.0
1	4791.0
2	4791.0
3	4791.0
4	4791.0
5	50142.0
6	50142.0
7	50142.0
8	50142.0
9	50142.0
10	3066.0
11	3066.0
12	3066.0
13	3066.0
14	3066.0
15	75880.0
16	75880.0
17	75880.0
18	75880.0
19	75880.0
20	32498.0
21	32498.0
22	32498.0
23	32498.0
24	32498.0
25	58501.0
26	58501.0
27	58501.0
28	58501.0
29	58501.0
30	149768.0
31	149768.0
32	149768.0
33	149768.0
34	149768.0
35	147141.0
36	147141.0
37	147141.0
38	147141.0
39	147141.0
40	93672.0
41	93672.0
42	93672.0
43	93672.0
44	93672.0
45	137897.0
46	137897.0
47	137897.0
48	137897.0
49	137897.0
50	5644.0
51	5644.0
52	5644.0
53	5644.0
54	5644.0
55	65244.0
56	65244.0
57	65244.0
58	65244.0
59	65244.0
60	22518.0
61	22518.0
62	22518.0
63	22518.0
64	22518.0
65	64844.0
66	64844.0
67	64844.0
68	64844.0
69	64844.0
70	14788.0
71	14788.0
72	14788.0
73	14788.0
74	14788.0
75	153674.0
76	153674.0
77	153674.0
78	153674.0
79	153674.0
80	23043.0
81	23043.0
82	23043.0
83	23043.0
84	23043.0
85	122614.0
86	122614.0
87	122614.0
88	122614.0
89	122614.0
90	9095.0
91	9095.0
92	9095.0
93	9095.0
94	9095.0
95	15829.0
96	15829.0
97	15829.0
98	15829.0
99	15829.0
100	1820.0
101	1820.0
102	1820.0
103	1820.0
104	1820.0
105	69789.0
106	69789.0
107	69789.0
108	69789.0
109	69789.0
110	106345.0
111	106345.0
112	106345.0
113	106345.0
114	106345.0
115	59954.0
116	59954.0
117	59954.0
118	59954.0
119	59954.0
120	55598.0
121	55598.0
122	55598.0
123	55598.0
124	55598.0
125	13486.0
126	13486.0
127	13486.0
128	13486.0
129	13486.0
130	79754.0
131	79754.0
132	79754.0
133	79754.0
134	79754.0
135	141644.0
136	141644.0
137	141644.0
138	141644.0
139	141644.0
140	125686.0
141	125686.0
142	125686.0
143	125686.0
144	125686.0
145	61596.0
146	61596.0
147	61596.0
148	61596.0
149	61596.0
150	147363.0
151	147363.0
152	147363.0
153	147363.0
154	147363.0
155	141829.0
156	141829.0
157	141829.0
158	141829.0
159	141829.0
160	40856.0
161	40856.0
162	40856.0
163	40856.0
164	40856.0
165	20847.0
166	20847.0
167	20847.0
168	20847.0
169	20847.0
170	24167.0
171	24167.0
172	24167.0
173	24167.0
174	24167.0
175	54877.0
176	54877.0
177	54877.0
178	54877.0
179	54877.0
180	103414.0
181	103414.0
182	103414.0
183	103414.0
184	103414.0
185	48322.0
186	48322.0
187	48322.0
188	48322.0
189	48322.0
190	101860.0
191	101860.0
192	101860.0
193	101860.0
194	101860.0
195	102596.0
196	102596.0
197	102596.0
198	102596.0
199	102596.0
200	121540.0
201	121540.0
202	121540.0
203	121540.0
204	121540.0
205	81821.0
206	81821.0
207	81821.0
208	81821.0
209	81821.0
210	3993.0
211	3993.0
212	3993.0
213	3993.0
214	3993.0
215	88088.0
216	88088.0
217	88088.0
218	88088.0
219	88088.0
220	59033.0
221	59033.0
222	59033.0
223	59033.0
224	59033.0
225	130293.0
226	130293.0
227	130293.0
228	130293.0
229	130293.0
230	9308.0
231	9308.0
232	9308.0
233	9308.0
234	9308.0
235	146983.0
236	146983.0
237	146983.0
238	146983.0
239	146983.0
240	41554.0
241	41554.0
242	41554.0
243	41554.0
244	41554.0
245	101882.0
246	101882.0
247	101882.0
248	101882.0
249	101882.0
