0	39062.0
1	39062.0
2	39062.0
3	39062.0
4	39062.0
5	73617.0
6	73617.0
7	73617.0
8	73617.0
9	73617.0
10	12527.0
11	12527.0
12	12527.0
13	12527.0
14	12527.0
15	24005.0
16	24005.0
17	24005.0
18	24005.0
19	24005.0
20	154651.0
21	154651.0
22	154651.0
23	154651.0
24	154651.0
25	42438.0
26	42438.0
27	42438.0
28	42438.0
29	42438.0
30	19600.0
31	19600.0
32	19600.0
33	19600.0
34	19600.0
35	41317.0
36	41317.0
37	41317.0
38	41317.0
39	41317.0
40	33255.0
41	33255.0
42	33255.0
43	33255.0
44	33255.0
45	1698.0
46	1698.0
47	1698.0
48	1698.0
49	1698.0
50	155884.0
51	155884.0
52	155884.0
53	155884.0
54	155884.0
55	22014.0
56	22014.0
57	22014.0
58	22014.0
59	22014.0
60	76784.0
61	76784.0
62	76784.0
63	76784.0
64	76784.0
65	105210.0
66	105210.0
67	105210.0
68	105210.0
69	105210.0
70	69173.0
71	69173.0
72	69173.0
73	69173.0
74	69173.0
75	41962.0
76	41962.0
77	41962.0
78	41962.0
79	41962.0
80	110646.0
81	110646.0
82	110646.0
83	110646.0
84	110646.0
85	82805.0
86	82805.0
87	82805.0
88	82805.0
89	82805.0
90	18582.0
91	18582.0
92	18582.0
93	18582.0
94	18582.0
95	4279.0
96	4279.0
97	4279.0
98	4279.0
99	4279.0
100	107201.0
101	107201.0
102	107201.0
103	107201.0
104	107201.0
105	106378.0
106	106378.0
107	106378.0
108	106378.0
109	106378.0
110	106314.0
111	106314.0
112	106314.0
113	106314.0
114	106314.0
115	13235.0
116	13235.0
117	13235.0
118	13235.0
119	13235.0
120	69118.0
121	69118.0
122	69118.0
123	69118.0
124	69118.0
125	93158.0
126	93158.0
127	93158.0
128	93158.0
129	93158.0
130	109884.0
131	109884.0
132	109884.0
133	109884.0
134	109884.0
135	121933.0
136	121933.0
137	121933.0
138	121933.0
139	121933.0
140	35302.0
141	35302.0
142	35302.0
143	35302.0
144	35302.0
145	112376.0
146	112376.0
147	112376.0
148	112376.0
149	112376.0
150	142352.0
151	142352.0
152	142352.0
153	142352.0
154	142352.0
155	56361.0
156	56361.0
157	56361.0
158	56361.0
159	56361.0
160	117409.0
161	117409.0
162	117409.0
163	117409.0
164	117409.0
165	20942.0
166	20942.0
167	20942.0
168	20942.0
169	20942.0
170	115640.0
171	115640.0
172	115640.0
173	115640.0
174	115640.0
175	130547.0
176	130547.0
177	130547.0
178	130547.0
179	130547.0
180	92885.0
181	92885.0
182	92885.0
183	92885.0
184	92885.0
185	116143.0
186	116143.0
187	116143.0
188	116143.0
189	116143.0
190	83744.0
191	83744.0
192	83744.0
193	83744.0
194	83744.0
195	99713.0
196	99713.0
197	99713.0
198	99713.0
199	99713.0
200	84595.0
201	84595.0
202	84595.0
203	84595.0
204	84595.0
205	155645.0
206	155645.0
207	155645.0
208	155645.0
209	155645.0
210	127365.0
211	127365.0
212	127365.0
213	127365.0
214	127365.0
215	87431.0
216	87431.0
217	87431.0
218	87431.0
219	87431.0
220	22424.0
221	22424.0
222	22424.0
223	22424.0
224	22424.0
225	18938.0
226	18938.0
227	18938.0
228	18938.0
229	18938.0
230	122241.0
231	122241.0
232	122241.0
233	122241.0
234	122241.0
235	113621.0
236	113621.0
237	113621.0
238	113621.0
239	113621.0
240	130933.0
241	130933.0
242	130933.0
243	130933.0
244	130933.0
245	72790.0
246	72790.0
247	72790.0
248	72790.0
249	72790.0
