0	282188.0
1	282188.0
2	282188.0
3	282188.0
4	282188.0
5	145394.0
6	145394.0
7	145394.0
8	145394.0
9	145394.0
10	65741.0
11	65741.0
12	65741.0
13	65741.0
14	65741.0
15	506800.0
16	506800.0
17	506800.0
18	506800.0
19	506800.0
20	809232.0
21	809232.0
22	809232.0
23	809232.0
24	809232.0
25	823596.0
26	823596.0
27	823596.0
28	823596.0
29	823596.0
30	566071.0
31	566071.0
32	566071.0
33	566071.0
34	566071.0
35	319221.0
36	319221.0
37	319221.0
38	319221.0
39	319221.0
40	670116.0
41	670116.0
42	670116.0
43	670116.0
44	670116.0
45	33630.0
46	33630.0
47	33630.0
48	33630.0
49	33630.0
50	174352.0
51	174352.0
52	174352.0
53	174352.0
54	174352.0
55	335278.0
56	335278.0
57	335278.0
58	335278.0
59	335278.0
60	691719.0
61	691719.0
62	691719.0
63	691719.0
64	691719.0
65	19867.0
66	19867.0
67	19867.0
68	19867.0
69	19867.0
70	193313.0
71	193313.0
72	193313.0
73	193313.0
74	193313.0
75	51681.0
76	51681.0
77	51681.0
78	51681.0
79	51681.0
80	817631.0
81	817631.0
82	817631.0
83	817631.0
84	817631.0
85	154578.0
86	154578.0
87	154578.0
88	154578.0
89	154578.0
90	145553.0
91	145553.0
92	145553.0
93	145553.0
94	145553.0
95	545728.0
96	545728.0
97	545728.0
98	545728.0
99	545728.0
100	715151.0
101	715151.0
102	715151.0
103	715151.0
104	715151.0
105	369093.0
106	369093.0
107	369093.0
108	369093.0
109	369093.0
110	338564.0
111	338564.0
112	338564.0
113	338564.0
114	338564.0
115	572308.0
116	572308.0
117	572308.0
118	572308.0
119	572308.0
120	392979.0
121	392979.0
122	392979.0
123	392979.0
124	392979.0
125	576412.0
126	576412.0
127	576412.0
128	576412.0
129	576412.0
130	430595.0
131	430595.0
132	430595.0
133	430595.0
134	430595.0
135	121111.0
136	121111.0
137	121111.0
138	121111.0
139	121111.0
140	638257.0
141	638257.0
142	638257.0
143	638257.0
144	638257.0
145	754201.0
146	754201.0
147	754201.0
148	754201.0
149	754201.0
150	244522.0
151	244522.0
152	244522.0
153	244522.0
154	244522.0
155	301477.0
156	301477.0
157	301477.0
158	301477.0
159	301477.0
160	546853.0
161	546853.0
162	546853.0
163	546853.0
164	546853.0
165	125478.0
166	125478.0
167	125478.0
168	125478.0
169	125478.0
170	196450.0
171	196450.0
172	196450.0
173	196450.0
174	196450.0
175	162543.0
176	162543.0
177	162543.0
178	162543.0
179	162543.0
180	458189.0
181	458189.0
182	458189.0
183	458189.0
184	458189.0
185	729310.0
186	729310.0
187	729310.0
188	729310.0
189	729310.0
190	580256.0
191	580256.0
192	580256.0
193	580256.0
194	580256.0
195	48234.0
196	48234.0
197	48234.0
198	48234.0
199	48234.0
200	734250.0
201	734250.0
202	734250.0
203	734250.0
204	734250.0
205	547811.0
206	547811.0
207	547811.0
208	547811.0
209	547811.0
210	686908.0
211	686908.0
212	686908.0
213	686908.0
214	686908.0
215	408190.0
216	408190.0
217	408190.0
218	408190.0
219	408190.0
220	179729.0
221	179729.0
222	179729.0
223	179729.0
224	179729.0
225	296824.0
226	296824.0
227	296824.0
228	296824.0
229	296824.0
230	8466.0
231	8466.0
232	8466.0
233	8466.0
234	8466.0
235	141225.0
236	141225.0
237	141225.0
238	141225.0
239	141225.0
240	651046.0
241	651046.0
242	651046.0
243	651046.0
244	651046.0
245	50338.0
246	50338.0
247	50338.0
248	50338.0
249	50338.0
