0	329797.0
1	329797.0
2	329797.0
3	329797.0
4	329797.0
5	722457.0
6	722457.0
7	722457.0
8	722457.0
9	722457.0
10	533334.0
11	533334.0
12	533334.0
13	533334.0
14	533334.0
15	136208.0
16	136208.0
17	136208.0
18	136208.0
19	136208.0
20	316584.0
21	316584.0
22	316584.0
23	316584.0
24	316584.0
25	94741.0
26	94741.0
27	94741.0
28	94741.0
29	94741.0
30	395775.0
31	395775.0
32	395775.0
33	395775.0
34	395775.0
35	641778.0
36	641778.0
37	641778.0
38	641778.0
39	641778.0
40	446813.0
41	446813.0
42	446813.0
43	446813.0
44	446813.0
45	53060.0
46	53060.0
47	53060.0
48	53060.0
49	53060.0
50	100947.0
51	100947.0
52	100947.0
53	100947.0
54	100947.0
55	496012.0
56	496012.0
57	496012.0
58	496012.0
59	496012.0
60	366044.0
61	366044.0
62	366044.0
63	366044.0
64	366044.0
65	624261.0
66	624261.0
67	624261.0
68	624261.0
69	624261.0
70	421871.0
71	421871.0
72	421871.0
73	421871.0
74	421871.0
75	272989.0
76	272989.0
77	272989.0
78	272989.0
79	272989.0
80	269245.0
81	269245.0
82	269245.0
83	269245.0
84	269245.0
85	421473.0
86	421473.0
87	421473.0
88	421473.0
89	421473.0
90	110180.0
91	110180.0
92	110180.0
93	110180.0
94	110180.0
95	407906.0
96	407906.0
97	407906.0
98	407906.0
99	407906.0
100	211048.0
101	211048.0
102	211048.0
103	211048.0
104	211048.0
105	328614.0
106	328614.0
107	328614.0
108	328614.0
109	328614.0
110	287182.0
111	287182.0
112	287182.0
113	287182.0
114	287182.0
115	346780.0
116	346780.0
117	346780.0
118	346780.0
119	346780.0
120	472051.0
121	472051.0
122	472051.0
123	472051.0
124	472051.0
125	203415.0
126	203415.0
127	203415.0
128	203415.0
129	203415.0
130	82048.0
131	82048.0
132	82048.0
133	82048.0
134	82048.0
135	271478.0
136	271478.0
137	271478.0
138	271478.0
139	271478.0
140	117189.0
141	117189.0
142	117189.0
143	117189.0
144	117189.0
145	262200.0
146	262200.0
147	262200.0
148	262200.0
149	262200.0
150	772657.0
151	772657.0
152	772657.0
153	772657.0
154	772657.0
155	220485.0
156	220485.0
157	220485.0
158	220485.0
159	220485.0
160	597488.0
161	597488.0
162	597488.0
163	597488.0
164	597488.0
165	599239.0
166	599239.0
167	599239.0
168	599239.0
169	599239.0
170	747997.0
171	747997.0
172	747997.0
173	747997.0
174	747997.0
175	596488.0
176	596488.0
177	596488.0
178	596488.0
179	596488.0
180	199972.0
181	199972.0
182	199972.0
183	199972.0
184	199972.0
185	633417.0
186	633417.0
187	633417.0
188	633417.0
189	633417.0
190	349629.0
191	349629.0
192	349629.0
193	349629.0
194	349629.0
195	828363.0
196	828363.0
197	828363.0
198	828363.0
199	828363.0
200	84173.0
201	84173.0
202	84173.0
203	84173.0
204	84173.0
205	554640.0
206	554640.0
207	554640.0
208	554640.0
209	554640.0
210	838267.0
211	838267.0
212	838267.0
213	838267.0
214	838267.0
215	609782.0
216	609782.0
217	609782.0
218	609782.0
219	609782.0
220	573190.0
221	573190.0
222	573190.0
223	573190.0
224	573190.0
225	591225.0
226	591225.0
227	591225.0
228	591225.0
229	591225.0
230	131243.0
231	131243.0
232	131243.0
233	131243.0
234	131243.0
235	578075.0
236	578075.0
237	578075.0
238	578075.0
239	578075.0
240	364865.0
241	364865.0
242	364865.0
243	364865.0
244	364865.0
245	193478.0
246	193478.0
247	193478.0
248	193478.0
249	193478.0
