0	42063.0
1	42063.0
2	42063.0
3	42063.0
4	42063.0
5	187834.0
6	187834.0
7	187834.0
8	187834.0
9	187834.0
10	495570.0
11	495570.0
12	495570.0
13	495570.0
14	495570.0
15	62136.0
16	62136.0
17	62136.0
18	62136.0
19	62136.0
20	113860.0
21	113860.0
22	113860.0
23	113860.0
24	113860.0
25	808925.0
26	808925.0
27	808925.0
28	808925.0
29	808925.0
30	615243.0
31	615243.0
32	615243.0
33	615243.0
34	615243.0
35	604481.0
36	604481.0
37	604481.0
38	604481.0
39	604481.0
40	314441.0
41	314441.0
42	314441.0
43	314441.0
44	314441.0
45	64492.0
46	64492.0
47	64492.0
48	64492.0
49	64492.0
50	428200.0
51	428200.0
52	428200.0
53	428200.0
54	428200.0
55	28566.0
56	28566.0
57	28566.0
58	28566.0
59	28566.0
60	509815.0
61	509815.0
62	509815.0
63	509815.0
64	509815.0
65	435181.0
66	435181.0
67	435181.0
68	435181.0
69	435181.0
70	217486.0
71	217486.0
72	217486.0
73	217486.0
74	217486.0
75	509122.0
76	509122.0
77	509122.0
78	509122.0
79	509122.0
80	506876.0
81	506876.0
82	506876.0
83	506876.0
84	506876.0
85	195648.0
86	195648.0
87	195648.0
88	195648.0
89	195648.0
90	378322.0
91	378322.0
92	378322.0
93	378322.0
94	378322.0
95	803660.0
96	803660.0
97	803660.0
98	803660.0
99	803660.0
100	484904.0
101	484904.0
102	484904.0
103	484904.0
104	484904.0
105	276433.0
106	276433.0
107	276433.0
108	276433.0
109	276433.0
110	694675.0
111	694675.0
112	694675.0
113	694675.0
114	694675.0
115	606963.0
116	606963.0
117	606963.0
118	606963.0
119	606963.0
120	494469.0
121	494469.0
122	494469.0
123	494469.0
124	494469.0
125	533413.0
126	533413.0
127	533413.0
128	533413.0
129	533413.0
130	689351.0
131	689351.0
132	689351.0
133	689351.0
134	689351.0
135	248963.0
136	248963.0
137	248963.0
138	248963.0
139	248963.0
140	170934.0
141	170934.0
142	170934.0
143	170934.0
144	170934.0
145	260140.0
146	260140.0
147	260140.0
148	260140.0
149	260140.0
150	758954.0
151	758954.0
152	758954.0
153	758954.0
154	758954.0
155	682083.0
156	682083.0
157	682083.0
158	682083.0
159	682083.0
160	111129.0
161	111129.0
162	111129.0
163	111129.0
164	111129.0
165	715942.0
166	715942.0
167	715942.0
168	715942.0
169	715942.0
170	832459.0
171	832459.0
172	832459.0
173	832459.0
174	832459.0
175	194469.0
176	194469.0
177	194469.0
178	194469.0
179	194469.0
180	551620.0
181	551620.0
182	551620.0
183	551620.0
184	551620.0
185	302359.0
186	302359.0
187	302359.0
188	302359.0
189	302359.0
190	508152.0
191	508152.0
192	508152.0
193	508152.0
194	508152.0
195	827598.0
196	827598.0
197	827598.0
198	827598.0
199	827598.0
200	56234.0
201	56234.0
202	56234.0
203	56234.0
204	56234.0
205	796000.0
206	796000.0
207	796000.0
208	796000.0
209	796000.0
210	142834.0
211	142834.0
212	142834.0
213	142834.0
214	142834.0
215	607356.0
216	607356.0
217	607356.0
218	607356.0
219	607356.0
220	253477.0
221	253477.0
222	253477.0
223	253477.0
224	253477.0
225	639075.0
226	639075.0
227	639075.0
228	639075.0
229	639075.0
230	586767.0
231	586767.0
232	586767.0
233	586767.0
234	586767.0
235	576116.0
236	576116.0
237	576116.0
238	576116.0
239	576116.0
240	637128.0
241	637128.0
242	637128.0
243	637128.0
244	637128.0
245	163276.0
246	163276.0
247	163276.0
248	163276.0
249	163276.0
