0	618844.0
1	618844.0
2	618844.0
3	618844.0
4	618844.0
5	134226.0
6	134226.0
7	134226.0
8	134226.0
9	134226.0
10	811451.0
11	811451.0
12	811451.0
13	811451.0
14	811451.0
15	149280.0
16	149280.0
17	149280.0
18	149280.0
19	149280.0
20	149433.0
21	149433.0
22	149433.0
23	149433.0
24	149433.0
25	349402.0
26	349402.0
27	349402.0
28	349402.0
29	349402.0
30	489116.0
31	489116.0
32	489116.0
33	489116.0
34	489116.0
35	36211.0
36	36211.0
37	36211.0
38	36211.0
39	36211.0
40	559322.0
41	559322.0
42	559322.0
43	559322.0
44	559322.0
45	561559.0
46	561559.0
47	561559.0
48	561559.0
49	561559.0
50	541846.0
51	541846.0
52	541846.0
53	541846.0
54	541846.0
55	660491.0
56	660491.0
57	660491.0
58	660491.0
59	660491.0
60	724955.0
61	724955.0
62	724955.0
63	724955.0
64	724955.0
65	309173.0
66	309173.0
67	309173.0
68	309173.0
69	309173.0
70	118672.0
71	118672.0
72	118672.0
73	118672.0
74	118672.0
75	672463.0
76	672463.0
77	672463.0
78	672463.0
79	672463.0
80	440697.0
81	440697.0
82	440697.0
83	440697.0
84	440697.0
85	702296.0
86	702296.0
87	702296.0
88	702296.0
89	702296.0
90	829998.0
91	829998.0
92	829998.0
93	829998.0
94	829998.0
95	331437.0
96	331437.0
97	331437.0
98	331437.0
99	331437.0
100	742470.0
101	742470.0
102	742470.0
103	742470.0
104	742470.0
105	222164.0
106	222164.0
107	222164.0
108	222164.0
109	222164.0
110	760403.0
111	760403.0
112	760403.0
113	760403.0
114	760403.0
115	158853.0
116	158853.0
117	158853.0
118	158853.0
119	158853.0
120	490113.0
121	490113.0
122	490113.0
123	490113.0
124	490113.0
125	187042.0
126	187042.0
127	187042.0
128	187042.0
129	187042.0
130	557122.0
131	557122.0
132	557122.0
133	557122.0
134	557122.0
135	777250.0
136	777250.0
137	777250.0
138	777250.0
139	777250.0
140	327290.0
141	327290.0
142	327290.0
143	327290.0
144	327290.0
145	656496.0
146	656496.0
147	656496.0
148	656496.0
149	656496.0
150	742581.0
151	742581.0
152	742581.0
153	742581.0
154	742581.0
155	12790.0
156	12790.0
157	12790.0
158	12790.0
159	12790.0
160	457530.0
161	457530.0
162	457530.0
163	457530.0
164	457530.0
165	524830.0
166	524830.0
167	524830.0
168	524830.0
169	524830.0
170	73066.0
171	73066.0
172	73066.0
173	73066.0
174	73066.0
175	433057.0
176	433057.0
177	433057.0
178	433057.0
179	433057.0
180	169259.0
181	169259.0
182	169259.0
183	169259.0
184	169259.0
185	712613.0
186	712613.0
187	712613.0
188	712613.0
189	712613.0
190	400851.0
191	400851.0
192	400851.0
193	400851.0
194	400851.0
195	148790.0
196	148790.0
197	148790.0
198	148790.0
199	148790.0
200	132080.0
201	132080.0
202	132080.0
203	132080.0
204	132080.0
205	572198.0
206	572198.0
207	572198.0
208	572198.0
209	572198.0
210	371237.0
211	371237.0
212	371237.0
213	371237.0
214	371237.0
215	355797.0
216	355797.0
217	355797.0
218	355797.0
219	355797.0
220	643236.0
221	643236.0
222	643236.0
223	643236.0
224	643236.0
225	367480.0
226	367480.0
227	367480.0
228	367480.0
229	367480.0
230	447569.0
231	447569.0
232	447569.0
233	447569.0
234	447569.0
235	379122.0
236	379122.0
237	379122.0
238	379122.0
239	379122.0
240	534912.0
241	534912.0
242	534912.0
243	534912.0
244	534912.0
245	241111.0
246	241111.0
247	241111.0
248	241111.0
249	241111.0
