0	432855.0
1	432855.0
2	432855.0
3	432855.0
4	432855.0
5	397851.0
6	397851.0
7	397851.0
8	397851.0
9	397851.0
10	543110.0
11	543110.0
12	543110.0
13	543110.0
14	543110.0
15	719860.0
16	719860.0
17	719860.0
18	719860.0
19	719860.0
20	714225.0
21	714225.0
22	714225.0
23	714225.0
24	714225.0
25	225172.0
26	225172.0
27	225172.0
28	225172.0
29	225172.0
30	574296.0
31	574296.0
32	574296.0
33	574296.0
34	574296.0
35	589537.0
36	589537.0
37	589537.0
38	589537.0
39	589537.0
40	406833.0
41	406833.0
42	406833.0
43	406833.0
44	406833.0
45	148079.0
46	148079.0
47	148079.0
48	148079.0
49	148079.0
50	716268.0
51	716268.0
52	716268.0
53	716268.0
54	716268.0
55	769045.0
56	769045.0
57	769045.0
58	769045.0
59	769045.0
60	313065.0
61	313065.0
62	313065.0
63	313065.0
64	313065.0
65	701497.0
66	701497.0
67	701497.0
68	701497.0
69	701497.0
70	52321.0
71	52321.0
72	52321.0
73	52321.0
74	52321.0
75	294402.0
76	294402.0
77	294402.0
78	294402.0
79	294402.0
80	7325.0
81	7325.0
82	7325.0
83	7325.0
84	7325.0
85	416332.0
86	416332.0
87	416332.0
88	416332.0
89	416332.0
90	414535.0
91	414535.0
92	414535.0
93	414535.0
94	414535.0
95	499494.0
96	499494.0
97	499494.0
98	499494.0
99	499494.0
100	299327.0
101	299327.0
102	299327.0
103	299327.0
104	299327.0
105	91713.0
106	91713.0
107	91713.0
108	91713.0
109	91713.0
110	78097.0
111	78097.0
112	78097.0
113	78097.0
114	78097.0
115	182284.0
116	182284.0
117	182284.0
118	182284.0
119	182284.0
120	181097.0
121	181097.0
122	181097.0
123	181097.0
124	181097.0
125	422091.0
126	422091.0
127	422091.0
128	422091.0
129	422091.0
130	218289.0
131	218289.0
132	218289.0
133	218289.0
134	218289.0
135	627248.0
136	627248.0
137	627248.0
138	627248.0
139	627248.0
140	218241.0
141	218241.0
142	218241.0
143	218241.0
144	218241.0
145	95245.0
146	95245.0
147	95245.0
148	95245.0
149	95245.0
150	259549.0
151	259549.0
152	259549.0
153	259549.0
154	259549.0
155	404145.0
156	404145.0
157	404145.0
158	404145.0
159	404145.0
160	379659.0
161	379659.0
162	379659.0
163	379659.0
164	379659.0
165	285645.0
166	285645.0
167	285645.0
168	285645.0
169	285645.0
170	22136.0
171	22136.0
172	22136.0
173	22136.0
174	22136.0
175	306018.0
176	306018.0
177	306018.0
178	306018.0
179	306018.0
180	307366.0
181	307366.0
182	307366.0
183	307366.0
184	307366.0
185	516417.0
186	516417.0
187	516417.0
188	516417.0
189	516417.0
190	576483.0
191	576483.0
192	576483.0
193	576483.0
194	576483.0
195	539876.0
196	539876.0
197	539876.0
198	539876.0
199	539876.0
200	265141.0
201	265141.0
202	265141.0
203	265141.0
204	265141.0
205	275189.0
206	275189.0
207	275189.0
208	275189.0
209	275189.0
210	23879.0
211	23879.0
212	23879.0
213	23879.0
214	23879.0
215	72151.0
216	72151.0
217	72151.0
218	72151.0
219	72151.0
220	268653.0
221	268653.0
222	268653.0
223	268653.0
224	268653.0
225	29293.0
226	29293.0
227	29293.0
228	29293.0
229	29293.0
230	3473.0
231	3473.0
232	3473.0
233	3473.0
234	3473.0
235	55007.0
236	55007.0
237	55007.0
238	55007.0
239	55007.0
240	681326.0
241	681326.0
242	681326.0
243	681326.0
244	681326.0
245	548121.0
246	548121.0
247	548121.0
248	548121.0
249	548121.0
