0	370173.0
1	370173.0
2	370173.0
3	370173.0
4	370173.0
5	406614.0
6	406614.0
7	406614.0
8	406614.0
9	406614.0
10	210931.0
11	210931.0
12	210931.0
13	210931.0
14	210931.0
15	515543.0
16	515543.0
17	515543.0
18	515543.0
19	515543.0
20	751210.0
21	751210.0
22	751210.0
23	751210.0
24	751210.0
25	92388.0
26	92388.0
27	92388.0
28	92388.0
29	92388.0
30	44205.0
31	44205.0
32	44205.0
33	44205.0
34	44205.0
35	219933.0
36	219933.0
37	219933.0
38	219933.0
39	219933.0
40	606853.0
41	606853.0
42	606853.0
43	606853.0
44	606853.0
45	748497.0
46	748497.0
47	748497.0
48	748497.0
49	748497.0
50	164608.0
51	164608.0
52	164608.0
53	164608.0
54	164608.0
55	15993.0
56	15993.0
57	15993.0
58	15993.0
59	15993.0
60	430948.0
61	430948.0
62	430948.0
63	430948.0
64	430948.0
65	706399.0
66	706399.0
67	706399.0
68	706399.0
69	706399.0
70	209965.0
71	209965.0
72	209965.0
73	209965.0
74	209965.0
75	325088.0
76	325088.0
77	325088.0
78	325088.0
79	325088.0
80	61269.0
81	61269.0
82	61269.0
83	61269.0
84	61269.0
85	710363.0
86	710363.0
87	710363.0
88	710363.0
89	710363.0
90	460845.0
91	460845.0
92	460845.0
93	460845.0
94	460845.0
95	151570.0
96	151570.0
97	151570.0
98	151570.0
99	151570.0
100	45739.0
101	45739.0
102	45739.0
103	45739.0
104	45739.0
105	271923.0
106	271923.0
107	271923.0
108	271923.0
109	271923.0
110	595698.0
111	595698.0
112	595698.0
113	595698.0
114	595698.0
115	149020.0
116	149020.0
117	149020.0
118	149020.0
119	149020.0
120	712270.0
121	712270.0
122	712270.0
123	712270.0
124	712270.0
125	465314.0
126	465314.0
127	465314.0
128	465314.0
129	465314.0
130	356473.0
131	356473.0
132	356473.0
133	356473.0
134	356473.0
135	460213.0
136	460213.0
137	460213.0
138	460213.0
139	460213.0
140	288645.0
141	288645.0
142	288645.0
143	288645.0
144	288645.0
145	344832.0
146	344832.0
147	344832.0
148	344832.0
149	344832.0
150	292674.0
151	292674.0
152	292674.0
153	292674.0
154	292674.0
155	418456.0
156	418456.0
157	418456.0
158	418456.0
159	418456.0
160	443513.0
161	443513.0
162	443513.0
163	443513.0
164	443513.0
165	345958.0
166	345958.0
167	345958.0
168	345958.0
169	345958.0
170	479479.0
171	479479.0
172	479479.0
173	479479.0
174	479479.0
175	748963.0
176	748963.0
177	748963.0
178	748963.0
179	748963.0
180	732879.0
181	732879.0
182	732879.0
183	732879.0
184	732879.0
185	558607.0
186	558607.0
187	558607.0
188	558607.0
189	558607.0
190	59124.0
191	59124.0
192	59124.0
193	59124.0
194	59124.0
195	688789.0
196	688789.0
197	688789.0
198	688789.0
199	688789.0
200	642626.0
201	642626.0
202	642626.0
203	642626.0
204	642626.0
205	277915.0
206	277915.0
207	277915.0
208	277915.0
209	277915.0
210	150737.0
211	150737.0
212	150737.0
213	150737.0
214	150737.0
215	6218.0
216	6218.0
217	6218.0
218	6218.0
219	6218.0
220	51092.0
221	51092.0
222	51092.0
223	51092.0
224	51092.0
225	24164.0
226	24164.0
227	24164.0
228	24164.0
229	24164.0
230	95201.0
231	95201.0
232	95201.0
233	95201.0
234	95201.0
235	139538.0
236	139538.0
237	139538.0
238	139538.0
239	139538.0
240	367093.0
241	367093.0
242	367093.0
243	367093.0
244	367093.0
245	116467.0
246	116467.0
247	116467.0
248	116467.0
249	116467.0
