0	388603.0
1	388603.0
2	388603.0
3	388603.0
4	388603.0
5	722464.0
6	722464.0
7	722464.0
8	722464.0
9	722464.0
10	815813.0
11	815813.0
12	815813.0
13	815813.0
14	815813.0
15	839901.0
16	839901.0
17	839901.0
18	839901.0
19	839901.0
20	891050.0
21	891050.0
22	891050.0
23	891050.0
24	891050.0
25	115487.0
26	115487.0
27	115487.0
28	115487.0
29	115487.0
30	464323.0
31	464323.0
32	464323.0
33	464323.0
34	464323.0
35	219621.0
36	219621.0
37	219621.0
38	219621.0
39	219621.0
40	680165.0
41	680165.0
42	680165.0
43	680165.0
44	680165.0
45	346302.0
46	346302.0
47	346302.0
48	346302.0
49	346302.0
50	537203.0
51	537203.0
52	537203.0
53	537203.0
54	537203.0
55	29973.0
56	29973.0
57	29973.0
58	29973.0
59	29973.0
60	407175.0
61	407175.0
62	407175.0
63	407175.0
64	407175.0
65	141144.0
66	141144.0
67	141144.0
68	141144.0
69	141144.0
70	216887.0
71	216887.0
72	216887.0
73	216887.0
74	216887.0
75	789698.0
76	789698.0
77	789698.0
78	789698.0
79	789698.0
80	595458.0
81	595458.0
82	595458.0
83	595458.0
84	595458.0
85	323247.0
86	323247.0
87	323247.0
88	323247.0
89	323247.0
90	844808.0
91	844808.0
92	844808.0
93	844808.0
94	844808.0
95	429339.0
96	429339.0
97	429339.0
98	429339.0
99	429339.0
100	566796.0
101	566796.0
102	566796.0
103	566796.0
104	566796.0
105	303689.0
106	303689.0
107	303689.0
108	303689.0
109	303689.0
110	813991.0
111	813991.0
112	813991.0
113	813991.0
114	813991.0
115	492596.0
116	492596.0
117	492596.0
118	492596.0
119	492596.0
120	305106.0
121	305106.0
122	305106.0
123	305106.0
124	305106.0
125	174575.0
126	174575.0
127	174575.0
128	174575.0
129	174575.0
130	457083.0
131	457083.0
132	457083.0
133	457083.0
134	457083.0
135	919449.0
136	919449.0
137	919449.0
138	919449.0
139	919449.0
140	201900.0
141	201900.0
142	201900.0
143	201900.0
144	201900.0
145	300745.0
146	300745.0
147	300745.0
148	300745.0
149	300745.0
150	230967.0
151	230967.0
152	230967.0
153	230967.0
154	230967.0
155	90006.0
156	90006.0
157	90006.0
158	90006.0
159	90006.0
160	289156.0
161	289156.0
162	289156.0
163	289156.0
164	289156.0
165	192457.0
166	192457.0
167	192457.0
168	192457.0
169	192457.0
170	88632.0
171	88632.0
172	88632.0
173	88632.0
174	88632.0
175	280613.0
176	280613.0
177	280613.0
178	280613.0
179	280613.0
180	341049.0
181	341049.0
182	341049.0
183	341049.0
184	341049.0
185	573752.0
186	573752.0
187	573752.0
188	573752.0
189	573752.0
190	788490.0
191	788490.0
192	788490.0
193	788490.0
194	788490.0
195	140163.0
196	140163.0
197	140163.0
198	140163.0
199	140163.0
200	809783.0
201	809783.0
202	809783.0
203	809783.0
204	809783.0
205	562354.0
206	562354.0
207	562354.0
208	562354.0
209	562354.0
210	245788.0
211	245788.0
212	245788.0
213	245788.0
214	245788.0
215	452451.0
216	452451.0
217	452451.0
218	452451.0
219	452451.0
220	29308.0
221	29308.0
222	29308.0
223	29308.0
224	29308.0
225	35173.0
226	35173.0
227	35173.0
228	35173.0
229	35173.0
230	232918.0
231	232918.0
232	232918.0
233	232918.0
234	232918.0
235	453225.0
236	453225.0
237	453225.0
238	453225.0
239	453225.0
240	266139.0
241	266139.0
242	266139.0
243	266139.0
244	266139.0
245	232420.0
246	232420.0
247	232420.0
248	232420.0
249	232420.0
