0	635997.0
1	635997.0
2	635997.0
3	635997.0
4	635997.0
5	805884.0
6	805884.0
7	805884.0
8	805884.0
9	805884.0
10	759912.0
11	759912.0
12	759912.0
13	759912.0
14	759912.0
15	153643.0
16	153643.0
17	153643.0
18	153643.0
19	153643.0
20	365957.0
21	365957.0
22	365957.0
23	365957.0
24	365957.0
25	444453.0
26	444453.0
27	444453.0
28	444453.0
29	444453.0
30	157442.0
31	157442.0
32	157442.0
33	157442.0
34	157442.0
35	264311.0
36	264311.0
37	264311.0
38	264311.0
39	264311.0
40	683311.0
41	683311.0
42	683311.0
43	683311.0
44	683311.0
45	1429.0
46	1429.0
47	1429.0
48	1429.0
49	1429.0
50	99954.0
51	99954.0
52	99954.0
53	99954.0
54	99954.0
55	373600.0
56	373600.0
57	373600.0
58	373600.0
59	373600.0
60	841962.0
61	841962.0
62	841962.0
63	841962.0
64	841962.0
65	476351.0
66	476351.0
67	476351.0
68	476351.0
69	476351.0
70	606205.0
71	606205.0
72	606205.0
73	606205.0
74	606205.0
75	565071.0
76	565071.0
77	565071.0
78	565071.0
79	565071.0
80	384468.0
81	384468.0
82	384468.0
83	384468.0
84	384468.0
85	659285.0
86	659285.0
87	659285.0
88	659285.0
89	659285.0
90	85209.0
91	85209.0
92	85209.0
93	85209.0
94	85209.0
95	628618.0
96	628618.0
97	628618.0
98	628618.0
99	628618.0
100	69121.0
101	69121.0
102	69121.0
103	69121.0
104	69121.0
105	874267.0
106	874267.0
107	874267.0
108	874267.0
109	874267.0
110	597924.0
111	597924.0
112	597924.0
113	597924.0
114	597924.0
115	721288.0
116	721288.0
117	721288.0
118	721288.0
119	721288.0
120	836024.0
121	836024.0
122	836024.0
123	836024.0
124	836024.0
125	366279.0
126	366279.0
127	366279.0
128	366279.0
129	366279.0
130	24211.0
131	24211.0
132	24211.0
133	24211.0
134	24211.0
135	388053.0
136	388053.0
137	388053.0
138	388053.0
139	388053.0
140	760123.0
141	760123.0
142	760123.0
143	760123.0
144	760123.0
145	201302.0
146	201302.0
147	201302.0
148	201302.0
149	201302.0
150	4252.0
151	4252.0
152	4252.0
153	4252.0
154	4252.0
155	512926.0
156	512926.0
157	512926.0
158	512926.0
159	512926.0
160	687227.0
161	687227.0
162	687227.0
163	687227.0
164	687227.0
165	867250.0
166	867250.0
167	867250.0
168	867250.0
169	867250.0
170	133111.0
171	133111.0
172	133111.0
173	133111.0
174	133111.0
175	906564.0
176	906564.0
177	906564.0
178	906564.0
179	906564.0
180	513271.0
181	513271.0
182	513271.0
183	513271.0
184	513271.0
185	538459.0
186	538459.0
187	538459.0
188	538459.0
189	538459.0
190	421531.0
191	421531.0
192	421531.0
193	421531.0
194	421531.0
195	863671.0
196	863671.0
197	863671.0
198	863671.0
199	863671.0
200	87603.0
201	87603.0
202	87603.0
203	87603.0
204	87603.0
205	603685.0
206	603685.0
207	603685.0
208	603685.0
209	603685.0
210	720236.0
211	720236.0
212	720236.0
213	720236.0
214	720236.0
215	708456.0
216	708456.0
217	708456.0
218	708456.0
219	708456.0
220	579309.0
221	579309.0
222	579309.0
223	579309.0
224	579309.0
225	413106.0
226	413106.0
227	413106.0
228	413106.0
229	413106.0
230	447444.0
231	447444.0
232	447444.0
233	447444.0
234	447444.0
235	219620.0
236	219620.0
237	219620.0
238	219620.0
239	219620.0
240	294372.0
241	294372.0
242	294372.0
243	294372.0
244	294372.0
245	473529.0
246	473529.0
247	473529.0
248	473529.0
249	473529.0
