0	748926.0
1	748926.0
2	748926.0
3	748926.0
4	748926.0
5	23921.0
6	23921.0
7	23921.0
8	23921.0
9	23921.0
10	213230.0
11	213230.0
12	213230.0
13	213230.0
14	213230.0
15	487229.0
16	487229.0
17	487229.0
18	487229.0
19	487229.0
20	850888.0
21	850888.0
22	850888.0
23	850888.0
24	850888.0
25	235630.0
26	235630.0
27	235630.0
28	235630.0
29	235630.0
30	324998.0
31	324998.0
32	324998.0
33	324998.0
34	324998.0
35	179275.0
36	179275.0
37	179275.0
38	179275.0
39	179275.0
40	391452.0
41	391452.0
42	391452.0
43	391452.0
44	391452.0
45	553111.0
46	553111.0
47	553111.0
48	553111.0
49	553111.0
50	277816.0
51	277816.0
52	277816.0
53	277816.0
54	277816.0
55	338565.0
56	338565.0
57	338565.0
58	338565.0
59	338565.0
60	131501.0
61	131501.0
62	131501.0
63	131501.0
64	131501.0
65	917226.0
66	917226.0
67	917226.0
68	917226.0
69	917226.0
70	244455.0
71	244455.0
72	244455.0
73	244455.0
74	244455.0
75	324139.0
76	324139.0
77	324139.0
78	324139.0
79	324139.0
80	184800.0
81	184800.0
82	184800.0
83	184800.0
84	184800.0
85	336218.0
86	336218.0
87	336218.0
88	336218.0
89	336218.0
90	330841.0
91	330841.0
92	330841.0
93	330841.0
94	330841.0
95	247719.0
96	247719.0
97	247719.0
98	247719.0
99	247719.0
100	843967.0
101	843967.0
102	843967.0
103	843967.0
104	843967.0
105	420364.0
106	420364.0
107	420364.0
108	420364.0
109	420364.0
110	318828.0
111	318828.0
112	318828.0
113	318828.0
114	318828.0
115	624215.0
116	624215.0
117	624215.0
118	624215.0
119	624215.0
120	55529.0
121	55529.0
122	55529.0
123	55529.0
124	55529.0
125	708635.0
126	708635.0
127	708635.0
128	708635.0
129	708635.0
130	456388.0
131	456388.0
132	456388.0
133	456388.0
134	456388.0
135	631920.0
136	631920.0
137	631920.0
138	631920.0
139	631920.0
140	516911.0
141	516911.0
142	516911.0
143	516911.0
144	516911.0
145	760412.0
146	760412.0
147	760412.0
148	760412.0
149	760412.0
150	856504.0
151	856504.0
152	856504.0
153	856504.0
154	856504.0
155	600856.0
156	600856.0
157	600856.0
158	600856.0
159	600856.0
160	909642.0
161	909642.0
162	909642.0
163	909642.0
164	909642.0
165	142861.0
166	142861.0
167	142861.0
168	142861.0
169	142861.0
170	707134.0
171	707134.0
172	707134.0
173	707134.0
174	707134.0
175	289163.0
176	289163.0
177	289163.0
178	289163.0
179	289163.0
180	504289.0
181	504289.0
182	504289.0
183	504289.0
184	504289.0
185	504391.0
186	504391.0
187	504391.0
188	504391.0
189	504391.0
190	779036.0
191	779036.0
192	779036.0
193	779036.0
194	779036.0
195	297487.0
196	297487.0
197	297487.0
198	297487.0
199	297487.0
200	133425.0
201	133425.0
202	133425.0
203	133425.0
204	133425.0
205	13519.0
206	13519.0
207	13519.0
208	13519.0
209	13519.0
210	98751.0
211	98751.0
212	98751.0
213	98751.0
214	98751.0
215	102964.0
216	102964.0
217	102964.0
218	102964.0
219	102964.0
220	718395.0
221	718395.0
222	718395.0
223	718395.0
224	718395.0
225	213291.0
226	213291.0
227	213291.0
228	213291.0
229	213291.0
230	91034.0
231	91034.0
232	91034.0
233	91034.0
234	91034.0
235	888686.0
236	888686.0
237	888686.0
238	888686.0
239	888686.0
240	319511.0
241	319511.0
242	319511.0
243	319511.0
244	319511.0
245	192473.0
246	192473.0
247	192473.0
248	192473.0
249	192473.0
