0	147555.0
1	147555.0
2	147555.0
3	147555.0
4	147555.0
5	430890.0
6	430890.0
7	430890.0
8	430890.0
9	430890.0
10	291689.0
11	291689.0
12	291689.0
13	291689.0
14	291689.0
15	454430.0
16	454430.0
17	454430.0
18	454430.0
19	454430.0
20	191203.0
21	191203.0
22	191203.0
23	191203.0
24	191203.0
25	75465.0
26	75465.0
27	75465.0
28	75465.0
29	75465.0
30	98207.0
31	98207.0
32	98207.0
33	98207.0
34	98207.0
35	451122.0
36	451122.0
37	451122.0
38	451122.0
39	451122.0
40	220824.0
41	220824.0
42	220824.0
43	220824.0
44	220824.0
45	434780.0
46	434780.0
47	434780.0
48	434780.0
49	434780.0
50	545454.0
51	545454.0
52	545454.0
53	545454.0
54	545454.0
55	99194.0
56	99194.0
57	99194.0
58	99194.0
59	99194.0
60	57483.0
61	57483.0
62	57483.0
63	57483.0
64	57483.0
65	29259.0
66	29259.0
67	29259.0
68	29259.0
69	29259.0
70	154416.0
71	154416.0
72	154416.0
73	154416.0
74	154416.0
75	304768.0
76	304768.0
77	304768.0
78	304768.0
79	304768.0
80	551850.0
81	551850.0
82	551850.0
83	551850.0
84	551850.0
85	297075.0
86	297075.0
87	297075.0
88	297075.0
89	297075.0
90	176384.0
91	176384.0
92	176384.0
93	176384.0
94	176384.0
95	175554.0
96	175554.0
97	175554.0
98	175554.0
99	175554.0
100	67131.0
101	67131.0
102	67131.0
103	67131.0
104	67131.0
105	92467.0
106	92467.0
107	92467.0
108	92467.0
109	92467.0
110	399206.0
111	399206.0
112	399206.0
113	399206.0
114	399206.0
115	599581.0
116	599581.0
117	599581.0
118	599581.0
119	599581.0
120	256829.0
121	256829.0
122	256829.0
123	256829.0
124	256829.0
125	437302.0
126	437302.0
127	437302.0
128	437302.0
129	437302.0
130	152805.0
131	152805.0
132	152805.0
133	152805.0
134	152805.0
135	536047.0
136	536047.0
137	536047.0
138	536047.0
139	536047.0
140	341943.0
141	341943.0
142	341943.0
143	341943.0
144	341943.0
145	276265.0
146	276265.0
147	276265.0
148	276265.0
149	276265.0
150	101796.0
151	101796.0
152	101796.0
153	101796.0
154	101796.0
155	94191.0
156	94191.0
157	94191.0
158	94191.0
159	94191.0
160	405343.0
161	405343.0
162	405343.0
163	405343.0
164	405343.0
165	443448.0
166	443448.0
167	443448.0
168	443448.0
169	443448.0
170	311401.0
171	311401.0
172	311401.0
173	311401.0
174	311401.0
175	141103.0
176	141103.0
177	141103.0
178	141103.0
179	141103.0
180	102436.0
181	102436.0
182	102436.0
183	102436.0
184	102436.0
185	24029.0
186	24029.0
187	24029.0
188	24029.0
189	24029.0
190	382236.0
191	382236.0
192	382236.0
193	382236.0
194	382236.0
195	249747.0
196	249747.0
197	249747.0
198	249747.0
199	249747.0
200	341624.0
201	341624.0
202	341624.0
203	341624.0
204	341624.0
205	480826.0
206	480826.0
207	480826.0
208	480826.0
209	480826.0
210	223822.0
211	223822.0
212	223822.0
213	223822.0
214	223822.0
215	98992.0
216	98992.0
217	98992.0
218	98992.0
219	98992.0
220	38715.0
221	38715.0
222	38715.0
223	38715.0
224	38715.0
225	593214.0
226	593214.0
227	593214.0
228	593214.0
229	593214.0
230	97216.0
231	97216.0
232	97216.0
233	97216.0
234	97216.0
235	241812.0
236	241812.0
237	241812.0
238	241812.0
239	241812.0
240	304374.0
241	304374.0
242	304374.0
243	304374.0
244	304374.0
245	3979.0
246	3979.0
247	3979.0
248	3979.0
249	3979.0
