0	541135.0
1	541135.0
2	541135.0
3	541135.0
4	541135.0
5	365861.0
6	365861.0
7	365861.0
8	365861.0
9	365861.0
10	142207.0
11	142207.0
12	142207.0
13	142207.0
14	142207.0
15	236939.0
16	236939.0
17	236939.0
18	236939.0
19	236939.0
20	564433.0
21	564433.0
22	564433.0
23	564433.0
24	564433.0
25	145813.0
26	145813.0
27	145813.0
28	145813.0
29	145813.0
30	359803.0
31	359803.0
32	359803.0
33	359803.0
34	359803.0
35	345948.0
36	345948.0
37	345948.0
38	345948.0
39	345948.0
40	242311.0
41	242311.0
42	242311.0
43	242311.0
44	242311.0
45	91814.0
46	91814.0
47	91814.0
48	91814.0
49	91814.0
50	90318.0
51	90318.0
52	90318.0
53	90318.0
54	90318.0
55	371000.0
56	371000.0
57	371000.0
58	371000.0
59	371000.0
60	540266.0
61	540266.0
62	540266.0
63	540266.0
64	540266.0
65	131437.0
66	131437.0
67	131437.0
68	131437.0
69	131437.0
70	504259.0
71	504259.0
72	504259.0
73	504259.0
74	504259.0
75	607242.0
76	607242.0
77	607242.0
78	607242.0
79	607242.0
80	407819.0
81	407819.0
82	407819.0
83	407819.0
84	407819.0
85	181410.0
86	181410.0
87	181410.0
88	181410.0
89	181410.0
90	252446.0
91	252446.0
92	252446.0
93	252446.0
94	252446.0
95	614767.0
96	614767.0
97	614767.0
98	614767.0
99	614767.0
100	189798.0
101	189798.0
102	189798.0
103	189798.0
104	189798.0
105	522959.0
106	522959.0
107	522959.0
108	522959.0
109	522959.0
110	314135.0
111	314135.0
112	314135.0
113	314135.0
114	314135.0
115	459258.0
116	459258.0
117	459258.0
118	459258.0
119	459258.0
120	249820.0
121	249820.0
122	249820.0
123	249820.0
124	249820.0
125	141583.0
126	141583.0
127	141583.0
128	141583.0
129	141583.0
130	314581.0
131	314581.0
132	314581.0
133	314581.0
134	314581.0
135	497890.0
136	497890.0
137	497890.0
138	497890.0
139	497890.0
140	533836.0
141	533836.0
142	533836.0
143	533836.0
144	533836.0
145	304967.0
146	304967.0
147	304967.0
148	304967.0
149	304967.0
150	282338.0
151	282338.0
152	282338.0
153	282338.0
154	282338.0
155	24225.0
156	24225.0
157	24225.0
158	24225.0
159	24225.0
160	301182.0
161	301182.0
162	301182.0
163	301182.0
164	301182.0
165	290137.0
166	290137.0
167	290137.0
168	290137.0
169	290137.0
170	405783.0
171	405783.0
172	405783.0
173	405783.0
174	405783.0
175	528232.0
176	528232.0
177	528232.0
178	528232.0
179	528232.0
180	54162.0
181	54162.0
182	54162.0
183	54162.0
184	54162.0
185	12179.0
186	12179.0
187	12179.0
188	12179.0
189	12179.0
190	172462.0
191	172462.0
192	172462.0
193	172462.0
194	172462.0
195	149452.0
196	149452.0
197	149452.0
198	149452.0
199	149452.0
200	32431.0
201	32431.0
202	32431.0
203	32431.0
204	32431.0
205	120727.0
206	120727.0
207	120727.0
208	120727.0
209	120727.0
210	564158.0
211	564158.0
212	564158.0
213	564158.0
214	564158.0
215	391870.0
216	391870.0
217	391870.0
218	391870.0
219	391870.0
220	37586.0
221	37586.0
222	37586.0
223	37586.0
224	37586.0
225	270230.0
226	270230.0
227	270230.0
228	270230.0
229	270230.0
230	347494.0
231	347494.0
232	347494.0
233	347494.0
234	347494.0
235	282801.0
236	282801.0
237	282801.0
238	282801.0
239	282801.0
240	321723.0
241	321723.0
242	321723.0
243	321723.0
244	321723.0
245	429131.0
246	429131.0
247	429131.0
248	429131.0
249	429131.0
