0	601264.0
1	601264.0
2	601264.0
3	601264.0
4	601264.0
5	481800.0
6	481800.0
7	481800.0
8	481800.0
9	481800.0
10	386256.0
11	386256.0
12	386256.0
13	386256.0
14	386256.0
15	257739.0
16	257739.0
17	257739.0
18	257739.0
19	257739.0
20	317124.0
21	317124.0
22	317124.0
23	317124.0
24	317124.0
25	21892.0
26	21892.0
27	21892.0
28	21892.0
29	21892.0
30	6057.0
31	6057.0
32	6057.0
33	6057.0
34	6057.0
35	5904.0
36	5904.0
37	5904.0
38	5904.0
39	5904.0
40	18620.0
41	18620.0
42	18620.0
43	18620.0
44	18620.0
45	154544.0
46	154544.0
47	154544.0
48	154544.0
49	154544.0
50	612910.0
51	612910.0
52	612910.0
53	612910.0
54	612910.0
55	53681.0
56	53681.0
57	53681.0
58	53681.0
59	53681.0
60	463422.0
61	463422.0
62	463422.0
63	463422.0
64	463422.0
65	502933.0
66	502933.0
67	502933.0
68	502933.0
69	502933.0
70	601302.0
71	601302.0
72	601302.0
73	601302.0
74	601302.0
75	66061.0
76	66061.0
77	66061.0
78	66061.0
79	66061.0
80	68718.0
81	68718.0
82	68718.0
83	68718.0
84	68718.0
85	308216.0
86	308216.0
87	308216.0
88	308216.0
89	308216.0
90	283712.0
91	283712.0
92	283712.0
93	283712.0
94	283712.0
95	149354.0
96	149354.0
97	149354.0
98	149354.0
99	149354.0
100	251414.0
101	251414.0
102	251414.0
103	251414.0
104	251414.0
105	464465.0
106	464465.0
107	464465.0
108	464465.0
109	464465.0
110	191358.0
111	191358.0
112	191358.0
113	191358.0
114	191358.0
115	247159.0
116	247159.0
117	247159.0
118	247159.0
119	247159.0
120	62451.0
121	62451.0
122	62451.0
123	62451.0
124	62451.0
125	34264.0
126	34264.0
127	34264.0
128	34264.0
129	34264.0
130	169903.0
131	169903.0
132	169903.0
133	169903.0
134	169903.0
135	320466.0
136	320466.0
137	320466.0
138	320466.0
139	320466.0
140	123594.0
141	123594.0
142	123594.0
143	123594.0
144	123594.0
145	367319.0
146	367319.0
147	367319.0
148	367319.0
149	367319.0
150	277700.0
151	277700.0
152	277700.0
153	277700.0
154	277700.0
155	9091.0
156	9091.0
157	9091.0
158	9091.0
159	9091.0
160	57715.0
161	57715.0
162	57715.0
163	57715.0
164	57715.0
165	279868.0
166	279868.0
167	279868.0
168	279868.0
169	279868.0
170	363197.0
171	363197.0
172	363197.0
173	363197.0
174	363197.0
175	111619.0
176	111619.0
177	111619.0
178	111619.0
179	111619.0
180	520999.0
181	520999.0
182	520999.0
183	520999.0
184	520999.0
185	87321.0
186	87321.0
187	87321.0
188	87321.0
189	87321.0
190	481545.0
191	481545.0
192	481545.0
193	481545.0
194	481545.0
195	458984.0
196	458984.0
197	458984.0
198	458984.0
199	458984.0
200	499454.0
201	499454.0
202	499454.0
203	499454.0
204	499454.0
205	587716.0
206	587716.0
207	587716.0
208	587716.0
209	587716.0
210	83505.0
211	83505.0
212	83505.0
213	83505.0
214	83505.0
215	523977.0
216	523977.0
217	523977.0
218	523977.0
219	523977.0
220	520936.0
221	520936.0
222	520936.0
223	520936.0
224	520936.0
225	80149.0
226	80149.0
227	80149.0
228	80149.0
229	80149.0
230	419217.0
231	419217.0
232	419217.0
233	419217.0
234	419217.0
235	606943.0
236	606943.0
237	606943.0
238	606943.0
239	606943.0
240	88242.0
241	88242.0
242	88242.0
243	88242.0
244	88242.0
245	37762.0
246	37762.0
247	37762.0
248	37762.0
249	37762.0
