0	279864.0
1	279864.0
2	279864.0
3	279864.0
4	279864.0
5	313467.0
6	313467.0
7	313467.0
8	313467.0
9	313467.0
10	320123.0
11	320123.0
12	320123.0
13	320123.0
14	320123.0
15	416094.0
16	416094.0
17	416094.0
18	416094.0
19	416094.0
20	50219.0
21	50219.0
22	50219.0
23	50219.0
24	50219.0
25	355448.0
26	355448.0
27	355448.0
28	355448.0
29	355448.0
30	553875.0
31	553875.0
32	553875.0
33	553875.0
34	553875.0
35	391729.0
36	391729.0
37	391729.0
38	391729.0
39	391729.0
40	260458.0
41	260458.0
42	260458.0
43	260458.0
44	260458.0
45	534249.0
46	534249.0
47	534249.0
48	534249.0
49	534249.0
50	441468.0
51	441468.0
52	441468.0
53	441468.0
54	441468.0
55	607615.0
56	607615.0
57	607615.0
58	607615.0
59	607615.0
60	413209.0
61	413209.0
62	413209.0
63	413209.0
64	413209.0
65	252203.0
66	252203.0
67	252203.0
68	252203.0
69	252203.0
70	509284.0
71	509284.0
72	509284.0
73	509284.0
74	509284.0
75	390772.0
76	390772.0
77	390772.0
78	390772.0
79	390772.0
80	401115.0
81	401115.0
82	401115.0
83	401115.0
84	401115.0
85	297981.0
86	297981.0
87	297981.0
88	297981.0
89	297981.0
90	531830.0
91	531830.0
92	531830.0
93	531830.0
94	531830.0
95	124195.0
96	124195.0
97	124195.0
98	124195.0
99	124195.0
100	488019.0
101	488019.0
102	488019.0
103	488019.0
104	488019.0
105	460030.0
106	460030.0
107	460030.0
108	460030.0
109	460030.0
110	386600.0
111	386600.0
112	386600.0
113	386600.0
114	386600.0
115	146151.0
116	146151.0
117	146151.0
118	146151.0
119	146151.0
120	23386.0
121	23386.0
122	23386.0
123	23386.0
124	23386.0
125	437220.0
126	437220.0
127	437220.0
128	437220.0
129	437220.0
130	273461.0
131	273461.0
132	273461.0
133	273461.0
134	273461.0
135	527955.0
136	527955.0
137	527955.0
138	527955.0
139	527955.0
140	354427.0
141	354427.0
142	354427.0
143	354427.0
144	354427.0
145	161553.0
146	161553.0
147	161553.0
148	161553.0
149	161553.0
150	507650.0
151	507650.0
152	507650.0
153	507650.0
154	507650.0
155	296472.0
156	296472.0
157	296472.0
158	296472.0
159	296472.0
160	142738.0
161	142738.0
162	142738.0
163	142738.0
164	142738.0
165	415706.0
166	415706.0
167	415706.0
168	415706.0
169	415706.0
170	119748.0
171	119748.0
172	119748.0
173	119748.0
174	119748.0
175	107047.0
176	107047.0
177	107047.0
178	107047.0
179	107047.0
180	294078.0
181	294078.0
182	294078.0
183	294078.0
184	294078.0
185	175227.0
186	175227.0
187	175227.0
188	175227.0
189	175227.0
190	131356.0
191	131356.0
192	131356.0
193	131356.0
194	131356.0
195	9235.0
196	9235.0
197	9235.0
198	9235.0
199	9235.0
200	177994.0
201	177994.0
202	177994.0
203	177994.0
204	177994.0
205	105659.0
206	105659.0
207	105659.0
208	105659.0
209	105659.0
210	319068.0
211	319068.0
212	319068.0
213	319068.0
214	319068.0
215	167846.0
216	167846.0
217	167846.0
218	167846.0
219	167846.0
220	198498.0
221	198498.0
222	198498.0
223	198498.0
224	198498.0
225	154996.0
226	154996.0
227	154996.0
228	154996.0
229	154996.0
230	458990.0
231	458990.0
232	458990.0
233	458990.0
234	458990.0
235	582291.0
236	582291.0
237	582291.0
238	582291.0
239	582291.0
240	174513.0
241	174513.0
242	174513.0
243	174513.0
244	174513.0
245	514772.0
246	514772.0
247	514772.0
248	514772.0
249	514772.0
