0	550225.0
1	550225.0
2	550225.0
3	550225.0
4	550225.0
5	534105.0
6	534105.0
7	534105.0
8	534105.0
9	534105.0
10	457415.0
11	457415.0
12	457415.0
13	457415.0
14	457415.0
15	103791.0
16	103791.0
17	103791.0
18	103791.0
19	103791.0
20	244469.0
21	244469.0
22	244469.0
23	244469.0
24	244469.0
25	371294.0
26	371294.0
27	371294.0
28	371294.0
29	371294.0
30	482278.0
31	482278.0
32	482278.0
33	482278.0
34	482278.0
35	334780.0
36	334780.0
37	334780.0
38	334780.0
39	334780.0
40	512690.0
41	512690.0
42	512690.0
43	512690.0
44	512690.0
45	478548.0
46	478548.0
47	478548.0
48	478548.0
49	478548.0
50	517667.0
51	517667.0
52	517667.0
53	517667.0
54	517667.0
55	522110.0
56	522110.0
57	522110.0
58	522110.0
59	522110.0
60	193025.0
61	193025.0
62	193025.0
63	193025.0
64	193025.0
65	72637.0
66	72637.0
67	72637.0
68	72637.0
69	72637.0
70	105998.0
71	105998.0
72	105998.0
73	105998.0
74	105998.0
75	494381.0
76	494381.0
77	494381.0
78	494381.0
79	494381.0
80	367913.0
81	367913.0
82	367913.0
83	367913.0
84	367913.0
85	593946.0
86	593946.0
87	593946.0
88	593946.0
89	593946.0
90	137131.0
91	137131.0
92	137131.0
93	137131.0
94	137131.0
95	128923.0
96	128923.0
97	128923.0
98	128923.0
99	128923.0
100	525473.0
101	525473.0
102	525473.0
103	525473.0
104	525473.0
105	614459.0
106	614459.0
107	614459.0
108	614459.0
109	614459.0
110	519080.0
111	519080.0
112	519080.0
113	519080.0
114	519080.0
115	33137.0
116	33137.0
117	33137.0
118	33137.0
119	33137.0
120	503958.0
121	503958.0
122	503958.0
123	503958.0
124	503958.0
125	110039.0
126	110039.0
127	110039.0
128	110039.0
129	110039.0
130	87033.0
131	87033.0
132	87033.0
133	87033.0
134	87033.0
135	89747.0
136	89747.0
137	89747.0
138	89747.0
139	89747.0
140	392408.0
141	392408.0
142	392408.0
143	392408.0
144	392408.0
145	432555.0
146	432555.0
147	432555.0
148	432555.0
149	432555.0
150	413120.0
151	413120.0
152	413120.0
153	413120.0
154	413120.0
155	303717.0
156	303717.0
157	303717.0
158	303717.0
159	303717.0
160	480802.0
161	480802.0
162	480802.0
163	480802.0
164	480802.0
165	496664.0
166	496664.0
167	496664.0
168	496664.0
169	496664.0
170	269750.0
171	269750.0
172	269750.0
173	269750.0
174	269750.0
175	81158.0
176	81158.0
177	81158.0
178	81158.0
179	81158.0
180	76241.0
181	76241.0
182	76241.0
183	76241.0
184	76241.0
185	381236.0
186	381236.0
187	381236.0
188	381236.0
189	381236.0
190	159973.0
191	159973.0
192	159973.0
193	159973.0
194	159973.0
195	65976.0
196	65976.0
197	65976.0
198	65976.0
199	65976.0
200	655.0
201	655.0
202	655.0
203	655.0
204	655.0
205	604859.0
206	604859.0
207	604859.0
208	604859.0
209	604859.0
210	442052.0
211	442052.0
212	442052.0
213	442052.0
214	442052.0
215	588783.0
216	588783.0
217	588783.0
218	588783.0
219	588783.0
220	547539.0
221	547539.0
222	547539.0
223	547539.0
224	547539.0
225	161178.0
226	161178.0
227	161178.0
228	161178.0
229	161178.0
230	83935.0
231	83935.0
232	83935.0
233	83935.0
234	83935.0
235	336779.0
236	336779.0
237	336779.0
238	336779.0
239	336779.0
240	319952.0
241	319952.0
242	319952.0
243	319952.0
244	319952.0
245	116366.0
246	116366.0
247	116366.0
248	116366.0
249	116366.0
