0	131543.0
1	131543.0
2	131543.0
3	131543.0
4	131543.0
5	217882.0
6	217882.0
7	217882.0
8	217882.0
9	217882.0
10	76532.0
11	76532.0
12	76532.0
13	76532.0
14	76532.0
15	290076.0
16	290076.0
17	290076.0
18	290076.0
19	290076.0
20	83557.0
21	83557.0
22	83557.0
23	83557.0
24	83557.0
25	164480.0
26	164480.0
27	164480.0
28	164480.0
29	164480.0
30	295603.0
31	295603.0
32	295603.0
33	295603.0
34	295603.0
35	52098.0
36	52098.0
37	52098.0
38	52098.0
39	52098.0
40	335670.0
41	335670.0
42	335670.0
43	335670.0
44	335670.0
45	177324.0
46	177324.0
47	177324.0
48	177324.0
49	177324.0
50	21263.0
51	21263.0
52	21263.0
53	21263.0
54	21263.0
55	211194.0
56	211194.0
57	211194.0
58	211194.0
59	211194.0
60	324922.0
61	324922.0
62	324922.0
63	324922.0
64	324922.0
65	147975.0
66	147975.0
67	147975.0
68	147975.0
69	147975.0
70	247308.0
71	247308.0
72	247308.0
73	247308.0
74	247308.0
75	202202.0
76	202202.0
77	202202.0
78	202202.0
79	202202.0
80	52314.0
81	52314.0
82	52314.0
83	52314.0
84	52314.0
85	197376.0
86	197376.0
87	197376.0
88	197376.0
89	197376.0
90	74109.0
91	74109.0
92	74109.0
93	74109.0
94	74109.0
95	74824.0
96	74824.0
97	74824.0
98	74824.0
99	74824.0
100	224005.0
101	224005.0
102	224005.0
103	224005.0
104	224005.0
105	103066.0
106	103066.0
107	103066.0
108	103066.0
109	103066.0
110	251112.0
111	251112.0
112	251112.0
113	251112.0
114	251112.0
115	137749.0
116	137749.0
117	137749.0
118	137749.0
119	137749.0
120	122670.0
121	122670.0
122	122670.0
123	122670.0
124	122670.0
125	297152.0
126	297152.0
127	297152.0
128	297152.0
129	297152.0
130	190637.0
131	190637.0
132	190637.0
133	190637.0
134	190637.0
135	292950.0
136	292950.0
137	292950.0
138	292950.0
139	292950.0
140	276791.0
141	276791.0
142	276791.0
143	276791.0
144	276791.0
145	142779.0
146	142779.0
147	142779.0
148	142779.0
149	142779.0
150	198768.0
151	198768.0
152	198768.0
153	198768.0
154	198768.0
155	82737.0
156	82737.0
157	82737.0
158	82737.0
159	82737.0
160	253019.0
161	253019.0
162	253019.0
163	253019.0
164	253019.0
165	3047.0
166	3047.0
167	3047.0
168	3047.0
169	3047.0
170	183938.0
171	183938.0
172	183938.0
173	183938.0
174	183938.0
175	228943.0
176	228943.0
177	228943.0
178	228943.0
179	228943.0
180	163688.0
181	163688.0
182	163688.0
183	163688.0
184	163688.0
185	242141.0
186	242141.0
187	242141.0
188	242141.0
189	242141.0
190	150086.0
191	150086.0
192	150086.0
193	150086.0
194	150086.0
195	24751.0
196	24751.0
197	24751.0
198	24751.0
199	24751.0
200	183922.0
201	183922.0
202	183922.0
203	183922.0
204	183922.0
205	312764.0
206	312764.0
207	312764.0
208	312764.0
209	312764.0
210	59133.0
211	59133.0
212	59133.0
213	59133.0
214	59133.0
215	5397.0
216	5397.0
217	5397.0
218	5397.0
219	5397.0
220	49578.0
221	49578.0
222	49578.0
223	49578.0
224	49578.0
225	52943.0
226	52943.0
227	52943.0
228	52943.0
229	52943.0
230	280596.0
231	280596.0
232	280596.0
233	280596.0
234	280596.0
235	52467.0
236	52467.0
237	52467.0
238	52467.0
239	52467.0
240	288323.0
241	288323.0
242	288323.0
243	288323.0
244	288323.0
245	236709.0
246	236709.0
247	236709.0
248	236709.0
249	236709.0
