0	161904.0
1	161904.0
2	161904.0
3	161904.0
4	161904.0
5	13577.0
6	13577.0
7	13577.0
8	13577.0
9	13577.0
10	144763.0
11	144763.0
12	144763.0
13	144763.0
14	144763.0
15	81043.0
16	81043.0
17	81043.0
18	81043.0
19	81043.0
20	336998.0
21	336998.0
22	336998.0
23	336998.0
24	336998.0
25	45851.0
26	45851.0
27	45851.0
28	45851.0
29	45851.0
30	129761.0
31	129761.0
32	129761.0
33	129761.0
34	129761.0
35	314182.0
36	314182.0
37	314182.0
38	314182.0
39	314182.0
40	124910.0
41	124910.0
42	124910.0
43	124910.0
44	124910.0
45	234935.0
46	234935.0
47	234935.0
48	234935.0
49	234935.0
50	171753.0
51	171753.0
52	171753.0
53	171753.0
54	171753.0
55	291.0
56	291.0
57	291.0
58	291.0
59	291.0
60	27955.0
61	27955.0
62	27955.0
63	27955.0
64	27955.0
65	14600.0
66	14600.0
67	14600.0
68	14600.0
69	14600.0
70	162158.0
71	162158.0
72	162158.0
73	162158.0
74	162158.0
75	77592.0
76	77592.0
77	77592.0
78	77592.0
79	77592.0
80	335397.0
81	335397.0
82	335397.0
83	335397.0
84	335397.0
85	55903.0
86	55903.0
87	55903.0
88	55903.0
89	55903.0
90	55841.0
91	55841.0
92	55841.0
93	55841.0
94	55841.0
95	304792.0
96	304792.0
97	304792.0
98	304792.0
99	304792.0
100	312866.0
101	312866.0
102	312866.0
103	312866.0
104	312866.0
105	142414.0
106	142414.0
107	142414.0
108	142414.0
109	142414.0
110	658.0
111	658.0
112	658.0
113	658.0
114	658.0
115	90959.0
116	90959.0
117	90959.0
118	90959.0
119	90959.0
120	77917.0
121	77917.0
122	77917.0
123	77917.0
124	77917.0
125	110825.0
126	110825.0
127	110825.0
128	110825.0
129	110825.0
130	100014.0
131	100014.0
132	100014.0
133	100014.0
134	100014.0
135	289984.0
136	289984.0
137	289984.0
138	289984.0
139	289984.0
140	77362.0
141	77362.0
142	77362.0
143	77362.0
144	77362.0
145	174426.0
146	174426.0
147	174426.0
148	174426.0
149	174426.0
150	296279.0
151	296279.0
152	296279.0
153	296279.0
154	296279.0
155	145517.0
156	145517.0
157	145517.0
158	145517.0
159	145517.0
160	200169.0
161	200169.0
162	200169.0
163	200169.0
164	200169.0
165	61221.0
166	61221.0
167	61221.0
168	61221.0
169	61221.0
170	7304.0
171	7304.0
172	7304.0
173	7304.0
174	7304.0
175	300049.0
176	300049.0
177	300049.0
178	300049.0
179	300049.0
180	288174.0
181	288174.0
182	288174.0
183	288174.0
184	288174.0
185	40341.0
186	40341.0
187	40341.0
188	40341.0
189	40341.0
190	85220.0
191	85220.0
192	85220.0
193	85220.0
194	85220.0
195	171520.0
196	171520.0
197	171520.0
198	171520.0
199	171520.0
200	208929.0
201	208929.0
202	208929.0
203	208929.0
204	208929.0
205	23623.0
206	23623.0
207	23623.0
208	23623.0
209	23623.0
210	278886.0
211	278886.0
212	278886.0
213	278886.0
214	278886.0
215	170365.0
216	170365.0
217	170365.0
218	170365.0
219	170365.0
220	152262.0
221	152262.0
222	152262.0
223	152262.0
224	152262.0
225	314585.0
226	314585.0
227	314585.0
228	314585.0
229	314585.0
230	122513.0
231	122513.0
232	122513.0
233	122513.0
234	122513.0
235	27283.0
236	27283.0
237	27283.0
238	27283.0
239	27283.0
240	176500.0
241	176500.0
242	176500.0
243	176500.0
244	176500.0
245	35370.0
246	35370.0
247	35370.0
248	35370.0
249	35370.0
