0	104465.0
1	104465.0
2	104465.0
3	104465.0
4	104465.0
5	282682.0
6	282682.0
7	282682.0
8	282682.0
9	282682.0
10	109104.0
11	109104.0
12	109104.0
13	109104.0
14	109104.0
15	166703.0
16	166703.0
17	166703.0
18	166703.0
19	166703.0
20	236505.0
21	236505.0
22	236505.0
23	236505.0
24	236505.0
25	95943.0
26	95943.0
27	95943.0
28	95943.0
29	95943.0
30	280438.0
31	280438.0
32	280438.0
33	280438.0
34	280438.0
35	303722.0
36	303722.0
37	303722.0
38	303722.0
39	303722.0
40	203436.0
41	203436.0
42	203436.0
43	203436.0
44	203436.0
45	253198.0
46	253198.0
47	253198.0
48	253198.0
49	253198.0
50	101968.0
51	101968.0
52	101968.0
53	101968.0
54	101968.0
55	69901.0
56	69901.0
57	69901.0
58	69901.0
59	69901.0
60	84412.0
61	84412.0
62	84412.0
63	84412.0
64	84412.0
65	197094.0
66	197094.0
67	197094.0
68	197094.0
69	197094.0
70	26933.0
71	26933.0
72	26933.0
73	26933.0
74	26933.0
75	323392.0
76	323392.0
77	323392.0
78	323392.0
79	323392.0
80	189378.0
81	189378.0
82	189378.0
83	189378.0
84	189378.0
85	239747.0
86	239747.0
87	239747.0
88	239747.0
89	239747.0
90	39142.0
91	39142.0
92	39142.0
93	39142.0
94	39142.0
95	86283.0
96	86283.0
97	86283.0
98	86283.0
99	86283.0
100	119055.0
101	119055.0
102	119055.0
103	119055.0
104	119055.0
105	250587.0
106	250587.0
107	250587.0
108	250587.0
109	250587.0
110	59366.0
111	59366.0
112	59366.0
113	59366.0
114	59366.0
115	55538.0
116	55538.0
117	55538.0
118	55538.0
119	55538.0
120	59754.0
121	59754.0
122	59754.0
123	59754.0
124	59754.0
125	244286.0
126	244286.0
127	244286.0
128	244286.0
129	244286.0
130	312355.0
131	312355.0
132	312355.0
133	312355.0
134	312355.0
135	167291.0
136	167291.0
137	167291.0
138	167291.0
139	167291.0
140	57372.0
141	57372.0
142	57372.0
143	57372.0
144	57372.0
145	217386.0
146	217386.0
147	217386.0
148	217386.0
149	217386.0
150	329684.0
151	329684.0
152	329684.0
153	329684.0
154	329684.0
155	6058.0
156	6058.0
157	6058.0
158	6058.0
159	6058.0
160	227557.0
161	227557.0
162	227557.0
163	227557.0
164	227557.0
165	97993.0
166	97993.0
167	97993.0
168	97993.0
169	97993.0
170	318499.0
171	318499.0
172	318499.0
173	318499.0
174	318499.0
175	166267.0
176	166267.0
177	166267.0
178	166267.0
179	166267.0
180	153690.0
181	153690.0
182	153690.0
183	153690.0
184	153690.0
185	252724.0
186	252724.0
187	252724.0
188	252724.0
189	252724.0
190	131272.0
191	131272.0
192	131272.0
193	131272.0
194	131272.0
195	328652.0
196	328652.0
197	328652.0
198	328652.0
199	328652.0
200	122900.0
201	122900.0
202	122900.0
203	122900.0
204	122900.0
205	282351.0
206	282351.0
207	282351.0
208	282351.0
209	282351.0
210	127581.0
211	127581.0
212	127581.0
213	127581.0
214	127581.0
215	157127.0
216	157127.0
217	157127.0
218	157127.0
219	157127.0
220	199458.0
221	199458.0
222	199458.0
223	199458.0
224	199458.0
225	280510.0
226	280510.0
227	280510.0
228	280510.0
229	280510.0
230	170542.0
231	170542.0
232	170542.0
233	170542.0
234	170542.0
235	229979.0
236	229979.0
237	229979.0
238	229979.0
239	229979.0
240	175003.0
241	175003.0
242	175003.0
243	175003.0
244	175003.0
245	283723.0
246	283723.0
247	283723.0
248	283723.0
249	283723.0
