0	41948.0
1	41948.0
2	41948.0
3	41948.0
4	41948.0
5	137151.0
6	137151.0
7	137151.0
8	137151.0
9	137151.0
10	125346.0
11	125346.0
12	125346.0
13	125346.0
14	125346.0
15	82078.0
16	82078.0
17	82078.0
18	82078.0
19	82078.0
20	101694.0
21	101694.0
22	101694.0
23	101694.0
24	101694.0
25	60575.0
26	60575.0
27	60575.0
28	60575.0
29	60575.0
30	119760.0
31	119760.0
32	119760.0
33	119760.0
34	119760.0
35	44965.0
36	44965.0
37	44965.0
38	44965.0
39	44965.0
40	74438.0
41	74438.0
42	74438.0
43	74438.0
44	74438.0
45	105994.0
46	105994.0
47	105994.0
48	105994.0
49	105994.0
50	100666.0
51	100666.0
52	100666.0
53	100666.0
54	100666.0
55	90518.0
56	90518.0
57	90518.0
58	90518.0
59	90518.0
60	10691.0
61	10691.0
62	10691.0
63	10691.0
64	10691.0
65	92927.0
66	92927.0
67	92927.0
68	92927.0
69	92927.0
70	6792.0
71	6792.0
72	6792.0
73	6792.0
74	6792.0
75	5783.0
76	5783.0
77	5783.0
78	5783.0
79	5783.0
80	86266.0
81	86266.0
82	86266.0
83	86266.0
84	86266.0
85	87286.0
86	87286.0
87	87286.0
88	87286.0
89	87286.0
90	12161.0
91	12161.0
92	12161.0
93	12161.0
94	12161.0
95	29888.0
96	29888.0
97	29888.0
98	29888.0
99	29888.0
100	8479.0
101	8479.0
102	8479.0
103	8479.0
104	8479.0
105	78935.0
106	78935.0
107	78935.0
108	78935.0
109	78935.0
110	123465.0
111	123465.0
112	123465.0
113	123465.0
114	123465.0
115	72066.0
116	72066.0
117	72066.0
118	72066.0
119	72066.0
120	107049.0
121	107049.0
122	107049.0
123	107049.0
124	107049.0
125	65862.0
126	65862.0
127	65862.0
128	65862.0
129	65862.0
130	134543.0
131	134543.0
132	134543.0
133	134543.0
134	134543.0
135	129301.0
136	129301.0
137	129301.0
138	129301.0
139	129301.0
140	13176.0
141	13176.0
142	13176.0
143	13176.0
144	13176.0
145	80545.0
146	80545.0
147	80545.0
148	80545.0
149	80545.0
150	37948.0
151	37948.0
152	37948.0
153	37948.0
154	37948.0
155	51131.0
156	51131.0
157	51131.0
158	51131.0
159	51131.0
160	137527.0
161	137527.0
162	137527.0
163	137527.0
164	137527.0
165	67699.0
166	67699.0
167	67699.0
168	67699.0
169	67699.0
170	101131.0
171	101131.0
172	101131.0
173	101131.0
174	101131.0
175	71881.0
176	71881.0
177	71881.0
178	71881.0
179	71881.0
180	138545.0
181	138545.0
182	138545.0
183	138545.0
184	138545.0
185	110074.0
186	110074.0
187	110074.0
188	110074.0
189	110074.0
190	36100.0
191	36100.0
192	36100.0
193	36100.0
194	36100.0
195	4331.0
196	4331.0
197	4331.0
198	4331.0
199	4331.0
200	107193.0
201	107193.0
202	107193.0
203	107193.0
204	107193.0
205	24956.0
206	24956.0
207	24956.0
208	24956.0
209	24956.0
210	111900.0
211	111900.0
212	111900.0
213	111900.0
214	111900.0
215	122262.0
216	122262.0
217	122262.0
218	122262.0
219	122262.0
220	71071.0
221	71071.0
222	71071.0
223	71071.0
224	71071.0
225	125466.0
226	125466.0
227	125466.0
228	125466.0
229	125466.0
230	17946.0
231	17946.0
232	17946.0
233	17946.0
234	17946.0
235	138177.0
236	138177.0
237	138177.0
238	138177.0
239	138177.0
240	105085.0
241	105085.0
242	105085.0
243	105085.0
244	105085.0
245	30143.0
246	30143.0
247	30143.0
248	30143.0
249	30143.0
