0	108981.0
1	108981.0
2	108981.0
3	108981.0
4	108981.0
5	34749.0
6	34749.0
7	34749.0
8	34749.0
9	34749.0
10	12972.0
11	12972.0
12	12972.0
13	12972.0
14	12972.0
15	92321.0
16	92321.0
17	92321.0
18	92321.0
19	92321.0
20	8729.0
21	8729.0
22	8729.0
23	8729.0
24	8729.0
25	6632.0
26	6632.0
27	6632.0
28	6632.0
29	6632.0
30	131326.0
31	131326.0
32	131326.0
33	131326.0
34	131326.0
35	60511.0
36	60511.0
37	60511.0
38	60511.0
39	60511.0
40	137506.0
41	137506.0
42	137506.0
43	137506.0
44	137506.0
45	21933.0
46	21933.0
47	21933.0
48	21933.0
49	21933.0
50	102542.0
51	102542.0
52	102542.0
53	102542.0
54	102542.0
55	117315.0
56	117315.0
57	117315.0
58	117315.0
59	117315.0
60	89897.0
61	89897.0
62	89897.0
63	89897.0
64	89897.0
65	89928.0
66	89928.0
67	89928.0
68	89928.0
69	89928.0
70	101703.0
71	101703.0
72	101703.0
73	101703.0
74	101703.0
75	126500.0
76	126500.0
77	126500.0
78	126500.0
79	126500.0
80	106825.0
81	106825.0
82	106825.0
83	106825.0
84	106825.0
85	109687.0
86	109687.0
87	109687.0
88	109687.0
89	109687.0
90	66967.0
91	66967.0
92	66967.0
93	66967.0
94	66967.0
95	17343.0
96	17343.0
97	17343.0
98	17343.0
99	17343.0
100	66345.0
101	66345.0
102	66345.0
103	66345.0
104	66345.0
105	40740.0
106	40740.0
107	40740.0
108	40740.0
109	40740.0
110	137372.0
111	137372.0
112	137372.0
113	137372.0
114	137372.0
115	31128.0
116	31128.0
117	31128.0
118	31128.0
119	31128.0
120	22855.0
121	22855.0
122	22855.0
123	22855.0
124	22855.0
125	137045.0
126	137045.0
127	137045.0
128	137045.0
129	137045.0
130	86681.0
131	86681.0
132	86681.0
133	86681.0
134	86681.0
135	81530.0
136	81530.0
137	81530.0
138	81530.0
139	81530.0
140	31052.0
141	31052.0
142	31052.0
143	31052.0
144	31052.0
145	66227.0
146	66227.0
147	66227.0
148	66227.0
149	66227.0
150	103622.0
151	103622.0
152	103622.0
153	103622.0
154	103622.0
155	116191.0
156	116191.0
157	116191.0
158	116191.0
159	116191.0
160	131961.0
161	131961.0
162	131961.0
163	131961.0
164	131961.0
165	68552.0
166	68552.0
167	68552.0
168	68552.0
169	68552.0
170	2753.0
171	2753.0
172	2753.0
173	2753.0
174	2753.0
175	56796.0
176	56796.0
177	56796.0
178	56796.0
179	56796.0
180	39552.0
181	39552.0
182	39552.0
183	39552.0
184	39552.0
185	13169.0
186	13169.0
187	13169.0
188	13169.0
189	13169.0
190	101530.0
191	101530.0
192	101530.0
193	101530.0
194	101530.0
195	6236.0
196	6236.0
197	6236.0
198	6236.0
199	6236.0
200	89211.0
201	89211.0
202	89211.0
203	89211.0
204	89211.0
205	133005.0
206	133005.0
207	133005.0
208	133005.0
209	133005.0
210	27674.0
211	27674.0
212	27674.0
213	27674.0
214	27674.0
215	3972.0
216	3972.0
217	3972.0
218	3972.0
219	3972.0
220	60950.0
221	60950.0
222	60950.0
223	60950.0
224	60950.0
225	118592.0
226	118592.0
227	118592.0
228	118592.0
229	118592.0
230	77006.0
231	77006.0
232	77006.0
233	77006.0
234	77006.0
235	98814.0
236	98814.0
237	98814.0
238	98814.0
239	98814.0
240	142250.0
241	142250.0
242	142250.0
243	142250.0
244	142250.0
245	22333.0
246	22333.0
247	22333.0
248	22333.0
249	22333.0
