0	110050.0
1	110050.0
2	110050.0
3	110050.0
4	110050.0
5	61574.0
6	61574.0
7	61574.0
8	61574.0
9	61574.0
10	123906.0
11	123906.0
12	123906.0
13	123906.0
14	123906.0
15	3335.0
16	3335.0
17	3335.0
18	3335.0
19	3335.0
20	112449.0
21	112449.0
22	112449.0
23	112449.0
24	112449.0
25	22725.0
26	22725.0
27	22725.0
28	22725.0
29	22725.0
30	10119.0
31	10119.0
32	10119.0
33	10119.0
34	10119.0
35	59786.0
36	59786.0
37	59786.0
38	59786.0
39	59786.0
40	64110.0
41	64110.0
42	64110.0
43	64110.0
44	64110.0
45	91027.0
46	91027.0
47	91027.0
48	91027.0
49	91027.0
50	116037.0
51	116037.0
52	116037.0
53	116037.0
54	116037.0
55	65251.0
56	65251.0
57	65251.0
58	65251.0
59	65251.0
60	2.0
61	2.0
62	2.0
63	2.0
64	2.0
65	2965.0
66	2965.0
67	2965.0
68	2965.0
69	2965.0
70	1833.0
71	1833.0
72	1833.0
73	1833.0
74	1833.0
75	67283.0
76	67283.0
77	67283.0
78	67283.0
79	67283.0
80	20703.0
81	20703.0
82	20703.0
83	20703.0
84	20703.0
85	39464.0
86	39464.0
87	39464.0
88	39464.0
89	39464.0
90	19126.0
91	19126.0
92	19126.0
93	19126.0
94	19126.0
95	21377.0
96	21377.0
97	21377.0
98	21377.0
99	21377.0
100	129989.0
101	129989.0
102	129989.0
103	129989.0
104	129989.0
105	64642.0
106	64642.0
107	64642.0
108	64642.0
109	64642.0
110	15071.0
111	15071.0
112	15071.0
113	15071.0
114	15071.0
115	41271.0
116	41271.0
117	41271.0
118	41271.0
119	41271.0
120	106483.0
121	106483.0
122	106483.0
123	106483.0
124	106483.0
125	117437.0
126	117437.0
127	117437.0
128	117437.0
129	117437.0
130	80869.0
131	80869.0
132	80869.0
133	80869.0
134	80869.0
135	133957.0
136	133957.0
137	133957.0
138	133957.0
139	133957.0
140	83088.0
141	83088.0
142	83088.0
143	83088.0
144	83088.0
145	60651.0
146	60651.0
147	60651.0
148	60651.0
149	60651.0
150	29090.0
151	29090.0
152	29090.0
153	29090.0
154	29090.0
155	108851.0
156	108851.0
157	108851.0
158	108851.0
159	108851.0
160	137849.0
161	137849.0
162	137849.0
163	137849.0
164	137849.0
165	86503.0
166	86503.0
167	86503.0
168	86503.0
169	86503.0
170	119241.0
171	119241.0
172	119241.0
173	119241.0
174	119241.0
175	34472.0
176	34472.0
177	34472.0
178	34472.0
179	34472.0
180	127183.0
181	127183.0
182	127183.0
183	127183.0
184	127183.0
185	2814.0
186	2814.0
187	2814.0
188	2814.0
189	2814.0
190	154.0
191	154.0
192	154.0
193	154.0
194	154.0
195	60723.0
196	60723.0
197	60723.0
198	60723.0
199	60723.0
200	89864.0
201	89864.0
202	89864.0
203	89864.0
204	89864.0
205	89685.0
206	89685.0
207	89685.0
208	89685.0
209	89685.0
210	138521.0
211	138521.0
212	138521.0
213	138521.0
214	138521.0
215	36621.0
216	36621.0
217	36621.0
218	36621.0
219	36621.0
220	30369.0
221	30369.0
222	30369.0
223	30369.0
224	30369.0
225	135154.0
226	135154.0
227	135154.0
228	135154.0
229	135154.0
230	10674.0
231	10674.0
232	10674.0
233	10674.0
234	10674.0
235	46850.0
236	46850.0
237	46850.0
238	46850.0
239	46850.0
240	69336.0
241	69336.0
242	69336.0
243	69336.0
244	69336.0
245	74279.0
246	74279.0
247	74279.0
248	74279.0
249	74279.0
