0	34196.0
1	34196.0
2	34196.0
3	34196.0
4	34196.0
5	22536.0
6	22536.0
7	22536.0
8	22536.0
9	22536.0
10	1746.0
11	1746.0
12	1746.0
13	1746.0
14	1746.0
15	55830.0
16	55830.0
17	55830.0
18	55830.0
19	55830.0
20	81729.0
21	81729.0
22	81729.0
23	81729.0
24	81729.0
25	710.0
26	710.0
27	710.0
28	710.0
29	710.0
30	50041.0
31	50041.0
32	50041.0
33	50041.0
34	50041.0
35	135668.0
36	135668.0
37	135668.0
38	135668.0
39	135668.0
40	30422.0
41	30422.0
42	30422.0
43	30422.0
44	30422.0
45	86077.0
46	86077.0
47	86077.0
48	86077.0
49	86077.0
50	68008.0
51	68008.0
52	68008.0
53	68008.0
54	68008.0
55	114510.0
56	114510.0
57	114510.0
58	114510.0
59	114510.0
60	68678.0
61	68678.0
62	68678.0
63	68678.0
64	68678.0
65	26440.0
66	26440.0
67	26440.0
68	26440.0
69	26440.0
70	14406.0
71	14406.0
72	14406.0
73	14406.0
74	14406.0
75	131444.0
76	131444.0
77	131444.0
78	131444.0
79	131444.0
80	141161.0
81	141161.0
82	141161.0
83	141161.0
84	141161.0
85	98566.0
86	98566.0
87	98566.0
88	98566.0
89	98566.0
90	56774.0
91	56774.0
92	56774.0
93	56774.0
94	56774.0
95	38402.0
96	38402.0
97	38402.0
98	38402.0
99	38402.0
100	74143.0
101	74143.0
102	74143.0
103	74143.0
104	74143.0
105	70069.0
106	70069.0
107	70069.0
108	70069.0
109	70069.0
110	132996.0
111	132996.0
112	132996.0
113	132996.0
114	132996.0
115	79488.0
116	79488.0
117	79488.0
118	79488.0
119	79488.0
120	23347.0
121	23347.0
122	23347.0
123	23347.0
124	23347.0
125	69336.0
126	69336.0
127	69336.0
128	69336.0
129	69336.0
130	130934.0
131	130934.0
132	130934.0
133	130934.0
134	130934.0
135	46063.0
136	46063.0
137	46063.0
138	46063.0
139	46063.0
140	54968.0
141	54968.0
142	54968.0
143	54968.0
144	54968.0
145	3528.0
146	3528.0
147	3528.0
148	3528.0
149	3528.0
150	76369.0
151	76369.0
152	76369.0
153	76369.0
154	76369.0
155	57177.0
156	57177.0
157	57177.0
158	57177.0
159	57177.0
160	46065.0
161	46065.0
162	46065.0
163	46065.0
164	46065.0
165	59329.0
166	59329.0
167	59329.0
168	59329.0
169	59329.0
170	36947.0
171	36947.0
172	36947.0
173	36947.0
174	36947.0
175	139292.0
176	139292.0
177	139292.0
178	139292.0
179	139292.0
180	82078.0
181	82078.0
182	82078.0
183	82078.0
184	82078.0
185	79674.0
186	79674.0
187	79674.0
188	79674.0
189	79674.0
190	134766.0
191	134766.0
192	134766.0
193	134766.0
194	134766.0
195	142209.0
196	142209.0
197	142209.0
198	142209.0
199	142209.0
200	81089.0
201	81089.0
202	81089.0
203	81089.0
204	81089.0
205	80583.0
206	80583.0
207	80583.0
208	80583.0
209	80583.0
210	138583.0
211	138583.0
212	138583.0
213	138583.0
214	138583.0
215	22558.0
216	22558.0
217	22558.0
218	22558.0
219	22558.0
220	117663.0
221	117663.0
222	117663.0
223	117663.0
224	117663.0
225	140825.0
226	140825.0
227	140825.0
228	140825.0
229	140825.0
230	32618.0
231	32618.0
232	32618.0
233	32618.0
234	32618.0
235	64550.0
236	64550.0
237	64550.0
238	64550.0
239	64550.0
240	116072.0
241	116072.0
242	116072.0
243	116072.0
244	116072.0
245	71464.0
246	71464.0
247	71464.0
248	71464.0
249	71464.0
