0	40215.0
1	40215.0
2	40215.0
3	40215.0
4	40215.0
5	8976.0
6	8976.0
7	8976.0
8	8976.0
9	8976.0
10	103747.0
11	103747.0
12	103747.0
13	103747.0
14	103747.0
15	55366.0
16	55366.0
17	55366.0
18	55366.0
19	55366.0
20	94752.0
21	94752.0
22	94752.0
23	94752.0
24	94752.0
25	47328.0
26	47328.0
27	47328.0
28	47328.0
29	47328.0
30	110146.0
31	110146.0
32	110146.0
33	110146.0
34	110146.0
35	40562.0
36	40562.0
37	40562.0
38	40562.0
39	40562.0
40	57508.0
41	57508.0
42	57508.0
43	57508.0
44	57508.0
45	7624.0
46	7624.0
47	7624.0
48	7624.0
49	7624.0
50	55887.0
51	55887.0
52	55887.0
53	55887.0
54	55887.0
55	140549.0
56	140549.0
57	140549.0
58	140549.0
59	140549.0
60	86924.0
61	86924.0
62	86924.0
63	86924.0
64	86924.0
65	11646.0
66	11646.0
67	11646.0
68	11646.0
69	11646.0
70	47050.0
71	47050.0
72	47050.0
73	47050.0
74	47050.0
75	140445.0
76	140445.0
77	140445.0
78	140445.0
79	140445.0
80	25305.0
81	25305.0
82	25305.0
83	25305.0
84	25305.0
85	45332.0
86	45332.0
87	45332.0
88	45332.0
89	45332.0
90	126007.0
91	126007.0
92	126007.0
93	126007.0
94	126007.0
95	95528.0
96	95528.0
97	95528.0
98	95528.0
99	95528.0
100	13436.0
101	13436.0
102	13436.0
103	13436.0
104	13436.0
105	62488.0
106	62488.0
107	62488.0
108	62488.0
109	62488.0
110	48548.0
111	48548.0
112	48548.0
113	48548.0
114	48548.0
115	63518.0
116	63518.0
117	63518.0
118	63518.0
119	63518.0
120	133219.0
121	133219.0
122	133219.0
123	133219.0
124	133219.0
125	115012.0
126	115012.0
127	115012.0
128	115012.0
129	115012.0
130	115011.0
131	115011.0
132	115011.0
133	115011.0
134	115011.0
135	58844.0
136	58844.0
137	58844.0
138	58844.0
139	58844.0
140	26429.0
141	26429.0
142	26429.0
143	26429.0
144	26429.0
145	117558.0
146	117558.0
147	117558.0
148	117558.0
149	117558.0
150	36444.0
151	36444.0
152	36444.0
153	36444.0
154	36444.0
155	103029.0
156	103029.0
157	103029.0
158	103029.0
159	103029.0
160	59780.0
161	59780.0
162	59780.0
163	59780.0
164	59780.0
165	107388.0
166	107388.0
167	107388.0
168	107388.0
169	107388.0
170	45209.0
171	45209.0
172	45209.0
173	45209.0
174	45209.0
175	111045.0
176	111045.0
177	111045.0
178	111045.0
179	111045.0
180	38245.0
181	38245.0
182	38245.0
183	38245.0
184	38245.0
185	139620.0
186	139620.0
187	139620.0
188	139620.0
189	139620.0
190	39865.0
191	39865.0
192	39865.0
193	39865.0
194	39865.0
195	90183.0
196	90183.0
197	90183.0
198	90183.0
199	90183.0
200	121648.0
201	121648.0
202	121648.0
203	121648.0
204	121648.0
205	32311.0
206	32311.0
207	32311.0
208	32311.0
209	32311.0
210	98918.0
211	98918.0
212	98918.0
213	98918.0
214	98918.0
215	3191.0
216	3191.0
217	3191.0
218	3191.0
219	3191.0
220	50419.0
221	50419.0
222	50419.0
223	50419.0
224	50419.0
225	80955.0
226	80955.0
227	80955.0
228	80955.0
229	80955.0
230	34453.0
231	34453.0
232	34453.0
233	34453.0
234	34453.0
235	131866.0
236	131866.0
237	131866.0
238	131866.0
239	131866.0
240	81483.0
241	81483.0
242	81483.0
243	81483.0
244	81483.0
245	12124.0
246	12124.0
247	12124.0
248	12124.0
249	12124.0
