0	481909.0
1	481909.0
2	481909.0
3	481909.0
4	481909.0
5	639442.0
6	639442.0
7	639442.0
8	639442.0
9	639442.0
10	86163.0
11	86163.0
12	86163.0
13	86163.0
14	86163.0
15	48895.0
16	48895.0
17	48895.0
18	48895.0
19	48895.0
20	124077.0
21	124077.0
22	124077.0
23	124077.0
24	124077.0
25	198092.0
26	198092.0
27	198092.0
28	198092.0
29	198092.0
30	232365.0
31	232365.0
32	232365.0
33	232365.0
34	232365.0
35	393405.0
36	393405.0
37	393405.0
38	393405.0
39	393405.0
40	50663.0
41	50663.0
42	50663.0
43	50663.0
44	50663.0
45	538164.0
46	538164.0
47	538164.0
48	538164.0
49	538164.0
50	180323.0
51	180323.0
52	180323.0
53	180323.0
54	180323.0
55	472459.0
56	472459.0
57	472459.0
58	472459.0
59	472459.0
60	407015.0
61	407015.0
62	407015.0
63	407015.0
64	407015.0
65	385866.0
66	385866.0
67	385866.0
68	385866.0
69	385866.0
70	5815.0
71	5815.0
72	5815.0
73	5815.0
74	5815.0
75	139228.0
76	139228.0
77	139228.0
78	139228.0
79	139228.0
80	623539.0
81	623539.0
82	623539.0
83	623539.0
84	623539.0
85	416653.0
86	416653.0
87	416653.0
88	416653.0
89	416653.0
90	411549.0
91	411549.0
92	411549.0
93	411549.0
94	411549.0
95	607844.0
96	607844.0
97	607844.0
98	607844.0
99	607844.0
100	233101.0
101	233101.0
102	233101.0
103	233101.0
104	233101.0
105	25219.0
106	25219.0
107	25219.0
108	25219.0
109	25219.0
110	36283.0
111	36283.0
112	36283.0
113	36283.0
114	36283.0
115	526270.0
116	526270.0
117	526270.0
118	526270.0
119	526270.0
120	227616.0
121	227616.0
122	227616.0
123	227616.0
124	227616.0
125	520196.0
126	520196.0
127	520196.0
128	520196.0
129	520196.0
130	209633.0
131	209633.0
132	209633.0
133	209633.0
134	209633.0
135	203853.0
136	203853.0
137	203853.0
138	203853.0
139	203853.0
140	514419.0
141	514419.0
142	514419.0
143	514419.0
144	514419.0
145	52689.0
146	52689.0
147	52689.0
148	52689.0
149	52689.0
150	415947.0
151	415947.0
152	415947.0
153	415947.0
154	415947.0
155	220353.0
156	220353.0
157	220353.0
158	220353.0
159	220353.0
160	311672.0
161	311672.0
162	311672.0
163	311672.0
164	311672.0
165	48575.0
166	48575.0
167	48575.0
168	48575.0
169	48575.0
170	72173.0
171	72173.0
172	72173.0
173	72173.0
174	72173.0
175	199304.0
176	199304.0
177	199304.0
178	199304.0
179	199304.0
180	639661.0
181	639661.0
182	639661.0
183	639661.0
184	639661.0
185	567342.0
186	567342.0
187	567342.0
188	567342.0
189	567342.0
190	630751.0
191	630751.0
192	630751.0
193	630751.0
194	630751.0
195	382554.0
196	382554.0
197	382554.0
198	382554.0
199	382554.0
200	195970.0
201	195970.0
202	195970.0
203	195970.0
204	195970.0
205	147154.0
206	147154.0
207	147154.0
208	147154.0
209	147154.0
210	613996.0
211	613996.0
212	613996.0
213	613996.0
214	613996.0
215	546223.0
216	546223.0
217	546223.0
218	546223.0
219	546223.0
220	540912.0
221	540912.0
222	540912.0
223	540912.0
224	540912.0
225	549567.0
226	549567.0
227	549567.0
228	549567.0
229	549567.0
230	679817.0
231	679817.0
232	679817.0
233	679817.0
234	679817.0
235	258252.0
236	258252.0
237	258252.0
238	258252.0
239	258252.0
240	313688.0
241	313688.0
242	313688.0
243	313688.0
244	313688.0
245	524162.0
246	524162.0
247	524162.0
248	524162.0
249	524162.0
