0	329018.0
1	329018.0
2	329018.0
3	329018.0
4	329018.0
5	63622.0
6	63622.0
7	63622.0
8	63622.0
9	63622.0
10	334491.0
11	334491.0
12	334491.0
13	334491.0
14	334491.0
15	231087.0
16	231087.0
17	231087.0
18	231087.0
19	231087.0
20	634367.0
21	634367.0
22	634367.0
23	634367.0
24	634367.0
25	389556.0
26	389556.0
27	389556.0
28	389556.0
29	389556.0
30	392120.0
31	392120.0
32	392120.0
33	392120.0
34	392120.0
35	275677.0
36	275677.0
37	275677.0
38	275677.0
39	275677.0
40	696943.0
41	696943.0
42	696943.0
43	696943.0
44	696943.0
45	434406.0
46	434406.0
47	434406.0
48	434406.0
49	434406.0
50	504212.0
51	504212.0
52	504212.0
53	504212.0
54	504212.0
55	501537.0
56	501537.0
57	501537.0
58	501537.0
59	501537.0
60	363295.0
61	363295.0
62	363295.0
63	363295.0
64	363295.0
65	634328.0
66	634328.0
67	634328.0
68	634328.0
69	634328.0
70	312145.0
71	312145.0
72	312145.0
73	312145.0
74	312145.0
75	68517.0
76	68517.0
77	68517.0
78	68517.0
79	68517.0
80	67270.0
81	67270.0
82	67270.0
83	67270.0
84	67270.0
85	268985.0
86	268985.0
87	268985.0
88	268985.0
89	268985.0
90	360370.0
91	360370.0
92	360370.0
93	360370.0
94	360370.0
95	5111.0
96	5111.0
97	5111.0
98	5111.0
99	5111.0
100	69238.0
101	69238.0
102	69238.0
103	69238.0
104	69238.0
105	555102.0
106	555102.0
107	555102.0
108	555102.0
109	555102.0
110	417254.0
111	417254.0
112	417254.0
113	417254.0
114	417254.0
115	431863.0
116	431863.0
117	431863.0
118	431863.0
119	431863.0
120	594022.0
121	594022.0
122	594022.0
123	594022.0
124	594022.0
125	262803.0
126	262803.0
127	262803.0
128	262803.0
129	262803.0
130	131693.0
131	131693.0
132	131693.0
133	131693.0
134	131693.0
135	591330.0
136	591330.0
137	591330.0
138	591330.0
139	591330.0
140	468282.0
141	468282.0
142	468282.0
143	468282.0
144	468282.0
145	464063.0
146	464063.0
147	464063.0
148	464063.0
149	464063.0
150	696150.0
151	696150.0
152	696150.0
153	696150.0
154	696150.0
155	368020.0
156	368020.0
157	368020.0
158	368020.0
159	368020.0
160	533749.0
161	533749.0
162	533749.0
163	533749.0
164	533749.0
165	218069.0
166	218069.0
167	218069.0
168	218069.0
169	218069.0
170	695143.0
171	695143.0
172	695143.0
173	695143.0
174	695143.0
175	232496.0
176	232496.0
177	232496.0
178	232496.0
179	232496.0
180	560925.0
181	560925.0
182	560925.0
183	560925.0
184	560925.0
185	595809.0
186	595809.0
187	595809.0
188	595809.0
189	595809.0
190	699436.0
191	699436.0
192	699436.0
193	699436.0
194	699436.0
195	450801.0
196	450801.0
197	450801.0
198	450801.0
199	450801.0
200	438221.0
201	438221.0
202	438221.0
203	438221.0
204	438221.0
205	558824.0
206	558824.0
207	558824.0
208	558824.0
209	558824.0
210	426427.0
211	426427.0
212	426427.0
213	426427.0
214	426427.0
215	253038.0
216	253038.0
217	253038.0
218	253038.0
219	253038.0
220	627329.0
221	627329.0
222	627329.0
223	627329.0
224	627329.0
225	491036.0
226	491036.0
227	491036.0
228	491036.0
229	491036.0
230	69844.0
231	69844.0
232	69844.0
233	69844.0
234	69844.0
235	662083.0
236	662083.0
237	662083.0
238	662083.0
239	662083.0
240	314103.0
241	314103.0
242	314103.0
243	314103.0
244	314103.0
245	367015.0
246	367015.0
247	367015.0
248	367015.0
249	367015.0
