0	266893.0
1	266893.0
2	266893.0
3	266893.0
4	266893.0
5	462684.0
6	462684.0
7	462684.0
8	462684.0
9	462684.0
10	146704.0
11	146704.0
12	146704.0
13	146704.0
14	146704.0
15	162654.0
16	162654.0
17	162654.0
18	162654.0
19	162654.0
20	4738.0
21	4738.0
22	4738.0
23	4738.0
24	4738.0
25	175293.0
26	175293.0
27	175293.0
28	175293.0
29	175293.0
30	449982.0
31	449982.0
32	449982.0
33	449982.0
34	449982.0
35	445045.0
36	445045.0
37	445045.0
38	445045.0
39	445045.0
40	307184.0
41	307184.0
42	307184.0
43	307184.0
44	307184.0
45	121803.0
46	121803.0
47	121803.0
48	121803.0
49	121803.0
50	302180.0
51	302180.0
52	302180.0
53	302180.0
54	302180.0
55	611691.0
56	611691.0
57	611691.0
58	611691.0
59	611691.0
60	106255.0
61	106255.0
62	106255.0
63	106255.0
64	106255.0
65	287508.0
66	287508.0
67	287508.0
68	287508.0
69	287508.0
70	333769.0
71	333769.0
72	333769.0
73	333769.0
74	333769.0
75	109455.0
76	109455.0
77	109455.0
78	109455.0
79	109455.0
80	665695.0
81	665695.0
82	665695.0
83	665695.0
84	665695.0
85	511249.0
86	511249.0
87	511249.0
88	511249.0
89	511249.0
90	448426.0
91	448426.0
92	448426.0
93	448426.0
94	448426.0
95	593847.0
96	593847.0
97	593847.0
98	593847.0
99	593847.0
100	297622.0
101	297622.0
102	297622.0
103	297622.0
104	297622.0
105	16960.0
106	16960.0
107	16960.0
108	16960.0
109	16960.0
110	448989.0
111	448989.0
112	448989.0
113	448989.0
114	448989.0
115	49028.0
116	49028.0
117	49028.0
118	49028.0
119	49028.0
120	217796.0
121	217796.0
122	217796.0
123	217796.0
124	217796.0
125	461278.0
126	461278.0
127	461278.0
128	461278.0
129	461278.0
130	271665.0
131	271665.0
132	271665.0
133	271665.0
134	271665.0
135	34745.0
136	34745.0
137	34745.0
138	34745.0
139	34745.0
140	230171.0
141	230171.0
142	230171.0
143	230171.0
144	230171.0
145	138640.0
146	138640.0
147	138640.0
148	138640.0
149	138640.0
150	436321.0
151	436321.0
152	436321.0
153	436321.0
154	436321.0
155	81881.0
156	81881.0
157	81881.0
158	81881.0
159	81881.0
160	617133.0
161	617133.0
162	617133.0
163	617133.0
164	617133.0
165	649071.0
166	649071.0
167	649071.0
168	649071.0
169	649071.0
170	501383.0
171	501383.0
172	501383.0
173	501383.0
174	501383.0
175	594493.0
176	594493.0
177	594493.0
178	594493.0
179	594493.0
180	554455.0
181	554455.0
182	554455.0
183	554455.0
184	554455.0
185	10159.0
186	10159.0
187	10159.0
188	10159.0
189	10159.0
190	211536.0
191	211536.0
192	211536.0
193	211536.0
194	211536.0
195	512145.0
196	512145.0
197	512145.0
198	512145.0
199	512145.0
200	222310.0
201	222310.0
202	222310.0
203	222310.0
204	222310.0
205	350152.0
206	350152.0
207	350152.0
208	350152.0
209	350152.0
210	91788.0
211	91788.0
212	91788.0
213	91788.0
214	91788.0
215	613605.0
216	613605.0
217	613605.0
218	613605.0
219	613605.0
220	555208.0
221	555208.0
222	555208.0
223	555208.0
224	555208.0
225	447001.0
226	447001.0
227	447001.0
228	447001.0
229	447001.0
230	234345.0
231	234345.0
232	234345.0
233	234345.0
234	234345.0
235	326244.0
236	326244.0
237	326244.0
238	326244.0
239	326244.0
240	524336.0
241	524336.0
242	524336.0
243	524336.0
244	524336.0
245	142344.0
246	142344.0
247	142344.0
248	142344.0
249	142344.0
