0	295708.0
1	295708.0
2	295708.0
3	295708.0
4	295708.0
5	433793.0
6	433793.0
7	433793.0
8	433793.0
9	433793.0
10	112228.0
11	112228.0
12	112228.0
13	112228.0
14	112228.0
15	358849.0
16	358849.0
17	358849.0
18	358849.0
19	358849.0
20	155026.0
21	155026.0
22	155026.0
23	155026.0
24	155026.0
25	631800.0
26	631800.0
27	631800.0
28	631800.0
29	631800.0
30	203636.0
31	203636.0
32	203636.0
33	203636.0
34	203636.0
35	32410.0
36	32410.0
37	32410.0
38	32410.0
39	32410.0
40	647442.0
41	647442.0
42	647442.0
43	647442.0
44	647442.0
45	496664.0
46	496664.0
47	496664.0
48	496664.0
49	496664.0
50	547452.0
51	547452.0
52	547452.0
53	547452.0
54	547452.0
55	281960.0
56	281960.0
57	281960.0
58	281960.0
59	281960.0
60	235820.0
61	235820.0
62	235820.0
63	235820.0
64	235820.0
65	229827.0
66	229827.0
67	229827.0
68	229827.0
69	229827.0
70	580860.0
71	580860.0
72	580860.0
73	580860.0
74	580860.0
75	134289.0
76	134289.0
77	134289.0
78	134289.0
79	134289.0
80	405367.0
81	405367.0
82	405367.0
83	405367.0
84	405367.0
85	29726.0
86	29726.0
87	29726.0
88	29726.0
89	29726.0
90	140100.0
91	140100.0
92	140100.0
93	140100.0
94	140100.0
95	417109.0
96	417109.0
97	417109.0
98	417109.0
99	417109.0
100	280066.0
101	280066.0
102	280066.0
103	280066.0
104	280066.0
105	385047.0
106	385047.0
107	385047.0
108	385047.0
109	385047.0
110	254220.0
111	254220.0
112	254220.0
113	254220.0
114	254220.0
115	139432.0
116	139432.0
117	139432.0
118	139432.0
119	139432.0
120	339726.0
121	339726.0
122	339726.0
123	339726.0
124	339726.0
125	364823.0
126	364823.0
127	364823.0
128	364823.0
129	364823.0
130	441550.0
131	441550.0
132	441550.0
133	441550.0
134	441550.0
135	238613.0
136	238613.0
137	238613.0
138	238613.0
139	238613.0
140	340433.0
141	340433.0
142	340433.0
143	340433.0
144	340433.0
145	431067.0
146	431067.0
147	431067.0
148	431067.0
149	431067.0
150	376906.0
151	376906.0
152	376906.0
153	376906.0
154	376906.0
155	143165.0
156	143165.0
157	143165.0
158	143165.0
159	143165.0
160	662200.0
161	662200.0
162	662200.0
163	662200.0
164	662200.0
165	122055.0
166	122055.0
167	122055.0
168	122055.0
169	122055.0
170	241717.0
171	241717.0
172	241717.0
173	241717.0
174	241717.0
175	33848.0
176	33848.0
177	33848.0
178	33848.0
179	33848.0
180	486159.0
181	486159.0
182	486159.0
183	486159.0
184	486159.0
185	277274.0
186	277274.0
187	277274.0
188	277274.0
189	277274.0
190	436616.0
191	436616.0
192	436616.0
193	436616.0
194	436616.0
195	381983.0
196	381983.0
197	381983.0
198	381983.0
199	381983.0
200	406087.0
201	406087.0
202	406087.0
203	406087.0
204	406087.0
205	192966.0
206	192966.0
207	192966.0
208	192966.0
209	192966.0
210	532118.0
211	532118.0
212	532118.0
213	532118.0
214	532118.0
215	189550.0
216	189550.0
217	189550.0
218	189550.0
219	189550.0
220	305510.0
221	305510.0
222	305510.0
223	305510.0
224	305510.0
225	326052.0
226	326052.0
227	326052.0
228	326052.0
229	326052.0
230	121904.0
231	121904.0
232	121904.0
233	121904.0
234	121904.0
235	623805.0
236	623805.0
237	623805.0
238	623805.0
239	623805.0
240	200517.0
241	200517.0
242	200517.0
243	200517.0
244	200517.0
245	188905.0
246	188905.0
247	188905.0
248	188905.0
249	188905.0
