0	338181.0
1	338181.0
2	338181.0
3	338181.0
4	338181.0
5	472052.0
6	472052.0
7	472052.0
8	472052.0
9	472052.0
10	391656.0
11	391656.0
12	391656.0
13	391656.0
14	391656.0
15	112814.0
16	112814.0
17	112814.0
18	112814.0
19	112814.0
20	489872.0
21	489872.0
22	489872.0
23	489872.0
24	489872.0
25	481895.0
26	481895.0
27	481895.0
28	481895.0
29	481895.0
30	84312.0
31	84312.0
32	84312.0
33	84312.0
34	84312.0
35	491364.0
36	491364.0
37	491364.0
38	491364.0
39	491364.0
40	302927.0
41	302927.0
42	302927.0
43	302927.0
44	302927.0
45	521521.0
46	521521.0
47	521521.0
48	521521.0
49	521521.0
50	420008.0
51	420008.0
52	420008.0
53	420008.0
54	420008.0
55	666576.0
56	666576.0
57	666576.0
58	666576.0
59	666576.0
60	130073.0
61	130073.0
62	130073.0
63	130073.0
64	130073.0
65	523079.0
66	523079.0
67	523079.0
68	523079.0
69	523079.0
70	44210.0
71	44210.0
72	44210.0
73	44210.0
74	44210.0
75	434096.0
76	434096.0
77	434096.0
78	434096.0
79	434096.0
80	598883.0
81	598883.0
82	598883.0
83	598883.0
84	598883.0
85	57980.0
86	57980.0
87	57980.0
88	57980.0
89	57980.0
90	348066.0
91	348066.0
92	348066.0
93	348066.0
94	348066.0
95	189920.0
96	189920.0
97	189920.0
98	189920.0
99	189920.0
100	267956.0
101	267956.0
102	267956.0
103	267956.0
104	267956.0
105	591029.0
106	591029.0
107	591029.0
108	591029.0
109	591029.0
110	448544.0
111	448544.0
112	448544.0
113	448544.0
114	448544.0
115	212015.0
116	212015.0
117	212015.0
118	212015.0
119	212015.0
120	429106.0
121	429106.0
122	429106.0
123	429106.0
124	429106.0
125	369121.0
126	369121.0
127	369121.0
128	369121.0
129	369121.0
130	506362.0
131	506362.0
132	506362.0
133	506362.0
134	506362.0
135	655745.0
136	655745.0
137	655745.0
138	655745.0
139	655745.0
140	563063.0
141	563063.0
142	563063.0
143	563063.0
144	563063.0
145	205780.0
146	205780.0
147	205780.0
148	205780.0
149	205780.0
150	410707.0
151	410707.0
152	410707.0
153	410707.0
154	410707.0
155	433909.0
156	433909.0
157	433909.0
158	433909.0
159	433909.0
160	400458.0
161	400458.0
162	400458.0
163	400458.0
164	400458.0
165	486575.0
166	486575.0
167	486575.0
168	486575.0
169	486575.0
170	176442.0
171	176442.0
172	176442.0
173	176442.0
174	176442.0
175	105667.0
176	105667.0
177	105667.0
178	105667.0
179	105667.0
180	252097.0
181	252097.0
182	252097.0
183	252097.0
184	252097.0
185	444559.0
186	444559.0
187	444559.0
188	444559.0
189	444559.0
190	412367.0
191	412367.0
192	412367.0
193	412367.0
194	412367.0
195	646947.0
196	646947.0
197	646947.0
198	646947.0
199	646947.0
200	20549.0
201	20549.0
202	20549.0
203	20549.0
204	20549.0
205	238407.0
206	238407.0
207	238407.0
208	238407.0
209	238407.0
210	189331.0
211	189331.0
212	189331.0
213	189331.0
214	189331.0
215	340611.0
216	340611.0
217	340611.0
218	340611.0
219	340611.0
220	555817.0
221	555817.0
222	555817.0
223	555817.0
224	555817.0
225	118735.0
226	118735.0
227	118735.0
228	118735.0
229	118735.0
230	616821.0
231	616821.0
232	616821.0
233	616821.0
234	616821.0
235	614741.0
236	614741.0
237	614741.0
238	614741.0
239	614741.0
240	477725.0
241	477725.0
242	477725.0
243	477725.0
244	477725.0
245	437656.0
246	437656.0
247	437656.0
248	437656.0
249	437656.0
