0	338353.0
1	338353.0
2	338353.0
3	338353.0
4	338353.0
5	301799.0
6	301799.0
7	301799.0
8	301799.0
9	301799.0
10	180798.0
11	180798.0
12	180798.0
13	180798.0
14	180798.0
15	423712.0
16	423712.0
17	423712.0
18	423712.0
19	423712.0
20	248423.0
21	248423.0
22	248423.0
23	248423.0
24	248423.0
25	50311.0
26	50311.0
27	50311.0
28	50311.0
29	50311.0
30	470196.0
31	470196.0
32	470196.0
33	470196.0
34	470196.0
35	173933.0
36	173933.0
37	173933.0
38	173933.0
39	173933.0
40	360041.0
41	360041.0
42	360041.0
43	360041.0
44	360041.0
45	291360.0
46	291360.0
47	291360.0
48	291360.0
49	291360.0
50	262760.0
51	262760.0
52	262760.0
53	262760.0
54	262760.0
55	257385.0
56	257385.0
57	257385.0
58	257385.0
59	257385.0
60	3177.0
61	3177.0
62	3177.0
63	3177.0
64	3177.0
65	417193.0
66	417193.0
67	417193.0
68	417193.0
69	417193.0
70	407102.0
71	407102.0
72	407102.0
73	407102.0
74	407102.0
75	312258.0
76	312258.0
77	312258.0
78	312258.0
79	312258.0
80	595441.0
81	595441.0
82	595441.0
83	595441.0
84	595441.0
85	329857.0
86	329857.0
87	329857.0
88	329857.0
89	329857.0
90	174205.0
91	174205.0
92	174205.0
93	174205.0
94	174205.0
95	11915.0
96	11915.0
97	11915.0
98	11915.0
99	11915.0
100	173499.0
101	173499.0
102	173499.0
103	173499.0
104	173499.0
105	600017.0
106	600017.0
107	600017.0
108	600017.0
109	600017.0
110	565494.0
111	565494.0
112	565494.0
113	565494.0
114	565494.0
115	314868.0
116	314868.0
117	314868.0
118	314868.0
119	314868.0
120	224358.0
121	224358.0
122	224358.0
123	224358.0
124	224358.0
125	41925.0
126	41925.0
127	41925.0
128	41925.0
129	41925.0
130	166650.0
131	166650.0
132	166650.0
133	166650.0
134	166650.0
135	342498.0
136	342498.0
137	342498.0
138	342498.0
139	342498.0
140	69.0
141	69.0
142	69.0
143	69.0
144	69.0
145	226183.0
146	226183.0
147	226183.0
148	226183.0
149	226183.0
150	521736.0
151	521736.0
152	521736.0
153	521736.0
154	521736.0
155	660526.0
156	660526.0
157	660526.0
158	660526.0
159	660526.0
160	447205.0
161	447205.0
162	447205.0
163	447205.0
164	447205.0
165	163882.0
166	163882.0
167	163882.0
168	163882.0
169	163882.0
170	277763.0
171	277763.0
172	277763.0
173	277763.0
174	277763.0
175	387398.0
176	387398.0
177	387398.0
178	387398.0
179	387398.0
180	505091.0
181	505091.0
182	505091.0
183	505091.0
184	505091.0
185	99199.0
186	99199.0
187	99199.0
188	99199.0
189	99199.0
190	513802.0
191	513802.0
192	513802.0
193	513802.0
194	513802.0
195	631683.0
196	631683.0
197	631683.0
198	631683.0
199	631683.0
200	106323.0
201	106323.0
202	106323.0
203	106323.0
204	106323.0
205	169361.0
206	169361.0
207	169361.0
208	169361.0
209	169361.0
210	83689.0
211	83689.0
212	83689.0
213	83689.0
214	83689.0
215	304852.0
216	304852.0
217	304852.0
218	304852.0
219	304852.0
220	583084.0
221	583084.0
222	583084.0
223	583084.0
224	583084.0
225	334018.0
226	334018.0
227	334018.0
228	334018.0
229	334018.0
230	64320.0
231	64320.0
232	64320.0
233	64320.0
234	64320.0
235	551894.0
236	551894.0
237	551894.0
238	551894.0
239	551894.0
240	118015.0
241	118015.0
242	118015.0
243	118015.0
244	118015.0
245	335878.0
246	335878.0
247	335878.0
248	335878.0
249	335878.0
