0	30873.0
1	30873.0
2	30873.0
3	30873.0
4	30873.0
5	533318.0
6	533318.0
7	533318.0
8	533318.0
9	533318.0
10	623407.0
11	623407.0
12	623407.0
13	623407.0
14	623407.0
15	391928.0
16	391928.0
17	391928.0
18	391928.0
19	391928.0
20	282965.0
21	282965.0
22	282965.0
23	282965.0
24	282965.0
25	163738.0
26	163738.0
27	163738.0
28	163738.0
29	163738.0
30	409814.0
31	409814.0
32	409814.0
33	409814.0
34	409814.0
35	207426.0
36	207426.0
37	207426.0
38	207426.0
39	207426.0
40	219241.0
41	219241.0
42	219241.0
43	219241.0
44	219241.0
45	5733.0
46	5733.0
47	5733.0
48	5733.0
49	5733.0
50	672927.0
51	672927.0
52	672927.0
53	672927.0
54	672927.0
55	225317.0
56	225317.0
57	225317.0
58	225317.0
59	225317.0
60	261954.0
61	261954.0
62	261954.0
63	261954.0
64	261954.0
65	178251.0
66	178251.0
67	178251.0
68	178251.0
69	178251.0
70	300798.0
71	300798.0
72	300798.0
73	300798.0
74	300798.0
75	273473.0
76	273473.0
77	273473.0
78	273473.0
79	273473.0
80	41115.0
81	41115.0
82	41115.0
83	41115.0
84	41115.0
85	655386.0
86	655386.0
87	655386.0
88	655386.0
89	655386.0
90	387469.0
91	387469.0
92	387469.0
93	387469.0
94	387469.0
95	317753.0
96	317753.0
97	317753.0
98	317753.0
99	317753.0
100	171695.0
101	171695.0
102	171695.0
103	171695.0
104	171695.0
105	477405.0
106	477405.0
107	477405.0
108	477405.0
109	477405.0
110	549491.0
111	549491.0
112	549491.0
113	549491.0
114	549491.0
115	406335.0
116	406335.0
117	406335.0
118	406335.0
119	406335.0
120	226652.0
121	226652.0
122	226652.0
123	226652.0
124	226652.0
125	256858.0
126	256858.0
127	256858.0
128	256858.0
129	256858.0
130	201385.0
131	201385.0
132	201385.0
133	201385.0
134	201385.0
135	328029.0
136	328029.0
137	328029.0
138	328029.0
139	328029.0
140	465503.0
141	465503.0
142	465503.0
143	465503.0
144	465503.0
145	325729.0
146	325729.0
147	325729.0
148	325729.0
149	325729.0
150	579168.0
151	579168.0
152	579168.0
153	579168.0
154	579168.0
155	303918.0
156	303918.0
157	303918.0
158	303918.0
159	303918.0
160	200734.0
161	200734.0
162	200734.0
163	200734.0
164	200734.0
165	267098.0
166	267098.0
167	267098.0
168	267098.0
169	267098.0
170	569311.0
171	569311.0
172	569311.0
173	569311.0
174	569311.0
175	289849.0
176	289849.0
177	289849.0
178	289849.0
179	289849.0
180	576678.0
181	576678.0
182	576678.0
183	576678.0
184	576678.0
185	277671.0
186	277671.0
187	277671.0
188	277671.0
189	277671.0
190	251503.0
191	251503.0
192	251503.0
193	251503.0
194	251503.0
195	374859.0
196	374859.0
197	374859.0
198	374859.0
199	374859.0
200	192418.0
201	192418.0
202	192418.0
203	192418.0
204	192418.0
205	301297.0
206	301297.0
207	301297.0
208	301297.0
209	301297.0
210	97064.0
211	97064.0
212	97064.0
213	97064.0
214	97064.0
215	22066.0
216	22066.0
217	22066.0
218	22066.0
219	22066.0
220	569925.0
221	569925.0
222	569925.0
223	569925.0
224	569925.0
225	105221.0
226	105221.0
227	105221.0
228	105221.0
229	105221.0
230	234423.0
231	234423.0
232	234423.0
233	234423.0
234	234423.0
235	419656.0
236	419656.0
237	419656.0
238	419656.0
239	419656.0
240	513510.0
241	513510.0
242	513510.0
243	513510.0
244	513510.0
245	387549.0
246	387549.0
247	387549.0
248	387549.0
249	387549.0
