0	590897.0
1	590897.0
2	590897.0
3	590897.0
4	590897.0
5	303250.0
6	303250.0
7	303250.0
8	303250.0
9	303250.0
10	507748.0
11	507748.0
12	507748.0
13	507748.0
14	507748.0
15	539628.0
16	539628.0
17	539628.0
18	539628.0
19	539628.0
20	1695.0
21	1695.0
22	1695.0
23	1695.0
24	1695.0
25	556828.0
26	556828.0
27	556828.0
28	556828.0
29	556828.0
30	55725.0
31	55725.0
32	55725.0
33	55725.0
34	55725.0
35	67120.0
36	67120.0
37	67120.0
38	67120.0
39	67120.0
40	645631.0
41	645631.0
42	645631.0
43	645631.0
44	645631.0
45	354590.0
46	354590.0
47	354590.0
48	354590.0
49	354590.0
50	232574.0
51	232574.0
52	232574.0
53	232574.0
54	232574.0
55	494899.0
56	494899.0
57	494899.0
58	494899.0
59	494899.0
60	42155.0
61	42155.0
62	42155.0
63	42155.0
64	42155.0
65	314759.0
66	314759.0
67	314759.0
68	314759.0
69	314759.0
70	482561.0
71	482561.0
72	482561.0
73	482561.0
74	482561.0
75	587603.0
76	587603.0
77	587603.0
78	587603.0
79	587603.0
80	181556.0
81	181556.0
82	181556.0
83	181556.0
84	181556.0
85	594722.0
86	594722.0
87	594722.0
88	594722.0
89	594722.0
90	464401.0
91	464401.0
92	464401.0
93	464401.0
94	464401.0
95	54336.0
96	54336.0
97	54336.0
98	54336.0
99	54336.0
100	82483.0
101	82483.0
102	82483.0
103	82483.0
104	82483.0
105	626857.0
106	626857.0
107	626857.0
108	626857.0
109	626857.0
110	205322.0
111	205322.0
112	205322.0
113	205322.0
114	205322.0
115	183727.0
116	183727.0
117	183727.0
118	183727.0
119	183727.0
120	89115.0
121	89115.0
122	89115.0
123	89115.0
124	89115.0
125	549576.0
126	549576.0
127	549576.0
128	549576.0
129	549576.0
130	154892.0
131	154892.0
132	154892.0
133	154892.0
134	154892.0
135	637759.0
136	637759.0
137	637759.0
138	637759.0
139	637759.0
140	370141.0
141	370141.0
142	370141.0
143	370141.0
144	370141.0
145	83656.0
146	83656.0
147	83656.0
148	83656.0
149	83656.0
150	317957.0
151	317957.0
152	317957.0
153	317957.0
154	317957.0
155	673340.0
156	673340.0
157	673340.0
158	673340.0
159	673340.0
160	528174.0
161	528174.0
162	528174.0
163	528174.0
164	528174.0
165	414117.0
166	414117.0
167	414117.0
168	414117.0
169	414117.0
170	483892.0
171	483892.0
172	483892.0
173	483892.0
174	483892.0
175	505581.0
176	505581.0
177	505581.0
178	505581.0
179	505581.0
180	346951.0
181	346951.0
182	346951.0
183	346951.0
184	346951.0
185	362962.0
186	362962.0
187	362962.0
188	362962.0
189	362962.0
190	472095.0
191	472095.0
192	472095.0
193	472095.0
194	472095.0
195	643786.0
196	643786.0
197	643786.0
198	643786.0
199	643786.0
200	27212.0
201	27212.0
202	27212.0
203	27212.0
204	27212.0
205	212460.0
206	212460.0
207	212460.0
208	212460.0
209	212460.0
210	338074.0
211	338074.0
212	338074.0
213	338074.0
214	338074.0
215	528581.0
216	528581.0
217	528581.0
218	528581.0
219	528581.0
220	541465.0
221	541465.0
222	541465.0
223	541465.0
224	541465.0
225	208872.0
226	208872.0
227	208872.0
228	208872.0
229	208872.0
230	74536.0
231	74536.0
232	74536.0
233	74536.0
234	74536.0
235	366960.0
236	366960.0
237	366960.0
238	366960.0
239	366960.0
240	428096.0
241	428096.0
242	428096.0
243	428096.0
244	428096.0
245	45300.0
246	45300.0
247	45300.0
248	45300.0
249	45300.0
