0	271186.0
1	271186.0
2	271186.0
3	271186.0
4	271186.0
5	628261.0
6	628261.0
7	628261.0
8	628261.0
9	628261.0
10	324194.0
11	324194.0
12	324194.0
13	324194.0
14	324194.0
15	494939.0
16	494939.0
17	494939.0
18	494939.0
19	494939.0
20	528783.0
21	528783.0
22	528783.0
23	528783.0
24	528783.0
25	598019.0
26	598019.0
27	598019.0
28	598019.0
29	598019.0
30	116656.0
31	116656.0
32	116656.0
33	116656.0
34	116656.0
35	680612.0
36	680612.0
37	680612.0
38	680612.0
39	680612.0
40	401448.0
41	401448.0
42	401448.0
43	401448.0
44	401448.0
45	418124.0
46	418124.0
47	418124.0
48	418124.0
49	418124.0
50	303155.0
51	303155.0
52	303155.0
53	303155.0
54	303155.0
55	688881.0
56	688881.0
57	688881.0
58	688881.0
59	688881.0
60	45082.0
61	45082.0
62	45082.0
63	45082.0
64	45082.0
65	66129.0
66	66129.0
67	66129.0
68	66129.0
69	66129.0
70	371678.0
71	371678.0
72	371678.0
73	371678.0
74	371678.0
75	685208.0
76	685208.0
77	685208.0
78	685208.0
79	685208.0
80	620902.0
81	620902.0
82	620902.0
83	620902.0
84	620902.0
85	519890.0
86	519890.0
87	519890.0
88	519890.0
89	519890.0
90	63273.0
91	63273.0
92	63273.0
93	63273.0
94	63273.0
95	236576.0
96	236576.0
97	236576.0
98	236576.0
99	236576.0
100	176749.0
101	176749.0
102	176749.0
103	176749.0
104	176749.0
105	106941.0
106	106941.0
107	106941.0
108	106941.0
109	106941.0
110	56067.0
111	56067.0
112	56067.0
113	56067.0
114	56067.0
115	522747.0
116	522747.0
117	522747.0
118	522747.0
119	522747.0
120	473924.0
121	473924.0
122	473924.0
123	473924.0
124	473924.0
125	149177.0
126	149177.0
127	149177.0
128	149177.0
129	149177.0
130	217157.0
131	217157.0
132	217157.0
133	217157.0
134	217157.0
135	112131.0
136	112131.0
137	112131.0
138	112131.0
139	112131.0
140	287522.0
141	287522.0
142	287522.0
143	287522.0
144	287522.0
145	533458.0
146	533458.0
147	533458.0
148	533458.0
149	533458.0
150	519716.0
151	519716.0
152	519716.0
153	519716.0
154	519716.0
155	87515.0
156	87515.0
157	87515.0
158	87515.0
159	87515.0
160	255871.0
161	255871.0
162	255871.0
163	255871.0
164	255871.0
165	662875.0
166	662875.0
167	662875.0
168	662875.0
169	662875.0
170	104504.0
171	104504.0
172	104504.0
173	104504.0
174	104504.0
175	278968.0
176	278968.0
177	278968.0
178	278968.0
179	278968.0
180	515035.0
181	515035.0
182	515035.0
183	515035.0
184	515035.0
185	653671.0
186	653671.0
187	653671.0
188	653671.0
189	653671.0
190	211679.0
191	211679.0
192	211679.0
193	211679.0
194	211679.0
195	351583.0
196	351583.0
197	351583.0
198	351583.0
199	351583.0
200	129040.0
201	129040.0
202	129040.0
203	129040.0
204	129040.0
205	598164.0
206	598164.0
207	598164.0
208	598164.0
209	598164.0
210	639693.0
211	639693.0
212	639693.0
213	639693.0
214	639693.0
215	150099.0
216	150099.0
217	150099.0
218	150099.0
219	150099.0
220	541284.0
221	541284.0
222	541284.0
223	541284.0
224	541284.0
225	525629.0
226	525629.0
227	525629.0
228	525629.0
229	525629.0
230	9006.0
231	9006.0
232	9006.0
233	9006.0
234	9006.0
235	618548.0
236	618548.0
237	618548.0
238	618548.0
239	618548.0
240	205445.0
241	205445.0
242	205445.0
243	205445.0
244	205445.0
245	293378.0
246	293378.0
247	293378.0
248	293378.0
249	293378.0
