0	177821.0
1	177821.0
2	177821.0
3	177821.0
4	177821.0
5	87071.0
6	87071.0
7	87071.0
8	87071.0
9	87071.0
10	6765.0
11	6765.0
12	6765.0
13	6765.0
14	6765.0
15	194914.0
16	194914.0
17	194914.0
18	194914.0
19	194914.0
20	116132.0
21	116132.0
22	116132.0
23	116132.0
24	116132.0
25	198620.0
26	198620.0
27	198620.0
28	198620.0
29	198620.0
30	150428.0
31	150428.0
32	150428.0
33	150428.0
34	150428.0
35	245.0
36	245.0
37	245.0
38	245.0
39	245.0
40	206269.0
41	206269.0
42	206269.0
43	206269.0
44	206269.0
45	185676.0
46	185676.0
47	185676.0
48	185676.0
49	185676.0
50	122245.0
51	122245.0
52	122245.0
53	122245.0
54	122245.0
55	128621.0
56	128621.0
57	128621.0
58	128621.0
59	128621.0
60	172637.0
61	172637.0
62	172637.0
63	172637.0
64	172637.0
65	25676.0
66	25676.0
67	25676.0
68	25676.0
69	25676.0
70	101116.0
71	101116.0
72	101116.0
73	101116.0
74	101116.0
75	196131.0
76	196131.0
77	196131.0
78	196131.0
79	196131.0
80	613.0
81	613.0
82	613.0
83	613.0
84	613.0
85	192464.0
86	192464.0
87	192464.0
88	192464.0
89	192464.0
90	59772.0
91	59772.0
92	59772.0
93	59772.0
94	59772.0
95	177053.0
96	177053.0
97	177053.0
98	177053.0
99	177053.0
100	136956.0
101	136956.0
102	136956.0
103	136956.0
104	136956.0
105	152670.0
106	152670.0
107	152670.0
108	152670.0
109	152670.0
110	147482.0
111	147482.0
112	147482.0
113	147482.0
114	147482.0
115	152103.0
116	152103.0
117	152103.0
118	152103.0
119	152103.0
120	207780.0
121	207780.0
122	207780.0
123	207780.0
124	207780.0
125	41802.0
126	41802.0
127	41802.0
128	41802.0
129	41802.0
130	215700.0
131	215700.0
132	215700.0
133	215700.0
134	215700.0
135	166130.0
136	166130.0
137	166130.0
138	166130.0
139	166130.0
140	205010.0
141	205010.0
142	205010.0
143	205010.0
144	205010.0
145	9652.0
146	9652.0
147	9652.0
148	9652.0
149	9652.0
150	74460.0
151	74460.0
152	74460.0
153	74460.0
154	74460.0
155	139657.0
156	139657.0
157	139657.0
158	139657.0
159	139657.0
160	111477.0
161	111477.0
162	111477.0
163	111477.0
164	111477.0
165	85386.0
166	85386.0
167	85386.0
168	85386.0
169	85386.0
170	64645.0
171	64645.0
172	64645.0
173	64645.0
174	64645.0
175	64127.0
176	64127.0
177	64127.0
178	64127.0
179	64127.0
180	107027.0
181	107027.0
182	107027.0
183	107027.0
184	107027.0
185	179727.0
186	179727.0
187	179727.0
188	179727.0
189	179727.0
190	24018.0
191	24018.0
192	24018.0
193	24018.0
194	24018.0
195	109138.0
196	109138.0
197	109138.0
198	109138.0
199	109138.0
200	109170.0
201	109170.0
202	109170.0
203	109170.0
204	109170.0
205	95665.0
206	95665.0
207	95665.0
208	95665.0
209	95665.0
210	163400.0
211	163400.0
212	163400.0
213	163400.0
214	163400.0
215	199876.0
216	199876.0
217	199876.0
218	199876.0
219	199876.0
220	225674.0
221	225674.0
222	225674.0
223	225674.0
224	225674.0
225	159102.0
226	159102.0
227	159102.0
228	159102.0
229	159102.0
230	208242.0
231	208242.0
232	208242.0
233	208242.0
234	208242.0
235	201970.0
236	201970.0
237	201970.0
238	201970.0
239	201970.0
240	3294.0
241	3294.0
242	3294.0
243	3294.0
244	3294.0
245	178404.0
246	178404.0
247	178404.0
248	178404.0
249	178404.0
