0	84833.0
1	84833.0
2	84833.0
3	84833.0
4	84833.0
5	126130.0
6	126130.0
7	126130.0
8	126130.0
9	126130.0
10	41980.0
11	41980.0
12	41980.0
13	41980.0
14	41980.0
15	154853.0
16	154853.0
17	154853.0
18	154853.0
19	154853.0
20	109581.0
21	109581.0
22	109581.0
23	109581.0
24	109581.0
25	153474.0
26	153474.0
27	153474.0
28	153474.0
29	153474.0
30	206836.0
31	206836.0
32	206836.0
33	206836.0
34	206836.0
35	79738.0
36	79738.0
37	79738.0
38	79738.0
39	79738.0
40	204759.0
41	204759.0
42	204759.0
43	204759.0
44	204759.0
45	128353.0
46	128353.0
47	128353.0
48	128353.0
49	128353.0
50	9949.0
51	9949.0
52	9949.0
53	9949.0
54	9949.0
55	183350.0
56	183350.0
57	183350.0
58	183350.0
59	183350.0
60	2677.0
61	2677.0
62	2677.0
63	2677.0
64	2677.0
65	192318.0
66	192318.0
67	192318.0
68	192318.0
69	192318.0
70	156634.0
71	156634.0
72	156634.0
73	156634.0
74	156634.0
75	140617.0
76	140617.0
77	140617.0
78	140617.0
79	140617.0
80	168275.0
81	168275.0
82	168275.0
83	168275.0
84	168275.0
85	112043.0
86	112043.0
87	112043.0
88	112043.0
89	112043.0
90	63347.0
91	63347.0
92	63347.0
93	63347.0
94	63347.0
95	156423.0
96	156423.0
97	156423.0
98	156423.0
99	156423.0
100	214262.0
101	214262.0
102	214262.0
103	214262.0
104	214262.0
105	83869.0
106	83869.0
107	83869.0
108	83869.0
109	83869.0
110	160593.0
111	160593.0
112	160593.0
113	160593.0
114	160593.0
115	150287.0
116	150287.0
117	150287.0
118	150287.0
119	150287.0
120	196836.0
121	196836.0
122	196836.0
123	196836.0
124	196836.0
125	143225.0
126	143225.0
127	143225.0
128	143225.0
129	143225.0
130	26599.0
131	26599.0
132	26599.0
133	26599.0
134	26599.0
135	157265.0
136	157265.0
137	157265.0
138	157265.0
139	157265.0
140	53110.0
141	53110.0
142	53110.0
143	53110.0
144	53110.0
145	217101.0
146	217101.0
147	217101.0
148	217101.0
149	217101.0
150	55148.0
151	55148.0
152	55148.0
153	55148.0
154	55148.0
155	74582.0
156	74582.0
157	74582.0
158	74582.0
159	74582.0
160	24136.0
161	24136.0
162	24136.0
163	24136.0
164	24136.0
165	74684.0
166	74684.0
167	74684.0
168	74684.0
169	74684.0
170	47664.0
171	47664.0
172	47664.0
173	47664.0
174	47664.0
175	135741.0
176	135741.0
177	135741.0
178	135741.0
179	135741.0
180	73061.0
181	73061.0
182	73061.0
183	73061.0
184	73061.0
185	184483.0
186	184483.0
187	184483.0
188	184483.0
189	184483.0
190	219470.0
191	219470.0
192	219470.0
193	219470.0
194	219470.0
195	147890.0
196	147890.0
197	147890.0
198	147890.0
199	147890.0
200	168794.0
201	168794.0
202	168794.0
203	168794.0
204	168794.0
205	143878.0
206	143878.0
207	143878.0
208	143878.0
209	143878.0
210	122161.0
211	122161.0
212	122161.0
213	122161.0
214	122161.0
215	205170.0
216	205170.0
217	205170.0
218	205170.0
219	205170.0
220	96654.0
221	96654.0
222	96654.0
223	96654.0
224	96654.0
225	44904.0
226	44904.0
227	44904.0
228	44904.0
229	44904.0
230	209666.0
231	209666.0
232	209666.0
233	209666.0
234	209666.0
235	207080.0
236	207080.0
237	207080.0
238	207080.0
239	207080.0
240	176582.0
241	176582.0
242	176582.0
243	176582.0
244	176582.0
245	180563.0
246	180563.0
247	180563.0
248	180563.0
249	180563.0
