0	82410.0
1	82410.0
2	82410.0
3	82410.0
4	82410.0
5	226296.0
6	226296.0
7	226296.0
8	226296.0
9	226296.0
10	98406.0
11	98406.0
12	98406.0
13	98406.0
14	98406.0
15	103490.0
16	103490.0
17	103490.0
18	103490.0
19	103490.0
20	73349.0
21	73349.0
22	73349.0
23	73349.0
24	73349.0
25	136076.0
26	136076.0
27	136076.0
28	136076.0
29	136076.0
30	147275.0
31	147275.0
32	147275.0
33	147275.0
34	147275.0
35	95394.0
36	95394.0
37	95394.0
38	95394.0
39	95394.0
40	78644.0
41	78644.0
42	78644.0
43	78644.0
44	78644.0
45	6708.0
46	6708.0
47	6708.0
48	6708.0
49	6708.0
50	84905.0
51	84905.0
52	84905.0
53	84905.0
54	84905.0
55	15563.0
56	15563.0
57	15563.0
58	15563.0
59	15563.0
60	47780.0
61	47780.0
62	47780.0
63	47780.0
64	47780.0
65	49728.0
66	49728.0
67	49728.0
68	49728.0
69	49728.0
70	17778.0
71	17778.0
72	17778.0
73	17778.0
74	17778.0
75	8754.0
76	8754.0
77	8754.0
78	8754.0
79	8754.0
80	75513.0
81	75513.0
82	75513.0
83	75513.0
84	75513.0
85	42161.0
86	42161.0
87	42161.0
88	42161.0
89	42161.0
90	158056.0
91	158056.0
92	158056.0
93	158056.0
94	158056.0
95	46041.0
96	46041.0
97	46041.0
98	46041.0
99	46041.0
100	206702.0
101	206702.0
102	206702.0
103	206702.0
104	206702.0
105	60649.0
106	60649.0
107	60649.0
108	60649.0
109	60649.0
110	86072.0
111	86072.0
112	86072.0
113	86072.0
114	86072.0
115	165315.0
116	165315.0
117	165315.0
118	165315.0
119	165315.0
120	100989.0
121	100989.0
122	100989.0
123	100989.0
124	100989.0
125	130555.0
126	130555.0
127	130555.0
128	130555.0
129	130555.0
130	60285.0
131	60285.0
132	60285.0
133	60285.0
134	60285.0
135	104463.0
136	104463.0
137	104463.0
138	104463.0
139	104463.0
140	209894.0
141	209894.0
142	209894.0
143	209894.0
144	209894.0
145	319.0
146	319.0
147	319.0
148	319.0
149	319.0
150	72708.0
151	72708.0
152	72708.0
153	72708.0
154	72708.0
155	161709.0
156	161709.0
157	161709.0
158	161709.0
159	161709.0
160	164697.0
161	164697.0
162	164697.0
163	164697.0
164	164697.0
165	13637.0
166	13637.0
167	13637.0
168	13637.0
169	13637.0
170	163962.0
171	163962.0
172	163962.0
173	163962.0
174	163962.0
175	148531.0
176	148531.0
177	148531.0
178	148531.0
179	148531.0
180	87758.0
181	87758.0
182	87758.0
183	87758.0
184	87758.0
185	162765.0
186	162765.0
187	162765.0
188	162765.0
189	162765.0
190	100303.0
191	100303.0
192	100303.0
193	100303.0
194	100303.0
195	187032.0
196	187032.0
197	187032.0
198	187032.0
199	187032.0
200	183106.0
201	183106.0
202	183106.0
203	183106.0
204	183106.0
205	196908.0
206	196908.0
207	196908.0
208	196908.0
209	196908.0
210	225049.0
211	225049.0
212	225049.0
213	225049.0
214	225049.0
215	208170.0
216	208170.0
217	208170.0
218	208170.0
219	208170.0
220	208637.0
221	208637.0
222	208637.0
223	208637.0
224	208637.0
225	138571.0
226	138571.0
227	138571.0
228	138571.0
229	138571.0
230	25741.0
231	25741.0
232	25741.0
233	25741.0
234	25741.0
235	1540.0
236	1540.0
237	1540.0
238	1540.0
239	1540.0
240	39502.0
241	39502.0
242	39502.0
243	39502.0
244	39502.0
245	169990.0
246	169990.0
247	169990.0
248	169990.0
249	169990.0
