0	9603.0
1	9603.0
2	9603.0
3	9603.0
4	9603.0
5	145536.0
6	145536.0
7	145536.0
8	145536.0
9	145536.0
10	147037.0
11	147037.0
12	147037.0
13	147037.0
14	147037.0
15	85616.0
16	85616.0
17	85616.0
18	85616.0
19	85616.0
20	43654.0
21	43654.0
22	43654.0
23	43654.0
24	43654.0
25	88318.0
26	88318.0
27	88318.0
28	88318.0
29	88318.0
30	152998.0
31	152998.0
32	152998.0
33	152998.0
34	152998.0
35	203256.0
36	203256.0
37	203256.0
38	203256.0
39	203256.0
40	112662.0
41	112662.0
42	112662.0
43	112662.0
44	112662.0
45	65434.0
46	65434.0
47	65434.0
48	65434.0
49	65434.0
50	2758.0
51	2758.0
52	2758.0
53	2758.0
54	2758.0
55	40723.0
56	40723.0
57	40723.0
58	40723.0
59	40723.0
60	137316.0
61	137316.0
62	137316.0
63	137316.0
64	137316.0
65	96144.0
66	96144.0
67	96144.0
68	96144.0
69	96144.0
70	200733.0
71	200733.0
72	200733.0
73	200733.0
74	200733.0
75	146121.0
76	146121.0
77	146121.0
78	146121.0
79	146121.0
80	45752.0
81	45752.0
82	45752.0
83	45752.0
84	45752.0
85	146263.0
86	146263.0
87	146263.0
88	146263.0
89	146263.0
90	206880.0
91	206880.0
92	206880.0
93	206880.0
94	206880.0
95	102864.0
96	102864.0
97	102864.0
98	102864.0
99	102864.0
100	205752.0
101	205752.0
102	205752.0
103	205752.0
104	205752.0
105	59412.0
106	59412.0
107	59412.0
108	59412.0
109	59412.0
110	222599.0
111	222599.0
112	222599.0
113	222599.0
114	222599.0
115	73585.0
116	73585.0
117	73585.0
118	73585.0
119	73585.0
120	170590.0
121	170590.0
122	170590.0
123	170590.0
124	170590.0
125	115863.0
126	115863.0
127	115863.0
128	115863.0
129	115863.0
130	17474.0
131	17474.0
132	17474.0
133	17474.0
134	17474.0
135	26893.0
136	26893.0
137	26893.0
138	26893.0
139	26893.0
140	141644.0
141	141644.0
142	141644.0
143	141644.0
144	141644.0
145	64578.0
146	64578.0
147	64578.0
148	64578.0
149	64578.0
150	172549.0
151	172549.0
152	172549.0
153	172549.0
154	172549.0
155	106184.0
156	106184.0
157	106184.0
158	106184.0
159	106184.0
160	119135.0
161	119135.0
162	119135.0
163	119135.0
164	119135.0
165	72477.0
166	72477.0
167	72477.0
168	72477.0
169	72477.0
170	164442.0
171	164442.0
172	164442.0
173	164442.0
174	164442.0
175	24364.0
176	24364.0
177	24364.0
178	24364.0
179	24364.0
180	183322.0
181	183322.0
182	183322.0
183	183322.0
184	183322.0
185	138955.0
186	138955.0
187	138955.0
188	138955.0
189	138955.0
190	176452.0
191	176452.0
192	176452.0
193	176452.0
194	176452.0
195	123995.0
196	123995.0
197	123995.0
198	123995.0
199	123995.0
200	94085.0
201	94085.0
202	94085.0
203	94085.0
204	94085.0
205	195299.0
206	195299.0
207	195299.0
208	195299.0
209	195299.0
210	89573.0
211	89573.0
212	89573.0
213	89573.0
214	89573.0
215	80263.0
216	80263.0
217	80263.0
218	80263.0
219	80263.0
220	141589.0
221	141589.0
222	141589.0
223	141589.0
224	141589.0
225	211898.0
226	211898.0
227	211898.0
228	211898.0
229	211898.0
230	74287.0
231	74287.0
232	74287.0
233	74287.0
234	74287.0
235	164376.0
236	164376.0
237	164376.0
238	164376.0
239	164376.0
240	123647.0
241	123647.0
242	123647.0
243	123647.0
244	123647.0
245	197136.0
246	197136.0
247	197136.0
248	197136.0
249	197136.0
