0	146431.0
1	146431.0
2	146431.0
3	146431.0
4	146431.0
5	165271.0
6	165271.0
7	165271.0
8	165271.0
9	165271.0
10	121224.0
11	121224.0
12	121224.0
13	121224.0
14	121224.0
15	27078.0
16	27078.0
17	27078.0
18	27078.0
19	27078.0
20	8868.0
21	8868.0
22	8868.0
23	8868.0
24	8868.0
25	173525.0
26	173525.0
27	173525.0
28	173525.0
29	173525.0
30	217183.0
31	217183.0
32	217183.0
33	217183.0
34	217183.0
35	24094.0
36	24094.0
37	24094.0
38	24094.0
39	24094.0
40	99483.0
41	99483.0
42	99483.0
43	99483.0
44	99483.0
45	4937.0
46	4937.0
47	4937.0
48	4937.0
49	4937.0
50	99151.0
51	99151.0
52	99151.0
53	99151.0
54	99151.0
55	23049.0
56	23049.0
57	23049.0
58	23049.0
59	23049.0
60	91468.0
61	91468.0
62	91468.0
63	91468.0
64	91468.0
65	62143.0
66	62143.0
67	62143.0
68	62143.0
69	62143.0
70	89645.0
71	89645.0
72	89645.0
73	89645.0
74	89645.0
75	184023.0
76	184023.0
77	184023.0
78	184023.0
79	184023.0
80	32346.0
81	32346.0
82	32346.0
83	32346.0
84	32346.0
85	178568.0
86	178568.0
87	178568.0
88	178568.0
89	178568.0
90	158328.0
91	158328.0
92	158328.0
93	158328.0
94	158328.0
95	111666.0
96	111666.0
97	111666.0
98	111666.0
99	111666.0
100	202224.0
101	202224.0
102	202224.0
103	202224.0
104	202224.0
105	141258.0
106	141258.0
107	141258.0
108	141258.0
109	141258.0
110	26992.0
111	26992.0
112	26992.0
113	26992.0
114	26992.0
115	218070.0
116	218070.0
117	218070.0
118	218070.0
119	218070.0
120	163770.0
121	163770.0
122	163770.0
123	163770.0
124	163770.0
125	125404.0
126	125404.0
127	125404.0
128	125404.0
129	125404.0
130	209224.0
131	209224.0
132	209224.0
133	209224.0
134	209224.0
135	19716.0
136	19716.0
137	19716.0
138	19716.0
139	19716.0
140	211952.0
141	211952.0
142	211952.0
143	211952.0
144	211952.0
145	186188.0
146	186188.0
147	186188.0
148	186188.0
149	186188.0
150	81232.0
151	81232.0
152	81232.0
153	81232.0
154	81232.0
155	45985.0
156	45985.0
157	45985.0
158	45985.0
159	45985.0
160	215214.0
161	215214.0
162	215214.0
163	215214.0
164	215214.0
165	30850.0
166	30850.0
167	30850.0
168	30850.0
169	30850.0
170	20387.0
171	20387.0
172	20387.0
173	20387.0
174	20387.0
175	196912.0
176	196912.0
177	196912.0
178	196912.0
179	196912.0
180	124970.0
181	124970.0
182	124970.0
183	124970.0
184	124970.0
185	129281.0
186	129281.0
187	129281.0
188	129281.0
189	129281.0
190	127060.0
191	127060.0
192	127060.0
193	127060.0
194	127060.0
195	132979.0
196	132979.0
197	132979.0
198	132979.0
199	132979.0
200	56625.0
201	56625.0
202	56625.0
203	56625.0
204	56625.0
205	198235.0
206	198235.0
207	198235.0
208	198235.0
209	198235.0
210	10253.0
211	10253.0
212	10253.0
213	10253.0
214	10253.0
215	32336.0
216	32336.0
217	32336.0
218	32336.0
219	32336.0
220	97610.0
221	97610.0
222	97610.0
223	97610.0
224	97610.0
225	142433.0
226	142433.0
227	142433.0
228	142433.0
229	142433.0
230	138438.0
231	138438.0
232	138438.0
233	138438.0
234	138438.0
235	11533.0
236	11533.0
237	11533.0
238	11533.0
239	11533.0
240	89677.0
241	89677.0
242	89677.0
243	89677.0
244	89677.0
245	184544.0
246	184544.0
247	184544.0
248	184544.0
249	184544.0
