0	206747.0
1	206747.0
2	206747.0
3	206747.0
4	206747.0
5	171420.0
6	171420.0
7	171420.0
8	171420.0
9	171420.0
10	216427.0
11	216427.0
12	216427.0
13	216427.0
14	216427.0
15	250495.0
16	250495.0
17	250495.0
18	250495.0
19	250495.0
20	183750.0
21	183750.0
22	183750.0
23	183750.0
24	183750.0
25	54412.0
26	54412.0
27	54412.0
28	54412.0
29	54412.0
30	191970.0
31	191970.0
32	191970.0
33	191970.0
34	191970.0
35	159042.0
36	159042.0
37	159042.0
38	159042.0
39	159042.0
40	71750.0
41	71750.0
42	71750.0
43	71750.0
44	71750.0
45	152620.0
46	152620.0
47	152620.0
48	152620.0
49	152620.0
50	222866.0
51	222866.0
52	222866.0
53	222866.0
54	222866.0
55	87082.0
56	87082.0
57	87082.0
58	87082.0
59	87082.0
60	150210.0
61	150210.0
62	150210.0
63	150210.0
64	150210.0
65	33366.0
66	33366.0
67	33366.0
68	33366.0
69	33366.0
70	61086.0
71	61086.0
72	61086.0
73	61086.0
74	61086.0
75	283710.0
76	283710.0
77	283710.0
78	283710.0
79	283710.0
80	1794.0
81	1794.0
82	1794.0
83	1794.0
84	1794.0
85	108280.0
86	108280.0
87	108280.0
88	108280.0
89	108280.0
90	231946.0
91	231946.0
92	231946.0
93	231946.0
94	231946.0
95	16189.0
96	16189.0
97	16189.0
98	16189.0
99	16189.0
100	34328.0
101	34328.0
102	34328.0
103	34328.0
104	34328.0
105	5692.0
106	5692.0
107	5692.0
108	5692.0
109	5692.0
110	285140.0
111	285140.0
112	285140.0
113	285140.0
114	285140.0
115	266794.0
116	266794.0
117	266794.0
118	266794.0
119	266794.0
120	239468.0
121	239468.0
122	239468.0
123	239468.0
124	239468.0
125	66370.0
126	66370.0
127	66370.0
128	66370.0
129	66370.0
130	293084.0
131	293084.0
132	293084.0
133	293084.0
134	293084.0
135	189723.0
136	189723.0
137	189723.0
138	189723.0
139	189723.0
140	27180.0
141	27180.0
142	27180.0
143	27180.0
144	27180.0
145	178974.0
146	178974.0
147	178974.0
148	178974.0
149	178974.0
150	152024.0
151	152024.0
152	152024.0
153	152024.0
154	152024.0
155	128648.0
156	128648.0
157	128648.0
158	128648.0
159	128648.0
160	90062.0
161	90062.0
162	90062.0
163	90062.0
164	90062.0
165	95819.0
166	95819.0
167	95819.0
168	95819.0
169	95819.0
170	179475.0
171	179475.0
172	179475.0
173	179475.0
174	179475.0
175	270703.0
176	270703.0
177	270703.0
178	270703.0
179	270703.0
180	72834.0
181	72834.0
182	72834.0
183	72834.0
184	72834.0
185	134613.0
186	134613.0
187	134613.0
188	134613.0
189	134613.0
190	237009.0
191	237009.0
192	237009.0
193	237009.0
194	237009.0
195	34574.0
196	34574.0
197	34574.0
198	34574.0
199	34574.0
200	33660.0
201	33660.0
202	33660.0
203	33660.0
204	33660.0
205	69356.0
206	69356.0
207	69356.0
208	69356.0
209	69356.0
210	56853.0
211	56853.0
212	56853.0
213	56853.0
214	56853.0
215	154622.0
216	154622.0
217	154622.0
218	154622.0
219	154622.0
220	80011.0
221	80011.0
222	80011.0
223	80011.0
224	80011.0
225	260613.0
226	260613.0
227	260613.0
228	260613.0
229	260613.0
230	123896.0
231	123896.0
232	123896.0
233	123896.0
234	123896.0
235	259532.0
236	259532.0
237	259532.0
238	259532.0
239	259532.0
240	84111.0
241	84111.0
242	84111.0
243	84111.0
244	84111.0
245	65858.0
246	65858.0
247	65858.0
248	65858.0
249	65858.0
