0	236288.0
1	236288.0
2	236288.0
3	236288.0
4	236288.0
5	112755.0
6	112755.0
7	112755.0
8	112755.0
9	112755.0
10	266857.0
11	266857.0
12	266857.0
13	266857.0
14	266857.0
15	271623.0
16	271623.0
17	271623.0
18	271623.0
19	271623.0
20	21856.0
21	21856.0
22	21856.0
23	21856.0
24	21856.0
25	55835.0
26	55835.0
27	55835.0
28	55835.0
29	55835.0
30	245301.0
31	245301.0
32	245301.0
33	245301.0
34	245301.0
35	269340.0
36	269340.0
37	269340.0
38	269340.0
39	269340.0
40	35154.0
41	35154.0
42	35154.0
43	35154.0
44	35154.0
45	236353.0
46	236353.0
47	236353.0
48	236353.0
49	236353.0
50	20359.0
51	20359.0
52	20359.0
53	20359.0
54	20359.0
55	122900.0
56	122900.0
57	122900.0
58	122900.0
59	122900.0
60	193573.0
61	193573.0
62	193573.0
63	193573.0
64	193573.0
65	187640.0
66	187640.0
67	187640.0
68	187640.0
69	187640.0
70	198397.0
71	198397.0
72	198397.0
73	198397.0
74	198397.0
75	137505.0
76	137505.0
77	137505.0
78	137505.0
79	137505.0
80	23162.0
81	23162.0
82	23162.0
83	23162.0
84	23162.0
85	267489.0
86	267489.0
87	267489.0
88	267489.0
89	267489.0
90	154006.0
91	154006.0
92	154006.0
93	154006.0
94	154006.0
95	148844.0
96	148844.0
97	148844.0
98	148844.0
99	148844.0
100	169177.0
101	169177.0
102	169177.0
103	169177.0
104	169177.0
105	163619.0
106	163619.0
107	163619.0
108	163619.0
109	163619.0
110	155240.0
111	155240.0
112	155240.0
113	155240.0
114	155240.0
115	114268.0
116	114268.0
117	114268.0
118	114268.0
119	114268.0
120	171675.0
121	171675.0
122	171675.0
123	171675.0
124	171675.0
125	155746.0
126	155746.0
127	155746.0
128	155746.0
129	155746.0
130	141278.0
131	141278.0
132	141278.0
133	141278.0
134	141278.0
135	88928.0
136	88928.0
137	88928.0
138	88928.0
139	88928.0
140	167277.0
141	167277.0
142	167277.0
143	167277.0
144	167277.0
145	162121.0
146	162121.0
147	162121.0
148	162121.0
149	162121.0
150	11884.0
151	11884.0
152	11884.0
153	11884.0
154	11884.0
155	176544.0
156	176544.0
157	176544.0
158	176544.0
159	176544.0
160	147531.0
161	147531.0
162	147531.0
163	147531.0
164	147531.0
165	262455.0
166	262455.0
167	262455.0
168	262455.0
169	262455.0
170	203492.0
171	203492.0
172	203492.0
173	203492.0
174	203492.0
175	66025.0
176	66025.0
177	66025.0
178	66025.0
179	66025.0
180	94622.0
181	94622.0
182	94622.0
183	94622.0
184	94622.0
185	46517.0
186	46517.0
187	46517.0
188	46517.0
189	46517.0
190	82340.0
191	82340.0
192	82340.0
193	82340.0
194	82340.0
195	103787.0
196	103787.0
197	103787.0
198	103787.0
199	103787.0
200	113113.0
201	113113.0
202	113113.0
203	113113.0
204	113113.0
205	238137.0
206	238137.0
207	238137.0
208	238137.0
209	238137.0
210	107932.0
211	107932.0
212	107932.0
213	107932.0
214	107932.0
215	36698.0
216	36698.0
217	36698.0
218	36698.0
219	36698.0
220	27170.0
221	27170.0
222	27170.0
223	27170.0
224	27170.0
225	219125.0
226	219125.0
227	219125.0
228	219125.0
229	219125.0
230	41676.0
231	41676.0
232	41676.0
233	41676.0
234	41676.0
235	298954.0
236	298954.0
237	298954.0
238	298954.0
239	298954.0
240	252291.0
241	252291.0
242	252291.0
243	252291.0
244	252291.0
245	52282.0
246	52282.0
247	52282.0
248	52282.0
249	52282.0
