0	236579.0
1	236579.0
2	236579.0
3	236579.0
4	236579.0
5	205241.0
6	205241.0
7	205241.0
8	205241.0
9	205241.0
10	594357.0
11	594357.0
12	594357.0
13	594357.0
14	594357.0
15	394534.0
16	394534.0
17	394534.0
18	394534.0
19	394534.0
20	308998.0
21	308998.0
22	308998.0
23	308998.0
24	308998.0
25	747817.0
26	747817.0
27	747817.0
28	747817.0
29	747817.0
30	194739.0
31	194739.0
32	194739.0
33	194739.0
34	194739.0
35	67226.0
36	67226.0
37	67226.0
38	67226.0
39	67226.0
40	367771.0
41	367771.0
42	367771.0
43	367771.0
44	367771.0
45	733227.0
46	733227.0
47	733227.0
48	733227.0
49	733227.0
50	180347.0
51	180347.0
52	180347.0
53	180347.0
54	180347.0
55	517631.0
56	517631.0
57	517631.0
58	517631.0
59	517631.0
60	579649.0
61	579649.0
62	579649.0
63	579649.0
64	579649.0
65	334817.0
66	334817.0
67	334817.0
68	334817.0
69	334817.0
70	341150.0
71	341150.0
72	341150.0
73	341150.0
74	341150.0
75	616819.0
76	616819.0
77	616819.0
78	616819.0
79	616819.0
80	565738.0
81	565738.0
82	565738.0
83	565738.0
84	565738.0
85	82344.0
86	82344.0
87	82344.0
88	82344.0
89	82344.0
90	223647.0
91	223647.0
92	223647.0
93	223647.0
94	223647.0
95	246471.0
96	246471.0
97	246471.0
98	246471.0
99	246471.0
100	625933.0
101	625933.0
102	625933.0
103	625933.0
104	625933.0
105	556721.0
106	556721.0
107	556721.0
108	556721.0
109	556721.0
110	301219.0
111	301219.0
112	301219.0
113	301219.0
114	301219.0
115	746090.0
116	746090.0
117	746090.0
118	746090.0
119	746090.0
120	569999.0
121	569999.0
122	569999.0
123	569999.0
124	569999.0
125	393273.0
126	393273.0
127	393273.0
128	393273.0
129	393273.0
130	462640.0
131	462640.0
132	462640.0
133	462640.0
134	462640.0
135	750709.0
136	750709.0
137	750709.0
138	750709.0
139	750709.0
140	240281.0
141	240281.0
142	240281.0
143	240281.0
144	240281.0
145	754751.0
146	754751.0
147	754751.0
148	754751.0
149	754751.0
150	173830.0
151	173830.0
152	173830.0
153	173830.0
154	173830.0
155	68471.0
156	68471.0
157	68471.0
158	68471.0
159	68471.0
160	182642.0
161	182642.0
162	182642.0
163	182642.0
164	182642.0
165	426667.0
166	426667.0
167	426667.0
168	426667.0
169	426667.0
170	353659.0
171	353659.0
172	353659.0
173	353659.0
174	353659.0
175	154124.0
176	154124.0
177	154124.0
178	154124.0
179	154124.0
180	331274.0
181	331274.0
182	331274.0
183	331274.0
184	331274.0
185	214670.0
186	214670.0
187	214670.0
188	214670.0
189	214670.0
190	590005.0
191	590005.0
192	590005.0
193	590005.0
194	590005.0
195	190778.0
196	190778.0
197	190778.0
198	190778.0
199	190778.0
200	95027.0
201	95027.0
202	95027.0
203	95027.0
204	95027.0
205	98546.0
206	98546.0
207	98546.0
208	98546.0
209	98546.0
210	420361.0
211	420361.0
212	420361.0
213	420361.0
214	420361.0
215	415131.0
216	415131.0
217	415131.0
218	415131.0
219	415131.0
220	237610.0
221	237610.0
222	237610.0
223	237610.0
224	237610.0
225	264073.0
226	264073.0
227	264073.0
228	264073.0
229	264073.0
230	355343.0
231	355343.0
232	355343.0
233	355343.0
234	355343.0
235	679109.0
236	679109.0
237	679109.0
238	679109.0
239	679109.0
240	640214.0
241	640214.0
242	640214.0
243	640214.0
244	640214.0
245	310940.0
246	310940.0
247	310940.0
248	310940.0
249	310940.0
