0	465189.0
1	465189.0
2	465189.0
3	465189.0
4	465189.0
5	191640.0
6	191640.0
7	191640.0
8	191640.0
9	191640.0
10	634867.0
11	634867.0
12	634867.0
13	634867.0
14	634867.0
15	758176.0
16	758176.0
17	758176.0
18	758176.0
19	758176.0
20	471224.0
21	471224.0
22	471224.0
23	471224.0
24	471224.0
25	561337.0
26	561337.0
27	561337.0
28	561337.0
29	561337.0
30	276428.0
31	276428.0
32	276428.0
33	276428.0
34	276428.0
35	43881.0
36	43881.0
37	43881.0
38	43881.0
39	43881.0
40	177753.0
41	177753.0
42	177753.0
43	177753.0
44	177753.0
45	399149.0
46	399149.0
47	399149.0
48	399149.0
49	399149.0
50	710438.0
51	710438.0
52	710438.0
53	710438.0
54	710438.0
55	139457.0
56	139457.0
57	139457.0
58	139457.0
59	139457.0
60	613542.0
61	613542.0
62	613542.0
63	613542.0
64	613542.0
65	372872.0
66	372872.0
67	372872.0
68	372872.0
69	372872.0
70	76975.0
71	76975.0
72	76975.0
73	76975.0
74	76975.0
75	568390.0
76	568390.0
77	568390.0
78	568390.0
79	568390.0
80	40403.0
81	40403.0
82	40403.0
83	40403.0
84	40403.0
85	700891.0
86	700891.0
87	700891.0
88	700891.0
89	700891.0
90	601569.0
91	601569.0
92	601569.0
93	601569.0
94	601569.0
95	538025.0
96	538025.0
97	538025.0
98	538025.0
99	538025.0
100	597279.0
101	597279.0
102	597279.0
103	597279.0
104	597279.0
105	278672.0
106	278672.0
107	278672.0
108	278672.0
109	278672.0
110	122712.0
111	122712.0
112	122712.0
113	122712.0
114	122712.0
115	190060.0
116	190060.0
117	190060.0
118	190060.0
119	190060.0
120	597505.0
121	597505.0
122	597505.0
123	597505.0
124	597505.0
125	542205.0
126	542205.0
127	542205.0
128	542205.0
129	542205.0
130	42621.0
131	42621.0
132	42621.0
133	42621.0
134	42621.0
135	321509.0
136	321509.0
137	321509.0
138	321509.0
139	321509.0
140	414150.0
141	414150.0
142	414150.0
143	414150.0
144	414150.0
145	412428.0
146	412428.0
147	412428.0
148	412428.0
149	412428.0
150	93165.0
151	93165.0
152	93165.0
153	93165.0
154	93165.0
155	762292.0
156	762292.0
157	762292.0
158	762292.0
159	762292.0
160	29229.0
161	29229.0
162	29229.0
163	29229.0
164	29229.0
165	39840.0
166	39840.0
167	39840.0
168	39840.0
169	39840.0
170	299636.0
171	299636.0
172	299636.0
173	299636.0
174	299636.0
175	617950.0
176	617950.0
177	617950.0
178	617950.0
179	617950.0
180	522622.0
181	522622.0
182	522622.0
183	522622.0
184	522622.0
185	448288.0
186	448288.0
187	448288.0
188	448288.0
189	448288.0
190	316458.0
191	316458.0
192	316458.0
193	316458.0
194	316458.0
195	299907.0
196	299907.0
197	299907.0
198	299907.0
199	299907.0
200	698857.0
201	698857.0
202	698857.0
203	698857.0
204	698857.0
205	680356.0
206	680356.0
207	680356.0
208	680356.0
209	680356.0
210	764359.0
211	764359.0
212	764359.0
213	764359.0
214	764359.0
215	352214.0
216	352214.0
217	352214.0
218	352214.0
219	352214.0
220	380808.0
221	380808.0
222	380808.0
223	380808.0
224	380808.0
225	151065.0
226	151065.0
227	151065.0
228	151065.0
229	151065.0
230	369703.0
231	369703.0
232	369703.0
233	369703.0
234	369703.0
235	97696.0
236	97696.0
237	97696.0
238	97696.0
239	97696.0
240	770185.0
241	770185.0
242	770185.0
243	770185.0
244	770185.0
245	279867.0
246	279867.0
247	279867.0
248	279867.0
249	279867.0
