0	511681.0
1	511681.0
2	511681.0
3	511681.0
4	511681.0
5	24647.0
6	24647.0
7	24647.0
8	24647.0
9	24647.0
10	717909.0
11	717909.0
12	717909.0
13	717909.0
14	717909.0
15	568774.0
16	568774.0
17	568774.0
18	568774.0
19	568774.0
20	238027.0
21	238027.0
22	238027.0
23	238027.0
24	238027.0
25	721395.0
26	721395.0
27	721395.0
28	721395.0
29	721395.0
30	274657.0
31	274657.0
32	274657.0
33	274657.0
34	274657.0
35	347112.0
36	347112.0
37	347112.0
38	347112.0
39	347112.0
40	123506.0
41	123506.0
42	123506.0
43	123506.0
44	123506.0
45	285178.0
46	285178.0
47	285178.0
48	285178.0
49	285178.0
50	371095.0
51	371095.0
52	371095.0
53	371095.0
54	371095.0
55	392666.0
56	392666.0
57	392666.0
58	392666.0
59	392666.0
60	477404.0
61	477404.0
62	477404.0
63	477404.0
64	477404.0
65	563410.0
66	563410.0
67	563410.0
68	563410.0
69	563410.0
70	309641.0
71	309641.0
72	309641.0
73	309641.0
74	309641.0
75	134373.0
76	134373.0
77	134373.0
78	134373.0
79	134373.0
80	156619.0
81	156619.0
82	156619.0
83	156619.0
84	156619.0
85	16079.0
86	16079.0
87	16079.0
88	16079.0
89	16079.0
90	646732.0
91	646732.0
92	646732.0
93	646732.0
94	646732.0
95	456031.0
96	456031.0
97	456031.0
98	456031.0
99	456031.0
100	65483.0
101	65483.0
102	65483.0
103	65483.0
104	65483.0
105	347526.0
106	347526.0
107	347526.0
108	347526.0
109	347526.0
110	481620.0
111	481620.0
112	481620.0
113	481620.0
114	481620.0
115	714158.0
116	714158.0
117	714158.0
118	714158.0
119	714158.0
120	67111.0
121	67111.0
122	67111.0
123	67111.0
124	67111.0
125	579463.0
126	579463.0
127	579463.0
128	579463.0
129	579463.0
130	325250.0
131	325250.0
132	325250.0
133	325250.0
134	325250.0
135	345753.0
136	345753.0
137	345753.0
138	345753.0
139	345753.0
140	207131.0
141	207131.0
142	207131.0
143	207131.0
144	207131.0
145	470521.0
146	470521.0
147	470521.0
148	470521.0
149	470521.0
150	13383.0
151	13383.0
152	13383.0
153	13383.0
154	13383.0
155	243135.0
156	243135.0
157	243135.0
158	243135.0
159	243135.0
160	729436.0
161	729436.0
162	729436.0
163	729436.0
164	729436.0
165	738748.0
166	738748.0
167	738748.0
168	738748.0
169	738748.0
170	546291.0
171	546291.0
172	546291.0
173	546291.0
174	546291.0
175	724957.0
176	724957.0
177	724957.0
178	724957.0
179	724957.0
180	612585.0
181	612585.0
182	612585.0
183	612585.0
184	612585.0
185	545094.0
186	545094.0
187	545094.0
188	545094.0
189	545094.0
190	419343.0
191	419343.0
192	419343.0
193	419343.0
194	419343.0
195	340483.0
196	340483.0
197	340483.0
198	340483.0
199	340483.0
200	445726.0
201	445726.0
202	445726.0
203	445726.0
204	445726.0
205	120041.0
206	120041.0
207	120041.0
208	120041.0
209	120041.0
210	526541.0
211	526541.0
212	526541.0
213	526541.0
214	526541.0
215	394847.0
216	394847.0
217	394847.0
218	394847.0
219	394847.0
220	525546.0
221	525546.0
222	525546.0
223	525546.0
224	525546.0
225	464584.0
226	464584.0
227	464584.0
228	464584.0
229	464584.0
230	517050.0
231	517050.0
232	517050.0
233	517050.0
234	517050.0
235	578788.0
236	578788.0
237	578788.0
238	578788.0
239	578788.0
240	578619.0
241	578619.0
242	578619.0
243	578619.0
244	578619.0
245	442273.0
246	442273.0
247	442273.0
248	442273.0
249	442273.0
