0	653618.0
1	653618.0
2	653618.0
3	653618.0
4	653618.0
5	728103.0
6	728103.0
7	728103.0
8	728103.0
9	728103.0
10	203679.0
11	203679.0
12	203679.0
13	203679.0
14	203679.0
15	421820.0
16	421820.0
17	421820.0
18	421820.0
19	421820.0
20	675951.0
21	675951.0
22	675951.0
23	675951.0
24	675951.0
25	163982.0
26	163982.0
27	163982.0
28	163982.0
29	163982.0
30	446761.0
31	446761.0
32	446761.0
33	446761.0
34	446761.0
35	476049.0
36	476049.0
37	476049.0
38	476049.0
39	476049.0
40	439455.0
41	439455.0
42	439455.0
43	439455.0
44	439455.0
45	294669.0
46	294669.0
47	294669.0
48	294669.0
49	294669.0
50	550800.0
51	550800.0
52	550800.0
53	550800.0
54	550800.0
55	493789.0
56	493789.0
57	493789.0
58	493789.0
59	493789.0
60	424567.0
61	424567.0
62	424567.0
63	424567.0
64	424567.0
65	437695.0
66	437695.0
67	437695.0
68	437695.0
69	437695.0
70	551820.0
71	551820.0
72	551820.0
73	551820.0
74	551820.0
75	27874.0
76	27874.0
77	27874.0
78	27874.0
79	27874.0
80	415342.0
81	415342.0
82	415342.0
83	415342.0
84	415342.0
85	537370.0
86	537370.0
87	537370.0
88	537370.0
89	537370.0
90	485687.0
91	485687.0
92	485687.0
93	485687.0
94	485687.0
95	633597.0
96	633597.0
97	633597.0
98	633597.0
99	633597.0
100	656232.0
101	656232.0
102	656232.0
103	656232.0
104	656232.0
105	92961.0
106	92961.0
107	92961.0
108	92961.0
109	92961.0
110	210841.0
111	210841.0
112	210841.0
113	210841.0
114	210841.0
115	555549.0
116	555549.0
117	555549.0
118	555549.0
119	555549.0
120	525863.0
121	525863.0
122	525863.0
123	525863.0
124	525863.0
125	491175.0
126	491175.0
127	491175.0
128	491175.0
129	491175.0
130	560785.0
131	560785.0
132	560785.0
133	560785.0
134	560785.0
135	90079.0
136	90079.0
137	90079.0
138	90079.0
139	90079.0
140	565479.0
141	565479.0
142	565479.0
143	565479.0
144	565479.0
145	128529.0
146	128529.0
147	128529.0
148	128529.0
149	128529.0
150	736505.0
151	736505.0
152	736505.0
153	736505.0
154	736505.0
155	685029.0
156	685029.0
157	685029.0
158	685029.0
159	685029.0
160	247192.0
161	247192.0
162	247192.0
163	247192.0
164	247192.0
165	281101.0
166	281101.0
167	281101.0
168	281101.0
169	281101.0
170	269023.0
171	269023.0
172	269023.0
173	269023.0
174	269023.0
175	453587.0
176	453587.0
177	453587.0
178	453587.0
179	453587.0
180	429945.0
181	429945.0
182	429945.0
183	429945.0
184	429945.0
185	634261.0
186	634261.0
187	634261.0
188	634261.0
189	634261.0
190	36420.0
191	36420.0
192	36420.0
193	36420.0
194	36420.0
195	324366.0
196	324366.0
197	324366.0
198	324366.0
199	324366.0
200	390858.0
201	390858.0
202	390858.0
203	390858.0
204	390858.0
205	138472.0
206	138472.0
207	138472.0
208	138472.0
209	138472.0
210	772384.0
211	772384.0
212	772384.0
213	772384.0
214	772384.0
215	130519.0
216	130519.0
217	130519.0
218	130519.0
219	130519.0
220	490491.0
221	490491.0
222	490491.0
223	490491.0
224	490491.0
225	325845.0
226	325845.0
227	325845.0
228	325845.0
229	325845.0
230	259653.0
231	259653.0
232	259653.0
233	259653.0
234	259653.0
235	241347.0
236	241347.0
237	241347.0
238	241347.0
239	241347.0
240	45749.0
241	45749.0
242	45749.0
243	45749.0
244	45749.0
245	747696.0
246	747696.0
247	747696.0
248	747696.0
249	747696.0
