0	264708.0
1	264708.0
2	264708.0
3	264708.0
4	264708.0
5	618706.0
6	618706.0
7	618706.0
8	618706.0
9	618706.0
10	764089.0
11	764089.0
12	764089.0
13	764089.0
14	764089.0
15	28470.0
16	28470.0
17	28470.0
18	28470.0
19	28470.0
20	46965.0
21	46965.0
22	46965.0
23	46965.0
24	46965.0
25	642409.0
26	642409.0
27	642409.0
28	642409.0
29	642409.0
30	114164.0
31	114164.0
32	114164.0
33	114164.0
34	114164.0
35	431128.0
36	431128.0
37	431128.0
38	431128.0
39	431128.0
40	594041.0
41	594041.0
42	594041.0
43	594041.0
44	594041.0
45	600003.0
46	600003.0
47	600003.0
48	600003.0
49	600003.0
50	330896.0
51	330896.0
52	330896.0
53	330896.0
54	330896.0
55	747424.0
56	747424.0
57	747424.0
58	747424.0
59	747424.0
60	24305.0
61	24305.0
62	24305.0
63	24305.0
64	24305.0
65	193691.0
66	193691.0
67	193691.0
68	193691.0
69	193691.0
70	631231.0
71	631231.0
72	631231.0
73	631231.0
74	631231.0
75	123099.0
76	123099.0
77	123099.0
78	123099.0
79	123099.0
80	55910.0
81	55910.0
82	55910.0
83	55910.0
84	55910.0
85	265187.0
86	265187.0
87	265187.0
88	265187.0
89	265187.0
90	729354.0
91	729354.0
92	729354.0
93	729354.0
94	729354.0
95	312697.0
96	312697.0
97	312697.0
98	312697.0
99	312697.0
100	392497.0
101	392497.0
102	392497.0
103	392497.0
104	392497.0
105	107732.0
106	107732.0
107	107732.0
108	107732.0
109	107732.0
110	629383.0
111	629383.0
112	629383.0
113	629383.0
114	629383.0
115	480443.0
116	480443.0
117	480443.0
118	480443.0
119	480443.0
120	87173.0
121	87173.0
122	87173.0
123	87173.0
124	87173.0
125	708340.0
126	708340.0
127	708340.0
128	708340.0
129	708340.0
130	43205.0
131	43205.0
132	43205.0
133	43205.0
134	43205.0
135	286874.0
136	286874.0
137	286874.0
138	286874.0
139	286874.0
140	436243.0
141	436243.0
142	436243.0
143	436243.0
144	436243.0
145	419186.0
146	419186.0
147	419186.0
148	419186.0
149	419186.0
150	151165.0
151	151165.0
152	151165.0
153	151165.0
154	151165.0
155	609626.0
156	609626.0
157	609626.0
158	609626.0
159	609626.0
160	501783.0
161	501783.0
162	501783.0
163	501783.0
164	501783.0
165	581099.0
166	581099.0
167	581099.0
168	581099.0
169	581099.0
170	375942.0
171	375942.0
172	375942.0
173	375942.0
174	375942.0
175	750876.0
176	750876.0
177	750876.0
178	750876.0
179	750876.0
180	167134.0
181	167134.0
182	167134.0
183	167134.0
184	167134.0
185	123833.0
186	123833.0
187	123833.0
188	123833.0
189	123833.0
190	66105.0
191	66105.0
192	66105.0
193	66105.0
194	66105.0
195	655853.0
196	655853.0
197	655853.0
198	655853.0
199	655853.0
200	387905.0
201	387905.0
202	387905.0
203	387905.0
204	387905.0
205	663541.0
206	663541.0
207	663541.0
208	663541.0
209	663541.0
210	248473.0
211	248473.0
212	248473.0
213	248473.0
214	248473.0
215	244643.0
216	244643.0
217	244643.0
218	244643.0
219	244643.0
220	493353.0
221	493353.0
222	493353.0
223	493353.0
224	493353.0
225	473357.0
226	473357.0
227	473357.0
228	473357.0
229	473357.0
230	560055.0
231	560055.0
232	560055.0
233	560055.0
234	560055.0
235	725963.0
236	725963.0
237	725963.0
238	725963.0
239	725963.0
240	407742.0
241	407742.0
242	407742.0
243	407742.0
244	407742.0
245	513173.0
246	513173.0
247	513173.0
248	513173.0
249	513173.0
