0	158889.0
1	158889.0
2	158889.0
3	158889.0
4	158889.0
5	98670.0
6	98670.0
7	98670.0
8	98670.0
9	98670.0
10	39526.0
11	39526.0
12	39526.0
13	39526.0
14	39526.0
15	57969.0
16	57969.0
17	57969.0
18	57969.0
19	57969.0
20	143423.0
21	143423.0
22	143423.0
23	143423.0
24	143423.0
25	16489.0
26	16489.0
27	16489.0
28	16489.0
29	16489.0
30	130816.0
31	130816.0
32	130816.0
33	130816.0
34	130816.0
35	95085.0
36	95085.0
37	95085.0
38	95085.0
39	95085.0
40	118091.0
41	118091.0
42	118091.0
43	118091.0
44	118091.0
45	48488.0
46	48488.0
47	48488.0
48	48488.0
49	48488.0
50	156757.0
51	156757.0
52	156757.0
53	156757.0
54	156757.0
55	81964.0
56	81964.0
57	81964.0
58	81964.0
59	81964.0
60	115360.0
61	115360.0
62	115360.0
63	115360.0
64	115360.0
65	150035.0
66	150035.0
67	150035.0
68	150035.0
69	150035.0
70	12757.0
71	12757.0
72	12757.0
73	12757.0
74	12757.0
75	18107.0
76	18107.0
77	18107.0
78	18107.0
79	18107.0
80	160029.0
81	160029.0
82	160029.0
83	160029.0
84	160029.0
85	133597.0
86	133597.0
87	133597.0
88	133597.0
89	133597.0
90	7971.0
91	7971.0
92	7971.0
93	7971.0
94	7971.0
95	86739.0
96	86739.0
97	86739.0
98	86739.0
99	86739.0
100	88028.0
101	88028.0
102	88028.0
103	88028.0
104	88028.0
105	17548.0
106	17548.0
107	17548.0
108	17548.0
109	17548.0
110	44058.0
111	44058.0
112	44058.0
113	44058.0
114	44058.0
115	104241.0
116	104241.0
117	104241.0
118	104241.0
119	104241.0
120	87290.0
121	87290.0
122	87290.0
123	87290.0
124	87290.0
125	155168.0
126	155168.0
127	155168.0
128	155168.0
129	155168.0
130	34498.0
131	34498.0
132	34498.0
133	34498.0
134	34498.0
135	65814.0
136	65814.0
137	65814.0
138	65814.0
139	65814.0
140	14473.0
141	14473.0
142	14473.0
143	14473.0
144	14473.0
145	58640.0
146	58640.0
147	58640.0
148	58640.0
149	58640.0
150	31461.0
151	31461.0
152	31461.0
153	31461.0
154	31461.0
155	47635.0
156	47635.0
157	47635.0
158	47635.0
159	47635.0
160	17492.0
161	17492.0
162	17492.0
163	17492.0
164	17492.0
165	31906.0
166	31906.0
167	31906.0
168	31906.0
169	31906.0
170	112695.0
171	112695.0
172	112695.0
173	112695.0
174	112695.0
175	119759.0
176	119759.0
177	119759.0
178	119759.0
179	119759.0
180	96653.0
181	96653.0
182	96653.0
183	96653.0
184	96653.0
185	39194.0
186	39194.0
187	39194.0
188	39194.0
189	39194.0
190	161011.0
191	161011.0
192	161011.0
193	161011.0
194	161011.0
195	161929.0
196	161929.0
197	161929.0
198	161929.0
199	161929.0
200	135901.0
201	135901.0
202	135901.0
203	135901.0
204	135901.0
205	130319.0
206	130319.0
207	130319.0
208	130319.0
209	130319.0
210	8530.0
211	8530.0
212	8530.0
213	8530.0
214	8530.0
215	23708.0
216	23708.0
217	23708.0
218	23708.0
219	23708.0
220	113886.0
221	113886.0
222	113886.0
223	113886.0
224	113886.0
225	25837.0
226	25837.0
227	25837.0
228	25837.0
229	25837.0
230	128718.0
231	128718.0
232	128718.0
233	128718.0
234	128718.0
235	33296.0
236	33296.0
237	33296.0
238	33296.0
239	33296.0
240	55600.0
241	55600.0
242	55600.0
243	55600.0
244	55600.0
245	79417.0
246	79417.0
247	79417.0
248	79417.0
249	79417.0
