0	22666.0
1	22666.0
2	22666.0
3	22666.0
4	22666.0
5	103944.0
6	103944.0
7	103944.0
8	103944.0
9	103944.0
10	37029.0
11	37029.0
12	37029.0
13	37029.0
14	37029.0
15	150367.0
16	150367.0
17	150367.0
18	150367.0
19	150367.0
20	129149.0
21	129149.0
22	129149.0
23	129149.0
24	129149.0
25	15260.0
26	15260.0
27	15260.0
28	15260.0
29	15260.0
30	63289.0
31	63289.0
32	63289.0
33	63289.0
34	63289.0
35	149936.0
36	149936.0
37	149936.0
38	149936.0
39	149936.0
40	138241.0
41	138241.0
42	138241.0
43	138241.0
44	138241.0
45	68725.0
46	68725.0
47	68725.0
48	68725.0
49	68725.0
50	124063.0
51	124063.0
52	124063.0
53	124063.0
54	124063.0
55	72513.0
56	72513.0
57	72513.0
58	72513.0
59	72513.0
60	139091.0
61	139091.0
62	139091.0
63	139091.0
64	139091.0
65	158986.0
66	158986.0
67	158986.0
68	158986.0
69	158986.0
70	11527.0
71	11527.0
72	11527.0
73	11527.0
74	11527.0
75	154430.0
76	154430.0
77	154430.0
78	154430.0
79	154430.0
80	145070.0
81	145070.0
82	145070.0
83	145070.0
84	145070.0
85	111828.0
86	111828.0
87	111828.0
88	111828.0
89	111828.0
90	5993.0
91	5993.0
92	5993.0
93	5993.0
94	5993.0
95	157115.0
96	157115.0
97	157115.0
98	157115.0
99	157115.0
100	6897.0
101	6897.0
102	6897.0
103	6897.0
104	6897.0
105	141550.0
106	141550.0
107	141550.0
108	141550.0
109	141550.0
110	89168.0
111	89168.0
112	89168.0
113	89168.0
114	89168.0
115	137601.0
116	137601.0
117	137601.0
118	137601.0
119	137601.0
120	63104.0
121	63104.0
122	63104.0
123	63104.0
124	63104.0
125	138771.0
126	138771.0
127	138771.0
128	138771.0
129	138771.0
130	69170.0
131	69170.0
132	69170.0
133	69170.0
134	69170.0
135	131592.0
136	131592.0
137	131592.0
138	131592.0
139	131592.0
140	89490.0
141	89490.0
142	89490.0
143	89490.0
144	89490.0
145	147508.0
146	147508.0
147	147508.0
148	147508.0
149	147508.0
150	96867.0
151	96867.0
152	96867.0
153	96867.0
154	96867.0
155	80124.0
156	80124.0
157	80124.0
158	80124.0
159	80124.0
160	55920.0
161	55920.0
162	55920.0
163	55920.0
164	55920.0
165	5499.0
166	5499.0
167	5499.0
168	5499.0
169	5499.0
170	17327.0
171	17327.0
172	17327.0
173	17327.0
174	17327.0
175	34952.0
176	34952.0
177	34952.0
178	34952.0
179	34952.0
180	51389.0
181	51389.0
182	51389.0
183	51389.0
184	51389.0
185	116848.0
186	116848.0
187	116848.0
188	116848.0
189	116848.0
190	41118.0
191	41118.0
192	41118.0
193	41118.0
194	41118.0
195	126564.0
196	126564.0
197	126564.0
198	126564.0
199	126564.0
200	153828.0
201	153828.0
202	153828.0
203	153828.0
204	153828.0
205	49127.0
206	49127.0
207	49127.0
208	49127.0
209	49127.0
210	13327.0
211	13327.0
212	13327.0
213	13327.0
214	13327.0
215	155087.0
216	155087.0
217	155087.0
218	155087.0
219	155087.0
220	145611.0
221	145611.0
222	145611.0
223	145611.0
224	145611.0
225	127351.0
226	127351.0
227	127351.0
228	127351.0
229	127351.0
230	149717.0
231	149717.0
232	149717.0
233	149717.0
234	149717.0
235	144258.0
236	144258.0
237	144258.0
238	144258.0
239	144258.0
240	152674.0
241	152674.0
242	152674.0
243	152674.0
244	152674.0
245	121051.0
246	121051.0
247	121051.0
248	121051.0
249	121051.0
