0	157809.0
1	157809.0
2	157809.0
3	157809.0
4	157809.0
5	118903.0
6	118903.0
7	118903.0
8	118903.0
9	118903.0
10	82045.0
11	82045.0
12	82045.0
13	82045.0
14	82045.0
15	37418.0
16	37418.0
17	37418.0
18	37418.0
19	37418.0
20	10138.0
21	10138.0
22	10138.0
23	10138.0
24	10138.0
25	158344.0
26	158344.0
27	158344.0
28	158344.0
29	158344.0
30	93788.0
31	93788.0
32	93788.0
33	93788.0
34	93788.0
35	158468.0
36	158468.0
37	158468.0
38	158468.0
39	158468.0
40	119159.0
41	119159.0
42	119159.0
43	119159.0
44	119159.0
45	149010.0
46	149010.0
47	149010.0
48	149010.0
49	149010.0
50	125104.0
51	125104.0
52	125104.0
53	125104.0
54	125104.0
55	121384.0
56	121384.0
57	121384.0
58	121384.0
59	121384.0
60	94133.0
61	94133.0
62	94133.0
63	94133.0
64	94133.0
65	114502.0
66	114502.0
67	114502.0
68	114502.0
69	114502.0
70	70503.0
71	70503.0
72	70503.0
73	70503.0
74	70503.0
75	152982.0
76	152982.0
77	152982.0
78	152982.0
79	152982.0
80	118798.0
81	118798.0
82	118798.0
83	118798.0
84	118798.0
85	82238.0
86	82238.0
87	82238.0
88	82238.0
89	82238.0
90	99032.0
91	99032.0
92	99032.0
93	99032.0
94	99032.0
95	36859.0
96	36859.0
97	36859.0
98	36859.0
99	36859.0
100	112379.0
101	112379.0
102	112379.0
103	112379.0
104	112379.0
105	15714.0
106	15714.0
107	15714.0
108	15714.0
109	15714.0
110	33694.0
111	33694.0
112	33694.0
113	33694.0
114	33694.0
115	88244.0
116	88244.0
117	88244.0
118	88244.0
119	88244.0
120	114836.0
121	114836.0
122	114836.0
123	114836.0
124	114836.0
125	35885.0
126	35885.0
127	35885.0
128	35885.0
129	35885.0
130	50626.0
131	50626.0
132	50626.0
133	50626.0
134	50626.0
135	111718.0
136	111718.0
137	111718.0
138	111718.0
139	111718.0
140	159821.0
141	159821.0
142	159821.0
143	159821.0
144	159821.0
145	147055.0
146	147055.0
147	147055.0
148	147055.0
149	147055.0
150	25855.0
151	25855.0
152	25855.0
153	25855.0
154	25855.0
155	64258.0
156	64258.0
157	64258.0
158	64258.0
159	64258.0
160	159391.0
161	159391.0
162	159391.0
163	159391.0
164	159391.0
165	27064.0
166	27064.0
167	27064.0
168	27064.0
169	27064.0
170	96349.0
171	96349.0
172	96349.0
173	96349.0
174	96349.0
175	95028.0
176	95028.0
177	95028.0
178	95028.0
179	95028.0
180	160120.0
181	160120.0
182	160120.0
183	160120.0
184	160120.0
185	3047.0
186	3047.0
187	3047.0
188	3047.0
189	3047.0
190	122413.0
191	122413.0
192	122413.0
193	122413.0
194	122413.0
195	138947.0
196	138947.0
197	138947.0
198	138947.0
199	138947.0
200	73174.0
201	73174.0
202	73174.0
203	73174.0
204	73174.0
205	103078.0
206	103078.0
207	103078.0
208	103078.0
209	103078.0
210	83556.0
211	83556.0
212	83556.0
213	83556.0
214	83556.0
215	90479.0
216	90479.0
217	90479.0
218	90479.0
219	90479.0
220	64933.0
221	64933.0
222	64933.0
223	64933.0
224	64933.0
225	40527.0
226	40527.0
227	40527.0
228	40527.0
229	40527.0
230	109094.0
231	109094.0
232	109094.0
233	109094.0
234	109094.0
235	43797.0
236	43797.0
237	43797.0
238	43797.0
239	43797.0
240	19989.0
241	19989.0
242	19989.0
243	19989.0
244	19989.0
245	128862.0
246	128862.0
247	128862.0
248	128862.0
249	128862.0
