0	59051.0
1	59051.0
2	59051.0
3	59051.0
4	59051.0
5	19720.0
6	19720.0
7	19720.0
8	19720.0
9	19720.0
10	10005.0
11	10005.0
12	10005.0
13	10005.0
14	10005.0
15	152461.0
16	152461.0
17	152461.0
18	152461.0
19	152461.0
20	7538.0
21	7538.0
22	7538.0
23	7538.0
24	7538.0
25	126051.0
26	126051.0
27	126051.0
28	126051.0
29	126051.0
30	30664.0
31	30664.0
32	30664.0
33	30664.0
34	30664.0
35	58858.0
36	58858.0
37	58858.0
38	58858.0
39	58858.0
40	58212.0
41	58212.0
42	58212.0
43	58212.0
44	58212.0
45	115260.0
46	115260.0
47	115260.0
48	115260.0
49	115260.0
50	12988.0
51	12988.0
52	12988.0
53	12988.0
54	12988.0
55	109115.0
56	109115.0
57	109115.0
58	109115.0
59	109115.0
60	29036.0
61	29036.0
62	29036.0
63	29036.0
64	29036.0
65	14681.0
66	14681.0
67	14681.0
68	14681.0
69	14681.0
70	61421.0
71	61421.0
72	61421.0
73	61421.0
74	61421.0
75	104505.0
76	104505.0
77	104505.0
78	104505.0
79	104505.0
80	87682.0
81	87682.0
82	87682.0
83	87682.0
84	87682.0
85	107082.0
86	107082.0
87	107082.0
88	107082.0
89	107082.0
90	40268.0
91	40268.0
92	40268.0
93	40268.0
94	40268.0
95	91016.0
96	91016.0
97	91016.0
98	91016.0
99	91016.0
100	88838.0
101	88838.0
102	88838.0
103	88838.0
104	88838.0
105	51535.0
106	51535.0
107	51535.0
108	51535.0
109	51535.0
110	35089.0
111	35089.0
112	35089.0
113	35089.0
114	35089.0
115	5446.0
116	5446.0
117	5446.0
118	5446.0
119	5446.0
120	1017.0
121	1017.0
122	1017.0
123	1017.0
124	1017.0
125	104047.0
126	104047.0
127	104047.0
128	104047.0
129	104047.0
130	34687.0
131	34687.0
132	34687.0
133	34687.0
134	34687.0
135	95285.0
136	95285.0
137	95285.0
138	95285.0
139	95285.0
140	1788.0
141	1788.0
142	1788.0
143	1788.0
144	1788.0
145	88680.0
146	88680.0
147	88680.0
148	88680.0
149	88680.0
150	108763.0
151	108763.0
152	108763.0
153	108763.0
154	108763.0
155	63851.0
156	63851.0
157	63851.0
158	63851.0
159	63851.0
160	137894.0
161	137894.0
162	137894.0
163	137894.0
164	137894.0
165	85834.0
166	85834.0
167	85834.0
168	85834.0
169	85834.0
170	67228.0
171	67228.0
172	67228.0
173	67228.0
174	67228.0
175	122697.0
176	122697.0
177	122697.0
178	122697.0
179	122697.0
180	60073.0
181	60073.0
182	60073.0
183	60073.0
184	60073.0
185	76940.0
186	76940.0
187	76940.0
188	76940.0
189	76940.0
190	142451.0
191	142451.0
192	142451.0
193	142451.0
194	142451.0
195	146446.0
196	146446.0
197	146446.0
198	146446.0
199	146446.0
200	5425.0
201	5425.0
202	5425.0
203	5425.0
204	5425.0
205	78820.0
206	78820.0
207	78820.0
208	78820.0
209	78820.0
210	44601.0
211	44601.0
212	44601.0
213	44601.0
214	44601.0
215	145954.0
216	145954.0
217	145954.0
218	145954.0
219	145954.0
220	114974.0
221	114974.0
222	114974.0
223	114974.0
224	114974.0
225	90692.0
226	90692.0
227	90692.0
228	90692.0
229	90692.0
230	36132.0
231	36132.0
232	36132.0
233	36132.0
234	36132.0
235	120492.0
236	120492.0
237	120492.0
238	120492.0
239	120492.0
240	156109.0
241	156109.0
242	156109.0
243	156109.0
244	156109.0
245	142656.0
246	142656.0
247	142656.0
248	142656.0
249	142656.0
