0	109794.0
1	109794.0
2	109794.0
3	109794.0
4	109794.0
5	32829.0
6	32829.0
7	32829.0
8	32829.0
9	32829.0
10	52258.0
11	52258.0
12	52258.0
13	52258.0
14	52258.0
15	123799.0
16	123799.0
17	123799.0
18	123799.0
19	123799.0
20	21238.0
21	21238.0
22	21238.0
23	21238.0
24	21238.0
25	15937.0
26	15937.0
27	15937.0
28	15937.0
29	15937.0
30	162596.0
31	162596.0
32	162596.0
33	162596.0
34	162596.0
35	57239.0
36	57239.0
37	57239.0
38	57239.0
39	57239.0
40	21137.0
41	21137.0
42	21137.0
43	21137.0
44	21137.0
45	65620.0
46	65620.0
47	65620.0
48	65620.0
49	65620.0
50	126230.0
51	126230.0
52	126230.0
53	126230.0
54	126230.0
55	114577.0
56	114577.0
57	114577.0
58	114577.0
59	114577.0
60	17668.0
61	17668.0
62	17668.0
63	17668.0
64	17668.0
65	89691.0
66	89691.0
67	89691.0
68	89691.0
69	89691.0
70	83518.0
71	83518.0
72	83518.0
73	83518.0
74	83518.0
75	94486.0
76	94486.0
77	94486.0
78	94486.0
79	94486.0
80	110302.0
81	110302.0
82	110302.0
83	110302.0
84	110302.0
85	60490.0
86	60490.0
87	60490.0
88	60490.0
89	60490.0
90	43356.0
91	43356.0
92	43356.0
93	43356.0
94	43356.0
95	140088.0
96	140088.0
97	140088.0
98	140088.0
99	140088.0
100	142188.0
101	142188.0
102	142188.0
103	142188.0
104	142188.0
105	105689.0
106	105689.0
107	105689.0
108	105689.0
109	105689.0
110	3536.0
111	3536.0
112	3536.0
113	3536.0
114	3536.0
115	159113.0
116	159113.0
117	159113.0
118	159113.0
119	159113.0
120	102712.0
121	102712.0
122	102712.0
123	102712.0
124	102712.0
125	154763.0
126	154763.0
127	154763.0
128	154763.0
129	154763.0
130	120747.0
131	120747.0
132	120747.0
133	120747.0
134	120747.0
135	138784.0
136	138784.0
137	138784.0
138	138784.0
139	138784.0
140	145743.0
141	145743.0
142	145743.0
143	145743.0
144	145743.0
145	41109.0
146	41109.0
147	41109.0
148	41109.0
149	41109.0
150	36175.0
151	36175.0
152	36175.0
153	36175.0
154	36175.0
155	96281.0
156	96281.0
157	96281.0
158	96281.0
159	96281.0
160	79283.0
161	79283.0
162	79283.0
163	79283.0
164	79283.0
165	47058.0
166	47058.0
167	47058.0
168	47058.0
169	47058.0
170	9360.0
171	9360.0
172	9360.0
173	9360.0
174	9360.0
175	91594.0
176	91594.0
177	91594.0
178	91594.0
179	91594.0
180	87817.0
181	87817.0
182	87817.0
183	87817.0
184	87817.0
185	119816.0
186	119816.0
187	119816.0
188	119816.0
189	119816.0
190	155305.0
191	155305.0
192	155305.0
193	155305.0
194	155305.0
195	99726.0
196	99726.0
197	99726.0
198	99726.0
199	99726.0
200	45318.0
201	45318.0
202	45318.0
203	45318.0
204	45318.0
205	159980.0
206	159980.0
207	159980.0
208	159980.0
209	159980.0
210	31852.0
211	31852.0
212	31852.0
213	31852.0
214	31852.0
215	66674.0
216	66674.0
217	66674.0
218	66674.0
219	66674.0
220	77762.0
221	77762.0
222	77762.0
223	77762.0
224	77762.0
225	99959.0
226	99959.0
227	99959.0
228	99959.0
229	99959.0
230	107515.0
231	107515.0
232	107515.0
233	107515.0
234	107515.0
235	94582.0
236	94582.0
237	94582.0
238	94582.0
239	94582.0
240	35017.0
241	35017.0
242	35017.0
243	35017.0
244	35017.0
245	22248.0
246	22248.0
247	22248.0
248	22248.0
249	22248.0
