0	118697.0
1	118697.0
2	118697.0
3	118697.0
4	118697.0
5	39163.0
6	39163.0
7	39163.0
8	39163.0
9	39163.0
10	92696.0
11	92696.0
12	92696.0
13	92696.0
14	92696.0
15	8804.0
16	8804.0
17	8804.0
18	8804.0
19	8804.0
20	94622.0
21	94622.0
22	94622.0
23	94622.0
24	94622.0
25	122483.0
26	122483.0
27	122483.0
28	122483.0
29	122483.0
30	25591.0
31	25591.0
32	25591.0
33	25591.0
34	25591.0
35	80462.0
36	80462.0
37	80462.0
38	80462.0
39	80462.0
40	126084.0
41	126084.0
42	126084.0
43	126084.0
44	126084.0
45	140035.0
46	140035.0
47	140035.0
48	140035.0
49	140035.0
50	6565.0
51	6565.0
52	6565.0
53	6565.0
54	6565.0
55	147280.0
56	147280.0
57	147280.0
58	147280.0
59	147280.0
60	17826.0
61	17826.0
62	17826.0
63	17826.0
64	17826.0
65	62724.0
66	62724.0
67	62724.0
68	62724.0
69	62724.0
70	150569.0
71	150569.0
72	150569.0
73	150569.0
74	150569.0
75	124339.0
76	124339.0
77	124339.0
78	124339.0
79	124339.0
80	12014.0
81	12014.0
82	12014.0
83	12014.0
84	12014.0
85	123414.0
86	123414.0
87	123414.0
88	123414.0
89	123414.0
90	10430.0
91	10430.0
92	10430.0
93	10430.0
94	10430.0
95	124845.0
96	124845.0
97	124845.0
98	124845.0
99	124845.0
100	116796.0
101	116796.0
102	116796.0
103	116796.0
104	116796.0
105	143187.0
106	143187.0
107	143187.0
108	143187.0
109	143187.0
110	56932.0
111	56932.0
112	56932.0
113	56932.0
114	56932.0
115	52774.0
116	52774.0
117	52774.0
118	52774.0
119	52774.0
120	11325.0
121	11325.0
122	11325.0
123	11325.0
124	11325.0
125	65739.0
126	65739.0
127	65739.0
128	65739.0
129	65739.0
130	649.0
131	649.0
132	649.0
133	649.0
134	649.0
135	12254.0
136	12254.0
137	12254.0
138	12254.0
139	12254.0
140	54150.0
141	54150.0
142	54150.0
143	54150.0
144	54150.0
145	70172.0
146	70172.0
147	70172.0
148	70172.0
149	70172.0
150	894.0
151	894.0
152	894.0
153	894.0
154	894.0
155	157003.0
156	157003.0
157	157003.0
158	157003.0
159	157003.0
160	28685.0
161	28685.0
162	28685.0
163	28685.0
164	28685.0
165	131539.0
166	131539.0
167	131539.0
168	131539.0
169	131539.0
170	49294.0
171	49294.0
172	49294.0
173	49294.0
174	49294.0
175	99358.0
176	99358.0
177	99358.0
178	99358.0
179	99358.0
180	32898.0
181	32898.0
182	32898.0
183	32898.0
184	32898.0
185	131047.0
186	131047.0
187	131047.0
188	131047.0
189	131047.0
190	1574.0
191	1574.0
192	1574.0
193	1574.0
194	1574.0
195	109993.0
196	109993.0
197	109993.0
198	109993.0
199	109993.0
200	105018.0
201	105018.0
202	105018.0
203	105018.0
204	105018.0
205	114733.0
206	114733.0
207	114733.0
208	114733.0
209	114733.0
210	46318.0
211	46318.0
212	46318.0
213	46318.0
214	46318.0
215	95576.0
216	95576.0
217	95576.0
218	95576.0
219	95576.0
220	7576.0
221	7576.0
222	7576.0
223	7576.0
224	7576.0
225	102971.0
226	102971.0
227	102971.0
228	102971.0
229	102971.0
230	111702.0
231	111702.0
232	111702.0
233	111702.0
234	111702.0
235	151345.0
236	151345.0
237	151345.0
238	151345.0
239	151345.0
240	8667.0
241	8667.0
242	8667.0
243	8667.0
244	8667.0
245	110010.0
246	110010.0
247	110010.0
248	110010.0
249	110010.0
