0	144178.0
1	144178.0
2	144178.0
3	144178.0
4	144178.0
5	128077.0
6	128077.0
7	128077.0
8	128077.0
9	128077.0
10	63297.0
11	63297.0
12	63297.0
13	63297.0
14	63297.0
15	72188.0
16	72188.0
17	72188.0
18	72188.0
19	72188.0
20	68786.0
21	68786.0
22	68786.0
23	68786.0
24	68786.0
25	61383.0
26	61383.0
27	61383.0
28	61383.0
29	61383.0
30	120646.0
31	120646.0
32	120646.0
33	120646.0
34	120646.0
35	21529.0
36	21529.0
37	21529.0
38	21529.0
39	21529.0
40	105808.0
41	105808.0
42	105808.0
43	105808.0
44	105808.0
45	117589.0
46	117589.0
47	117589.0
48	117589.0
49	117589.0
50	43247.0
51	43247.0
52	43247.0
53	43247.0
54	43247.0
55	18429.0
56	18429.0
57	18429.0
58	18429.0
59	18429.0
60	92857.0
61	92857.0
62	92857.0
63	92857.0
64	92857.0
65	126977.0
66	126977.0
67	126977.0
68	126977.0
69	126977.0
70	38601.0
71	38601.0
72	38601.0
73	38601.0
74	38601.0
75	138451.0
76	138451.0
77	138451.0
78	138451.0
79	138451.0
80	111010.0
81	111010.0
82	111010.0
83	111010.0
84	111010.0
85	31487.0
86	31487.0
87	31487.0
88	31487.0
89	31487.0
90	75002.0
91	75002.0
92	75002.0
93	75002.0
94	75002.0
95	144910.0
96	144910.0
97	144910.0
98	144910.0
99	144910.0
100	49291.0
101	49291.0
102	49291.0
103	49291.0
104	49291.0
105	101300.0
106	101300.0
107	101300.0
108	101300.0
109	101300.0
110	71166.0
111	71166.0
112	71166.0
113	71166.0
114	71166.0
115	100639.0
116	100639.0
117	100639.0
118	100639.0
119	100639.0
120	81119.0
121	81119.0
122	81119.0
123	81119.0
124	81119.0
125	31189.0
126	31189.0
127	31189.0
128	31189.0
129	31189.0
130	10076.0
131	10076.0
132	10076.0
133	10076.0
134	10076.0
135	14524.0
136	14524.0
137	14524.0
138	14524.0
139	14524.0
140	129160.0
141	129160.0
142	129160.0
143	129160.0
144	129160.0
145	121839.0
146	121839.0
147	121839.0
148	121839.0
149	121839.0
150	57908.0
151	57908.0
152	57908.0
153	57908.0
154	57908.0
155	39812.0
156	39812.0
157	39812.0
158	39812.0
159	39812.0
160	78027.0
161	78027.0
162	78027.0
163	78027.0
164	78027.0
165	136566.0
166	136566.0
167	136566.0
168	136566.0
169	136566.0
170	127410.0
171	127410.0
172	127410.0
173	127410.0
174	127410.0
175	90773.0
176	90773.0
177	90773.0
178	90773.0
179	90773.0
180	129221.0
181	129221.0
182	129221.0
183	129221.0
184	129221.0
185	57810.0
186	57810.0
187	57810.0
188	57810.0
189	57810.0
190	17993.0
191	17993.0
192	17993.0
193	17993.0
194	17993.0
195	93932.0
196	93932.0
197	93932.0
198	93932.0
199	93932.0
200	31908.0
201	31908.0
202	31908.0
203	31908.0
204	31908.0
205	20574.0
206	20574.0
207	20574.0
208	20574.0
209	20574.0
210	145672.0
211	145672.0
212	145672.0
213	145672.0
214	145672.0
215	73411.0
216	73411.0
217	73411.0
218	73411.0
219	73411.0
220	24787.0
221	24787.0
222	24787.0
223	24787.0
224	24787.0
225	40501.0
226	40501.0
227	40501.0
228	40501.0
229	40501.0
230	98337.0
231	98337.0
232	98337.0
233	98337.0
234	98337.0
235	52660.0
236	52660.0
237	52660.0
238	52660.0
239	52660.0
240	61312.0
241	61312.0
242	61312.0
243	61312.0
244	61312.0
245	67983.0
246	67983.0
247	67983.0
248	67983.0
249	67983.0
