0	26244.0
1	26244.0
2	26244.0
3	26244.0
4	26244.0
5	131153.0
6	131153.0
7	131153.0
8	131153.0
9	131153.0
10	66602.0
11	66602.0
12	66602.0
13	66602.0
14	66602.0
15	16774.0
16	16774.0
17	16774.0
18	16774.0
19	16774.0
20	133186.0
21	133186.0
22	133186.0
23	133186.0
24	133186.0
25	72390.0
26	72390.0
27	72390.0
28	72390.0
29	72390.0
30	128053.0
31	128053.0
32	128053.0
33	128053.0
34	128053.0
35	534.0
36	534.0
37	534.0
38	534.0
39	534.0
40	110405.0
41	110405.0
42	110405.0
43	110405.0
44	110405.0
45	22964.0
46	22964.0
47	22964.0
48	22964.0
49	22964.0
50	36057.0
51	36057.0
52	36057.0
53	36057.0
54	36057.0
55	24194.0
56	24194.0
57	24194.0
58	24194.0
59	24194.0
60	5001.0
61	5001.0
62	5001.0
63	5001.0
64	5001.0
65	63653.0
66	63653.0
67	63653.0
68	63653.0
69	63653.0
70	115293.0
71	115293.0
72	115293.0
73	115293.0
74	115293.0
75	122118.0
76	122118.0
77	122118.0
78	122118.0
79	122118.0
80	32645.0
81	32645.0
82	32645.0
83	32645.0
84	32645.0
85	91016.0
86	91016.0
87	91016.0
88	91016.0
89	91016.0
90	95754.0
91	95754.0
92	95754.0
93	95754.0
94	95754.0
95	88269.0
96	88269.0
97	88269.0
98	88269.0
99	88269.0
100	82165.0
101	82165.0
102	82165.0
103	82165.0
104	82165.0
105	145880.0
106	145880.0
107	145880.0
108	145880.0
109	145880.0
110	154132.0
111	154132.0
112	154132.0
113	154132.0
114	154132.0
115	62725.0
116	62725.0
117	62725.0
118	62725.0
119	62725.0
120	164182.0
121	164182.0
122	164182.0
123	164182.0
124	164182.0
125	140001.0
126	140001.0
127	140001.0
128	140001.0
129	140001.0
130	10912.0
131	10912.0
132	10912.0
133	10912.0
134	10912.0
135	75007.0
136	75007.0
137	75007.0
138	75007.0
139	75007.0
140	85432.0
141	85432.0
142	85432.0
143	85432.0
144	85432.0
145	85434.0
146	85434.0
147	85434.0
148	85434.0
149	85434.0
150	8581.0
151	8581.0
152	8581.0
153	8581.0
154	8581.0
155	72126.0
156	72126.0
157	72126.0
158	72126.0
159	72126.0
160	39013.0
161	39013.0
162	39013.0
163	39013.0
164	39013.0
165	74369.0
166	74369.0
167	74369.0
168	74369.0
169	74369.0
170	99311.0
171	99311.0
172	99311.0
173	99311.0
174	99311.0
175	27722.0
176	27722.0
177	27722.0
178	27722.0
179	27722.0
180	28810.0
181	28810.0
182	28810.0
183	28810.0
184	28810.0
185	23387.0
186	23387.0
187	23387.0
188	23387.0
189	23387.0
190	27302.0
191	27302.0
192	27302.0
193	27302.0
194	27302.0
195	94329.0
196	94329.0
197	94329.0
198	94329.0
199	94329.0
200	3241.0
201	3241.0
202	3241.0
203	3241.0
204	3241.0
205	134775.0
206	134775.0
207	134775.0
208	134775.0
209	134775.0
210	145674.0
211	145674.0
212	145674.0
213	145674.0
214	145674.0
215	73392.0
216	73392.0
217	73392.0
218	73392.0
219	73392.0
220	127585.0
221	127585.0
222	127585.0
223	127585.0
224	127585.0
225	90782.0
226	90782.0
227	90782.0
228	90782.0
229	90782.0
230	86009.0
231	86009.0
232	86009.0
233	86009.0
234	86009.0
235	13939.0
236	13939.0
237	13939.0
238	13939.0
239	13939.0
240	154391.0
241	154391.0
242	154391.0
243	154391.0
244	154391.0
245	70523.0
246	70523.0
247	70523.0
248	70523.0
249	70523.0
