0	726613.0
1	726613.0
2	726613.0
3	726613.0
4	726613.0
5	329286.0
6	329286.0
7	329286.0
8	329286.0
9	329286.0
10	504663.0
11	504663.0
12	504663.0
13	504663.0
14	504663.0
15	60428.0
16	60428.0
17	60428.0
18	60428.0
19	60428.0
20	178080.0
21	178080.0
22	178080.0
23	178080.0
24	178080.0
25	304432.0
26	304432.0
27	304432.0
28	304432.0
29	304432.0
30	339789.0
31	339789.0
32	339789.0
33	339789.0
34	339789.0
35	471647.0
36	471647.0
37	471647.0
38	471647.0
39	471647.0
40	387168.0
41	387168.0
42	387168.0
43	387168.0
44	387168.0
45	56109.0
46	56109.0
47	56109.0
48	56109.0
49	56109.0
50	219936.0
51	219936.0
52	219936.0
53	219936.0
54	219936.0
55	277597.0
56	277597.0
57	277597.0
58	277597.0
59	277597.0
60	716981.0
61	716981.0
62	716981.0
63	716981.0
64	716981.0
65	676816.0
66	676816.0
67	676816.0
68	676816.0
69	676816.0
70	439115.0
71	439115.0
72	439115.0
73	439115.0
74	439115.0
75	560981.0
76	560981.0
77	560981.0
78	560981.0
79	560981.0
80	255233.0
81	255233.0
82	255233.0
83	255233.0
84	255233.0
85	644322.0
86	644322.0
87	644322.0
88	644322.0
89	644322.0
90	265511.0
91	265511.0
92	265511.0
93	265511.0
94	265511.0
95	304014.0
96	304014.0
97	304014.0
98	304014.0
99	304014.0
100	675281.0
101	675281.0
102	675281.0
103	675281.0
104	675281.0
105	243516.0
106	243516.0
107	243516.0
108	243516.0
109	243516.0
110	19968.0
111	19968.0
112	19968.0
113	19968.0
114	19968.0
115	352883.0
116	352883.0
117	352883.0
118	352883.0
119	352883.0
120	463771.0
121	463771.0
122	463771.0
123	463771.0
124	463771.0
125	5413.0
126	5413.0
127	5413.0
128	5413.0
129	5413.0
130	573793.0
131	573793.0
132	573793.0
133	573793.0
134	573793.0
135	410017.0
136	410017.0
137	410017.0
138	410017.0
139	410017.0
140	318519.0
141	318519.0
142	318519.0
143	318519.0
144	318519.0
145	125893.0
146	125893.0
147	125893.0
148	125893.0
149	125893.0
150	531316.0
151	531316.0
152	531316.0
153	531316.0
154	531316.0
155	530997.0
156	530997.0
157	530997.0
158	530997.0
159	530997.0
160	642638.0
161	642638.0
162	642638.0
163	642638.0
164	642638.0
165	518596.0
166	518596.0
167	518596.0
168	518596.0
169	518596.0
170	393456.0
171	393456.0
172	393456.0
173	393456.0
174	393456.0
175	662007.0
176	662007.0
177	662007.0
178	662007.0
179	662007.0
180	313924.0
181	313924.0
182	313924.0
183	313924.0
184	313924.0
185	105976.0
186	105976.0
187	105976.0
188	105976.0
189	105976.0
190	674630.0
191	674630.0
192	674630.0
193	674630.0
194	674630.0
195	353999.0
196	353999.0
197	353999.0
198	353999.0
199	353999.0
200	529748.0
201	529748.0
202	529748.0
203	529748.0
204	529748.0
205	531462.0
206	531462.0
207	531462.0
208	531462.0
209	531462.0
210	434301.0
211	434301.0
212	434301.0
213	434301.0
214	434301.0
215	511898.0
216	511898.0
217	511898.0
218	511898.0
219	511898.0
220	605323.0
221	605323.0
222	605323.0
223	605323.0
224	605323.0
225	319661.0
226	319661.0
227	319661.0
228	319661.0
229	319661.0
230	594463.0
231	594463.0
232	594463.0
233	594463.0
234	594463.0
235	455025.0
236	455025.0
237	455025.0
238	455025.0
239	455025.0
240	726769.0
241	726769.0
242	726769.0
243	726769.0
244	726769.0
245	420622.0
246	420622.0
247	420622.0
248	420622.0
249	420622.0
