0	422599.0
1	422599.0
2	422599.0
3	422599.0
4	422599.0
5	529384.0
6	529384.0
7	529384.0
8	529384.0
9	529384.0
10	227314.0
11	227314.0
12	227314.0
13	227314.0
14	227314.0
15	357989.0
16	357989.0
17	357989.0
18	357989.0
19	357989.0
20	458409.0
21	458409.0
22	458409.0
23	458409.0
24	458409.0
25	201613.0
26	201613.0
27	201613.0
28	201613.0
29	201613.0
30	355018.0
31	355018.0
32	355018.0
33	355018.0
34	355018.0
35	371075.0
36	371075.0
37	371075.0
38	371075.0
39	371075.0
40	625048.0
41	625048.0
42	625048.0
43	625048.0
44	625048.0
45	427962.0
46	427962.0
47	427962.0
48	427962.0
49	427962.0
50	27899.0
51	27899.0
52	27899.0
53	27899.0
54	27899.0
55	243516.0
56	243516.0
57	243516.0
58	243516.0
59	243516.0
60	581540.0
61	581540.0
62	581540.0
63	581540.0
64	581540.0
65	557754.0
66	557754.0
67	557754.0
68	557754.0
69	557754.0
70	687955.0
71	687955.0
72	687955.0
73	687955.0
74	687955.0
75	135899.0
76	135899.0
77	135899.0
78	135899.0
79	135899.0
80	603177.0
81	603177.0
82	603177.0
83	603177.0
84	603177.0
85	324081.0
86	324081.0
87	324081.0
88	324081.0
89	324081.0
90	301958.0
91	301958.0
92	301958.0
93	301958.0
94	301958.0
95	450205.0
96	450205.0
97	450205.0
98	450205.0
99	450205.0
100	414766.0
101	414766.0
102	414766.0
103	414766.0
104	414766.0
105	592807.0
106	592807.0
107	592807.0
108	592807.0
109	592807.0
110	576285.0
111	576285.0
112	576285.0
113	576285.0
114	576285.0
115	676726.0
116	676726.0
117	676726.0
118	676726.0
119	676726.0
120	77965.0
121	77965.0
122	77965.0
123	77965.0
124	77965.0
125	271809.0
126	271809.0
127	271809.0
128	271809.0
129	271809.0
130	76569.0
131	76569.0
132	76569.0
133	76569.0
134	76569.0
135	531206.0
136	531206.0
137	531206.0
138	531206.0
139	531206.0
140	200834.0
141	200834.0
142	200834.0
143	200834.0
144	200834.0
145	176242.0
146	176242.0
147	176242.0
148	176242.0
149	176242.0
150	187542.0
151	187542.0
152	187542.0
153	187542.0
154	187542.0
155	592819.0
156	592819.0
157	592819.0
158	592819.0
159	592819.0
160	179594.0
161	179594.0
162	179594.0
163	179594.0
164	179594.0
165	46404.0
166	46404.0
167	46404.0
168	46404.0
169	46404.0
170	212299.0
171	212299.0
172	212299.0
173	212299.0
174	212299.0
175	377668.0
176	377668.0
177	377668.0
178	377668.0
179	377668.0
180	244933.0
181	244933.0
182	244933.0
183	244933.0
184	244933.0
185	689258.0
186	689258.0
187	689258.0
188	689258.0
189	689258.0
190	204237.0
191	204237.0
192	204237.0
193	204237.0
194	204237.0
195	590643.0
196	590643.0
197	590643.0
198	590643.0
199	590643.0
200	547198.0
201	547198.0
202	547198.0
203	547198.0
204	547198.0
205	58309.0
206	58309.0
207	58309.0
208	58309.0
209	58309.0
210	435400.0
211	435400.0
212	435400.0
213	435400.0
214	435400.0
215	463823.0
216	463823.0
217	463823.0
218	463823.0
219	463823.0
220	475738.0
221	475738.0
222	475738.0
223	475738.0
224	475738.0
225	683498.0
226	683498.0
227	683498.0
228	683498.0
229	683498.0
230	618281.0
231	618281.0
232	618281.0
233	618281.0
234	618281.0
235	293201.0
236	293201.0
237	293201.0
238	293201.0
239	293201.0
240	433707.0
241	433707.0
242	433707.0
243	433707.0
244	433707.0
245	130472.0
246	130472.0
247	130472.0
248	130472.0
249	130472.0
