0	473263.0
1	473263.0
2	473263.0
3	473263.0
4	473263.0
5	412727.0
6	412727.0
7	412727.0
8	412727.0
9	412727.0
10	321705.0
11	321705.0
12	321705.0
13	321705.0
14	321705.0
15	550006.0
16	550006.0
17	550006.0
18	550006.0
19	550006.0
20	668557.0
21	668557.0
22	668557.0
23	668557.0
24	668557.0
25	45350.0
26	45350.0
27	45350.0
28	45350.0
29	45350.0
30	339761.0
31	339761.0
32	339761.0
33	339761.0
34	339761.0
35	530948.0
36	530948.0
37	530948.0
38	530948.0
39	530948.0
40	354097.0
41	354097.0
42	354097.0
43	354097.0
44	354097.0
45	396851.0
46	396851.0
47	396851.0
48	396851.0
49	396851.0
50	77631.0
51	77631.0
52	77631.0
53	77631.0
54	77631.0
55	257633.0
56	257633.0
57	257633.0
58	257633.0
59	257633.0
60	461470.0
61	461470.0
62	461470.0
63	461470.0
64	461470.0
65	561441.0
66	561441.0
67	561441.0
68	561441.0
69	561441.0
70	512665.0
71	512665.0
72	512665.0
73	512665.0
74	512665.0
75	111582.0
76	111582.0
77	111582.0
78	111582.0
79	111582.0
80	381896.0
81	381896.0
82	381896.0
83	381896.0
84	381896.0
85	126149.0
86	126149.0
87	126149.0
88	126149.0
89	126149.0
90	170139.0
91	170139.0
92	170139.0
93	170139.0
94	170139.0
95	394312.0
96	394312.0
97	394312.0
98	394312.0
99	394312.0
100	52241.0
101	52241.0
102	52241.0
103	52241.0
104	52241.0
105	40868.0
106	40868.0
107	40868.0
108	40868.0
109	40868.0
110	238602.0
111	238602.0
112	238602.0
113	238602.0
114	238602.0
115	450207.0
116	450207.0
117	450207.0
118	450207.0
119	450207.0
120	615320.0
121	615320.0
122	615320.0
123	615320.0
124	615320.0
125	185601.0
126	185601.0
127	185601.0
128	185601.0
129	185601.0
130	199990.0
131	199990.0
132	199990.0
133	199990.0
134	199990.0
135	655193.0
136	655193.0
137	655193.0
138	655193.0
139	655193.0
140	466036.0
141	466036.0
142	466036.0
143	466036.0
144	466036.0
145	119982.0
146	119982.0
147	119982.0
148	119982.0
149	119982.0
150	353803.0
151	353803.0
152	353803.0
153	353803.0
154	353803.0
155	691820.0
156	691820.0
157	691820.0
158	691820.0
159	691820.0
160	474251.0
161	474251.0
162	474251.0
163	474251.0
164	474251.0
165	575619.0
166	575619.0
167	575619.0
168	575619.0
169	575619.0
170	685029.0
171	685029.0
172	685029.0
173	685029.0
174	685029.0
175	384138.0
176	384138.0
177	384138.0
178	384138.0
179	384138.0
180	54066.0
181	54066.0
182	54066.0
183	54066.0
184	54066.0
185	232273.0
186	232273.0
187	232273.0
188	232273.0
189	232273.0
190	168991.0
191	168991.0
192	168991.0
193	168991.0
194	168991.0
195	207922.0
196	207922.0
197	207922.0
198	207922.0
199	207922.0
200	527368.0
201	527368.0
202	527368.0
203	527368.0
204	527368.0
205	144664.0
206	144664.0
207	144664.0
208	144664.0
209	144664.0
210	528214.0
211	528214.0
212	528214.0
213	528214.0
214	528214.0
215	335833.0
216	335833.0
217	335833.0
218	335833.0
219	335833.0
220	253055.0
221	253055.0
222	253055.0
223	253055.0
224	253055.0
225	10212.0
226	10212.0
227	10212.0
228	10212.0
229	10212.0
230	577903.0
231	577903.0
232	577903.0
233	577903.0
234	577903.0
235	673104.0
236	673104.0
237	673104.0
238	673104.0
239	673104.0
240	254543.0
241	254543.0
242	254543.0
243	254543.0
244	254543.0
245	522888.0
246	522888.0
247	522888.0
248	522888.0
249	522888.0
