0	541752.0
1	541752.0
2	541752.0
3	541752.0
4	541752.0
5	648493.0
6	648493.0
7	648493.0
8	648493.0
9	648493.0
10	476447.0
11	476447.0
12	476447.0
13	476447.0
14	476447.0
15	3057.0
16	3057.0
17	3057.0
18	3057.0
19	3057.0
20	300321.0
21	300321.0
22	300321.0
23	300321.0
24	300321.0
25	101777.0
26	101777.0
27	101777.0
28	101777.0
29	101777.0
30	481273.0
31	481273.0
32	481273.0
33	481273.0
34	481273.0
35	12782.0
36	12782.0
37	12782.0
38	12782.0
39	12782.0
40	135737.0
41	135737.0
42	135737.0
43	135737.0
44	135737.0
45	176710.0
46	176710.0
47	176710.0
48	176710.0
49	176710.0
50	707534.0
51	707534.0
52	707534.0
53	707534.0
54	707534.0
55	418347.0
56	418347.0
57	418347.0
58	418347.0
59	418347.0
60	250906.0
61	250906.0
62	250906.0
63	250906.0
64	250906.0
65	330912.0
66	330912.0
67	330912.0
68	330912.0
69	330912.0
70	208424.0
71	208424.0
72	208424.0
73	208424.0
74	208424.0
75	638693.0
76	638693.0
77	638693.0
78	638693.0
79	638693.0
80	280670.0
81	280670.0
82	280670.0
83	280670.0
84	280670.0
85	356.0
86	356.0
87	356.0
88	356.0
89	356.0
90	596678.0
91	596678.0
92	596678.0
93	596678.0
94	596678.0
95	97105.0
96	97105.0
97	97105.0
98	97105.0
99	97105.0
100	480157.0
101	480157.0
102	480157.0
103	480157.0
104	480157.0
105	490501.0
106	490501.0
107	490501.0
108	490501.0
109	490501.0
110	410469.0
111	410469.0
112	410469.0
113	410469.0
114	410469.0
115	322716.0
116	322716.0
117	322716.0
118	322716.0
119	322716.0
120	37594.0
121	37594.0
122	37594.0
123	37594.0
124	37594.0
125	231782.0
126	231782.0
127	231782.0
128	231782.0
129	231782.0
130	42111.0
131	42111.0
132	42111.0
133	42111.0
134	42111.0
135	143502.0
136	143502.0
137	143502.0
138	143502.0
139	143502.0
140	682798.0
141	682798.0
142	682798.0
143	682798.0
144	682798.0
145	183179.0
146	183179.0
147	183179.0
148	183179.0
149	183179.0
150	579995.0
151	579995.0
152	579995.0
153	579995.0
154	579995.0
155	296294.0
156	296294.0
157	296294.0
158	296294.0
159	296294.0
160	276268.0
161	276268.0
162	276268.0
163	276268.0
164	276268.0
165	89056.0
166	89056.0
167	89056.0
168	89056.0
169	89056.0
170	33297.0
171	33297.0
172	33297.0
173	33297.0
174	33297.0
175	294865.0
176	294865.0
177	294865.0
178	294865.0
179	294865.0
180	81155.0
181	81155.0
182	81155.0
183	81155.0
184	81155.0
185	563113.0
186	563113.0
187	563113.0
188	563113.0
189	563113.0
190	658576.0
191	658576.0
192	658576.0
193	658576.0
194	658576.0
195	177975.0
196	177975.0
197	177975.0
198	177975.0
199	177975.0
200	253564.0
201	253564.0
202	253564.0
203	253564.0
204	253564.0
205	577613.0
206	577613.0
207	577613.0
208	577613.0
209	577613.0
210	294407.0
211	294407.0
212	294407.0
213	294407.0
214	294407.0
215	709354.0
216	709354.0
217	709354.0
218	709354.0
219	709354.0
220	635307.0
221	635307.0
222	635307.0
223	635307.0
224	635307.0
225	342913.0
226	342913.0
227	342913.0
228	342913.0
229	342913.0
230	669599.0
231	669599.0
232	669599.0
233	669599.0
234	669599.0
235	365778.0
236	365778.0
237	365778.0
238	365778.0
239	365778.0
240	221206.0
241	221206.0
242	221206.0
243	221206.0
244	221206.0
245	305570.0
246	305570.0
247	305570.0
248	305570.0
249	305570.0
