0	184570.0
1	184570.0
2	184570.0
3	184570.0
4	184570.0
5	25545.0
6	25545.0
7	25545.0
8	25545.0
9	25545.0
10	136058.0
11	136058.0
12	136058.0
13	136058.0
14	136058.0
15	286401.0
16	286401.0
17	286401.0
18	286401.0
19	286401.0
20	97537.0
21	97537.0
22	97537.0
23	97537.0
24	97537.0
25	18180.0
26	18180.0
27	18180.0
28	18180.0
29	18180.0
30	274206.0
31	274206.0
32	274206.0
33	274206.0
34	274206.0
35	327790.0
36	327790.0
37	327790.0
38	327790.0
39	327790.0
40	40617.0
41	40617.0
42	40617.0
43	40617.0
44	40617.0
45	211867.0
46	211867.0
47	211867.0
48	211867.0
49	211867.0
50	114352.0
51	114352.0
52	114352.0
53	114352.0
54	114352.0
55	138355.0
56	138355.0
57	138355.0
58	138355.0
59	138355.0
60	225101.0
61	225101.0
62	225101.0
63	225101.0
64	225101.0
65	258029.0
66	258029.0
67	258029.0
68	258029.0
69	258029.0
70	274304.0
71	274304.0
72	274304.0
73	274304.0
74	274304.0
75	291565.0
76	291565.0
77	291565.0
78	291565.0
79	291565.0
80	292504.0
81	292504.0
82	292504.0
83	292504.0
84	292504.0
85	265307.0
86	265307.0
87	265307.0
88	265307.0
89	265307.0
90	130303.0
91	130303.0
92	130303.0
93	130303.0
94	130303.0
95	47890.0
96	47890.0
97	47890.0
98	47890.0
99	47890.0
100	181081.0
101	181081.0
102	181081.0
103	181081.0
104	181081.0
105	245685.0
106	245685.0
107	245685.0
108	245685.0
109	245685.0
110	320247.0
111	320247.0
112	320247.0
113	320247.0
114	320247.0
115	272717.0
116	272717.0
117	272717.0
118	272717.0
119	272717.0
120	3720.0
121	3720.0
122	3720.0
123	3720.0
124	3720.0
125	14519.0
126	14519.0
127	14519.0
128	14519.0
129	14519.0
130	219991.0
131	219991.0
132	219991.0
133	219991.0
134	219991.0
135	154817.0
136	154817.0
137	154817.0
138	154817.0
139	154817.0
140	43707.0
141	43707.0
142	43707.0
143	43707.0
144	43707.0
145	144590.0
146	144590.0
147	144590.0
148	144590.0
149	144590.0
150	214799.0
151	214799.0
152	214799.0
153	214799.0
154	214799.0
155	304518.0
156	304518.0
157	304518.0
158	304518.0
159	304518.0
160	273603.0
161	273603.0
162	273603.0
163	273603.0
164	273603.0
165	98045.0
166	98045.0
167	98045.0
168	98045.0
169	98045.0
170	332291.0
171	332291.0
172	332291.0
173	332291.0
174	332291.0
175	122144.0
176	122144.0
177	122144.0
178	122144.0
179	122144.0
180	22870.0
181	22870.0
182	22870.0
183	22870.0
184	22870.0
185	69537.0
186	69537.0
187	69537.0
188	69537.0
189	69537.0
190	87827.0
191	87827.0
192	87827.0
193	87827.0
194	87827.0
195	345233.0
196	345233.0
197	345233.0
198	345233.0
199	345233.0
200	341499.0
201	341499.0
202	341499.0
203	341499.0
204	341499.0
205	78867.0
206	78867.0
207	78867.0
208	78867.0
209	78867.0
210	43918.0
211	43918.0
212	43918.0
213	43918.0
214	43918.0
215	194113.0
216	194113.0
217	194113.0
218	194113.0
219	194113.0
220	285003.0
221	285003.0
222	285003.0
223	285003.0
224	285003.0
225	26617.0
226	26617.0
227	26617.0
228	26617.0
229	26617.0
230	316816.0
231	316816.0
232	316816.0
233	316816.0
234	316816.0
235	52179.0
236	52179.0
237	52179.0
238	52179.0
239	52179.0
240	266639.0
241	266639.0
242	266639.0
243	266639.0
244	266639.0
245	67467.0
246	67467.0
247	67467.0
248	67467.0
249	67467.0
