0	29196.0
1	29196.0
2	29196.0
3	29196.0
4	29196.0
5	75029.0
6	75029.0
7	75029.0
8	75029.0
9	75029.0
10	193080.0
11	193080.0
12	193080.0
13	193080.0
14	193080.0
15	6698.0
16	6698.0
17	6698.0
18	6698.0
19	6698.0
20	176192.0
21	176192.0
22	176192.0
23	176192.0
24	176192.0
25	307089.0
26	307089.0
27	307089.0
28	307089.0
29	307089.0
30	343248.0
31	343248.0
32	343248.0
33	343248.0
34	343248.0
35	14642.0
36	14642.0
37	14642.0
38	14642.0
39	14642.0
40	231777.0
41	231777.0
42	231777.0
43	231777.0
44	231777.0
45	191371.0
46	191371.0
47	191371.0
48	191371.0
49	191371.0
50	4642.0
51	4642.0
52	4642.0
53	4642.0
54	4642.0
55	171656.0
56	171656.0
57	171656.0
58	171656.0
59	171656.0
60	298084.0
61	298084.0
62	298084.0
63	298084.0
64	298084.0
65	88829.0
66	88829.0
67	88829.0
68	88829.0
69	88829.0
70	240727.0
71	240727.0
72	240727.0
73	240727.0
74	240727.0
75	208397.0
76	208397.0
77	208397.0
78	208397.0
79	208397.0
80	55276.0
81	55276.0
82	55276.0
83	55276.0
84	55276.0
85	82760.0
86	82760.0
87	82760.0
88	82760.0
89	82760.0
90	112890.0
91	112890.0
92	112890.0
93	112890.0
94	112890.0
95	242239.0
96	242239.0
97	242239.0
98	242239.0
99	242239.0
100	291816.0
101	291816.0
102	291816.0
103	291816.0
104	291816.0
105	289345.0
106	289345.0
107	289345.0
108	289345.0
109	289345.0
110	51275.0
111	51275.0
112	51275.0
113	51275.0
114	51275.0
115	29918.0
116	29918.0
117	29918.0
118	29918.0
119	29918.0
120	10980.0
121	10980.0
122	10980.0
123	10980.0
124	10980.0
125	233296.0
126	233296.0
127	233296.0
128	233296.0
129	233296.0
130	76885.0
131	76885.0
132	76885.0
133	76885.0
134	76885.0
135	291376.0
136	291376.0
137	291376.0
138	291376.0
139	291376.0
140	131726.0
141	131726.0
142	131726.0
143	131726.0
144	131726.0
145	127335.0
146	127335.0
147	127335.0
148	127335.0
149	127335.0
150	93797.0
151	93797.0
152	93797.0
153	93797.0
154	93797.0
155	192914.0
156	192914.0
157	192914.0
158	192914.0
159	192914.0
160	279084.0
161	279084.0
162	279084.0
163	279084.0
164	279084.0
165	113249.0
166	113249.0
167	113249.0
168	113249.0
169	113249.0
170	41377.0
171	41377.0
172	41377.0
173	41377.0
174	41377.0
175	128844.0
176	128844.0
177	128844.0
178	128844.0
179	128844.0
180	310719.0
181	310719.0
182	310719.0
183	310719.0
184	310719.0
185	42139.0
186	42139.0
187	42139.0
188	42139.0
189	42139.0
190	340109.0
191	340109.0
192	340109.0
193	340109.0
194	340109.0
195	200434.0
196	200434.0
197	200434.0
198	200434.0
199	200434.0
200	190445.0
201	190445.0
202	190445.0
203	190445.0
204	190445.0
205	9808.0
206	9808.0
207	9808.0
208	9808.0
209	9808.0
210	67515.0
211	67515.0
212	67515.0
213	67515.0
214	67515.0
215	33134.0
216	33134.0
217	33134.0
218	33134.0
219	33134.0
220	169775.0
221	169775.0
222	169775.0
223	169775.0
224	169775.0
225	238311.0
226	238311.0
227	238311.0
228	238311.0
229	238311.0
230	198281.0
231	198281.0
232	198281.0
233	198281.0
234	198281.0
235	160646.0
236	160646.0
237	160646.0
238	160646.0
239	160646.0
240	195979.0
241	195979.0
242	195979.0
243	195979.0
244	195979.0
245	265045.0
246	265045.0
247	265045.0
248	265045.0
249	265045.0
