0	50618.0
1	50618.0
2	50618.0
3	50618.0
4	50618.0
5	139977.0
6	139977.0
7	139977.0
8	139977.0
9	139977.0
10	191217.0
11	191217.0
12	191217.0
13	191217.0
14	191217.0
15	61915.0
16	61915.0
17	61915.0
18	61915.0
19	61915.0
20	171038.0
21	171038.0
22	171038.0
23	171038.0
24	171038.0
25	114242.0
26	114242.0
27	114242.0
28	114242.0
29	114242.0
30	290133.0
31	290133.0
32	290133.0
33	290133.0
34	290133.0
35	40697.0
36	40697.0
37	40697.0
38	40697.0
39	40697.0
40	60003.0
41	60003.0
42	60003.0
43	60003.0
44	60003.0
45	246885.0
46	246885.0
47	246885.0
48	246885.0
49	246885.0
50	285018.0
51	285018.0
52	285018.0
53	285018.0
54	285018.0
55	87150.0
56	87150.0
57	87150.0
58	87150.0
59	87150.0
60	254889.0
61	254889.0
62	254889.0
63	254889.0
64	254889.0
65	6665.0
66	6665.0
67	6665.0
68	6665.0
69	6665.0
70	304371.0
71	304371.0
72	304371.0
73	304371.0
74	304371.0
75	206888.0
76	206888.0
77	206888.0
78	206888.0
79	206888.0
80	267220.0
81	267220.0
82	267220.0
83	267220.0
84	267220.0
85	335094.0
86	335094.0
87	335094.0
88	335094.0
89	335094.0
90	189016.0
91	189016.0
92	189016.0
93	189016.0
94	189016.0
95	147211.0
96	147211.0
97	147211.0
98	147211.0
99	147211.0
100	303948.0
101	303948.0
102	303948.0
103	303948.0
104	303948.0
105	343789.0
106	343789.0
107	343789.0
108	343789.0
109	343789.0
110	16625.0
111	16625.0
112	16625.0
113	16625.0
114	16625.0
115	280630.0
116	280630.0
117	280630.0
118	280630.0
119	280630.0
120	168289.0
121	168289.0
122	168289.0
123	168289.0
124	168289.0
125	112713.0
126	112713.0
127	112713.0
128	112713.0
129	112713.0
130	139946.0
131	139946.0
132	139946.0
133	139946.0
134	139946.0
135	316902.0
136	316902.0
137	316902.0
138	316902.0
139	316902.0
140	133655.0
141	133655.0
142	133655.0
143	133655.0
144	133655.0
145	304009.0
146	304009.0
147	304009.0
148	304009.0
149	304009.0
150	132586.0
151	132586.0
152	132586.0
153	132586.0
154	132586.0
155	92365.0
156	92365.0
157	92365.0
158	92365.0
159	92365.0
160	9272.0
161	9272.0
162	9272.0
163	9272.0
164	9272.0
165	338793.0
166	338793.0
167	338793.0
168	338793.0
169	338793.0
170	345415.0
171	345415.0
172	345415.0
173	345415.0
174	345415.0
175	288185.0
176	288185.0
177	288185.0
178	288185.0
179	288185.0
180	239160.0
181	239160.0
182	239160.0
183	239160.0
184	239160.0
185	272214.0
186	272214.0
187	272214.0
188	272214.0
189	272214.0
190	332999.0
191	332999.0
192	332999.0
193	332999.0
194	332999.0
195	136356.0
196	136356.0
197	136356.0
198	136356.0
199	136356.0
200	82161.0
201	82161.0
202	82161.0
203	82161.0
204	82161.0
205	292302.0
206	292302.0
207	292302.0
208	292302.0
209	292302.0
210	239758.0
211	239758.0
212	239758.0
213	239758.0
214	239758.0
215	240264.0
216	240264.0
217	240264.0
218	240264.0
219	240264.0
220	328162.0
221	328162.0
222	328162.0
223	328162.0
224	328162.0
225	9104.0
226	9104.0
227	9104.0
228	9104.0
229	9104.0
230	155195.0
231	155195.0
232	155195.0
233	155195.0
234	155195.0
235	85808.0
236	85808.0
237	85808.0
238	85808.0
239	85808.0
240	41784.0
241	41784.0
242	41784.0
243	41784.0
244	41784.0
245	225383.0
246	225383.0
247	225383.0
248	225383.0
249	225383.0
