0	336037.0
1	336037.0
2	336037.0
3	336037.0
4	336037.0
5	98983.0
6	98983.0
7	98983.0
8	98983.0
9	98983.0
10	147513.0
11	147513.0
12	147513.0
13	147513.0
14	147513.0
15	285788.0
16	285788.0
17	285788.0
18	285788.0
19	285788.0
20	347332.0
21	347332.0
22	347332.0
23	347332.0
24	347332.0
25	272653.0
26	272653.0
27	272653.0
28	272653.0
29	272653.0
30	99187.0
31	99187.0
32	99187.0
33	99187.0
34	99187.0
35	42620.0
36	42620.0
37	42620.0
38	42620.0
39	42620.0
40	17028.0
41	17028.0
42	17028.0
43	17028.0
44	17028.0
45	93316.0
46	93316.0
47	93316.0
48	93316.0
49	93316.0
50	19353.0
51	19353.0
52	19353.0
53	19353.0
54	19353.0
55	203845.0
56	203845.0
57	203845.0
58	203845.0
59	203845.0
60	288818.0
61	288818.0
62	288818.0
63	288818.0
64	288818.0
65	63152.0
66	63152.0
67	63152.0
68	63152.0
69	63152.0
70	81952.0
71	81952.0
72	81952.0
73	81952.0
74	81952.0
75	158433.0
76	158433.0
77	158433.0
78	158433.0
79	158433.0
80	282864.0
81	282864.0
82	282864.0
83	282864.0
84	282864.0
85	291984.0
86	291984.0
87	291984.0
88	291984.0
89	291984.0
90	21693.0
91	21693.0
92	21693.0
93	21693.0
94	21693.0
95	140890.0
96	140890.0
97	140890.0
98	140890.0
99	140890.0
100	65257.0
101	65257.0
102	65257.0
103	65257.0
104	65257.0
105	193836.0
106	193836.0
107	193836.0
108	193836.0
109	193836.0
110	159658.0
111	159658.0
112	159658.0
113	159658.0
114	159658.0
115	330681.0
116	330681.0
117	330681.0
118	330681.0
119	330681.0
120	274061.0
121	274061.0
122	274061.0
123	274061.0
124	274061.0
125	115312.0
126	115312.0
127	115312.0
128	115312.0
129	115312.0
130	323255.0
131	323255.0
132	323255.0
133	323255.0
134	323255.0
135	128518.0
136	128518.0
137	128518.0
138	128518.0
139	128518.0
140	346406.0
141	346406.0
142	346406.0
143	346406.0
144	346406.0
145	159465.0
146	159465.0
147	159465.0
148	159465.0
149	159465.0
150	307324.0
151	307324.0
152	307324.0
153	307324.0
154	307324.0
155	101535.0
156	101535.0
157	101535.0
158	101535.0
159	101535.0
160	42793.0
161	42793.0
162	42793.0
163	42793.0
164	42793.0
165	102853.0
166	102853.0
167	102853.0
168	102853.0
169	102853.0
170	126797.0
171	126797.0
172	126797.0
173	126797.0
174	126797.0
175	152483.0
176	152483.0
177	152483.0
178	152483.0
179	152483.0
180	187246.0
181	187246.0
182	187246.0
183	187246.0
184	187246.0
185	86853.0
186	86853.0
187	86853.0
188	86853.0
189	86853.0
190	240717.0
191	240717.0
192	240717.0
193	240717.0
194	240717.0
195	186947.0
196	186947.0
197	186947.0
198	186947.0
199	186947.0
200	1001.0
201	1001.0
202	1001.0
203	1001.0
204	1001.0
205	207468.0
206	207468.0
207	207468.0
208	207468.0
209	207468.0
210	18127.0
211	18127.0
212	18127.0
213	18127.0
214	18127.0
215	257156.0
216	257156.0
217	257156.0
218	257156.0
219	257156.0
220	148161.0
221	148161.0
222	148161.0
223	148161.0
224	148161.0
225	301673.0
226	301673.0
227	301673.0
228	301673.0
229	301673.0
230	119024.0
231	119024.0
232	119024.0
233	119024.0
234	119024.0
235	197940.0
236	197940.0
237	197940.0
238	197940.0
239	197940.0
240	224971.0
241	224971.0
242	224971.0
243	224971.0
244	224971.0
245	89374.0
246	89374.0
247	89374.0
248	89374.0
249	89374.0
