0	218002.0
1	218002.0
2	218002.0
3	218002.0
4	218002.0
5	46872.0
6	46872.0
7	46872.0
8	46872.0
9	46872.0
10	125499.0
11	125499.0
12	125499.0
13	125499.0
14	125499.0
15	187831.0
16	187831.0
17	187831.0
18	187831.0
19	187831.0
20	332951.0
21	332951.0
22	332951.0
23	332951.0
24	332951.0
25	177889.0
26	177889.0
27	177889.0
28	177889.0
29	177889.0
30	135247.0
31	135247.0
32	135247.0
33	135247.0
34	135247.0
35	156228.0
36	156228.0
37	156228.0
38	156228.0
39	156228.0
40	184752.0
41	184752.0
42	184752.0
43	184752.0
44	184752.0
45	104648.0
46	104648.0
47	104648.0
48	104648.0
49	104648.0
50	109924.0
51	109924.0
52	109924.0
53	109924.0
54	109924.0
55	26971.0
56	26971.0
57	26971.0
58	26971.0
59	26971.0
60	313661.0
61	313661.0
62	313661.0
63	313661.0
64	313661.0
65	234703.0
66	234703.0
67	234703.0
68	234703.0
69	234703.0
70	179926.0
71	179926.0
72	179926.0
73	179926.0
74	179926.0
75	254026.0
76	254026.0
77	254026.0
78	254026.0
79	254026.0
80	138421.0
81	138421.0
82	138421.0
83	138421.0
84	138421.0
85	52579.0
86	52579.0
87	52579.0
88	52579.0
89	52579.0
90	2814.0
91	2814.0
92	2814.0
93	2814.0
94	2814.0
95	159177.0
96	159177.0
97	159177.0
98	159177.0
99	159177.0
100	144803.0
101	144803.0
102	144803.0
103	144803.0
104	144803.0
105	266939.0
106	266939.0
107	266939.0
108	266939.0
109	266939.0
110	152190.0
111	152190.0
112	152190.0
113	152190.0
114	152190.0
115	319725.0
116	319725.0
117	319725.0
118	319725.0
119	319725.0
120	275729.0
121	275729.0
122	275729.0
123	275729.0
124	275729.0
125	249866.0
126	249866.0
127	249866.0
128	249866.0
129	249866.0
130	275567.0
131	275567.0
132	275567.0
133	275567.0
134	275567.0
135	245816.0
136	245816.0
137	245816.0
138	245816.0
139	245816.0
140	320906.0
141	320906.0
142	320906.0
143	320906.0
144	320906.0
145	10657.0
146	10657.0
147	10657.0
148	10657.0
149	10657.0
150	250866.0
151	250866.0
152	250866.0
153	250866.0
154	250866.0
155	77951.0
156	77951.0
157	77951.0
158	77951.0
159	77951.0
160	42515.0
161	42515.0
162	42515.0
163	42515.0
164	42515.0
165	189768.0
166	189768.0
167	189768.0
168	189768.0
169	189768.0
170	291538.0
171	291538.0
172	291538.0
173	291538.0
174	291538.0
175	14136.0
176	14136.0
177	14136.0
178	14136.0
179	14136.0
180	71015.0
181	71015.0
182	71015.0
183	71015.0
184	71015.0
185	145750.0
186	145750.0
187	145750.0
188	145750.0
189	145750.0
190	243417.0
191	243417.0
192	243417.0
193	243417.0
194	243417.0
195	178209.0
196	178209.0
197	178209.0
198	178209.0
199	178209.0
200	125784.0
201	125784.0
202	125784.0
203	125784.0
204	125784.0
205	274527.0
206	274527.0
207	274527.0
208	274527.0
209	274527.0
210	277668.0
211	277668.0
212	277668.0
213	277668.0
214	277668.0
215	333405.0
216	333405.0
217	333405.0
218	333405.0
219	333405.0
220	104398.0
221	104398.0
222	104398.0
223	104398.0
224	104398.0
225	268256.0
226	268256.0
227	268256.0
228	268256.0
229	268256.0
230	170970.0
231	170970.0
232	170970.0
233	170970.0
234	170970.0
235	216646.0
236	216646.0
237	216646.0
238	216646.0
239	216646.0
240	137068.0
241	137068.0
242	137068.0
243	137068.0
244	137068.0
245	166388.0
246	166388.0
247	166388.0
248	166388.0
249	166388.0
