0	59288.0
1	59288.0
2	59288.0
3	59288.0
4	59288.0
5	138791.0
6	138791.0
7	138791.0
8	138791.0
9	138791.0
10	109965.0
11	109965.0
12	109965.0
13	109965.0
14	109965.0
15	189331.0
16	189331.0
17	189331.0
18	189331.0
19	189331.0
20	318328.0
21	318328.0
22	318328.0
23	318328.0
24	318328.0
25	332396.0
26	332396.0
27	332396.0
28	332396.0
29	332396.0
30	248558.0
31	248558.0
32	248558.0
33	248558.0
34	248558.0
35	205062.0
36	205062.0
37	205062.0
38	205062.0
39	205062.0
40	15453.0
41	15453.0
42	15453.0
43	15453.0
44	15453.0
45	318996.0
46	318996.0
47	318996.0
48	318996.0
49	318996.0
50	10408.0
51	10408.0
52	10408.0
53	10408.0
54	10408.0
55	275844.0
56	275844.0
57	275844.0
58	275844.0
59	275844.0
60	155815.0
61	155815.0
62	155815.0
63	155815.0
64	155815.0
65	244090.0
66	244090.0
67	244090.0
68	244090.0
69	244090.0
70	245437.0
71	245437.0
72	245437.0
73	245437.0
74	245437.0
75	43487.0
76	43487.0
77	43487.0
78	43487.0
79	43487.0
80	249839.0
81	249839.0
82	249839.0
83	249839.0
84	249839.0
85	161678.0
86	161678.0
87	161678.0
88	161678.0
89	161678.0
90	93900.0
91	93900.0
92	93900.0
93	93900.0
94	93900.0
95	330435.0
96	330435.0
97	330435.0
98	330435.0
99	330435.0
100	271676.0
101	271676.0
102	271676.0
103	271676.0
104	271676.0
105	81001.0
106	81001.0
107	81001.0
108	81001.0
109	81001.0
110	267845.0
111	267845.0
112	267845.0
113	267845.0
114	267845.0
115	145203.0
116	145203.0
117	145203.0
118	145203.0
119	145203.0
120	161830.0
121	161830.0
122	161830.0
123	161830.0
124	161830.0
125	187477.0
126	187477.0
127	187477.0
128	187477.0
129	187477.0
130	241894.0
131	241894.0
132	241894.0
133	241894.0
134	241894.0
135	156988.0
136	156988.0
137	156988.0
138	156988.0
139	156988.0
140	45983.0
141	45983.0
142	45983.0
143	45983.0
144	45983.0
145	296258.0
146	296258.0
147	296258.0
148	296258.0
149	296258.0
150	174133.0
151	174133.0
152	174133.0
153	174133.0
154	174133.0
155	77392.0
156	77392.0
157	77392.0
158	77392.0
159	77392.0
160	280320.0
161	280320.0
162	280320.0
163	280320.0
164	280320.0
165	102318.0
166	102318.0
167	102318.0
168	102318.0
169	102318.0
170	46963.0
171	46963.0
172	46963.0
173	46963.0
174	46963.0
175	170058.0
176	170058.0
177	170058.0
178	170058.0
179	170058.0
180	219878.0
181	219878.0
182	219878.0
183	219878.0
184	219878.0
185	117965.0
186	117965.0
187	117965.0
188	117965.0
189	117965.0
190	45747.0
191	45747.0
192	45747.0
193	45747.0
194	45747.0
195	326690.0
196	326690.0
197	326690.0
198	326690.0
199	326690.0
200	26565.0
201	26565.0
202	26565.0
203	26565.0
204	26565.0
205	3564.0
206	3564.0
207	3564.0
208	3564.0
209	3564.0
210	87721.0
211	87721.0
212	87721.0
213	87721.0
214	87721.0
215	342470.0
216	342470.0
217	342470.0
218	342470.0
219	342470.0
220	26623.0
221	26623.0
222	26623.0
223	26623.0
224	26623.0
225	257822.0
226	257822.0
227	257822.0
228	257822.0
229	257822.0
230	257780.0
231	257780.0
232	257780.0
233	257780.0
234	257780.0
235	152108.0
236	152108.0
237	152108.0
238	152108.0
239	152108.0
240	166640.0
241	166640.0
242	166640.0
243	166640.0
244	166640.0
245	278993.0
246	278993.0
247	278993.0
248	278993.0
249	278993.0
