0	156387.0
1	156387.0
2	156387.0
3	156387.0
4	156387.0
5	277212.0
6	277212.0
7	277212.0
8	277212.0
9	277212.0
10	34808.0
11	34808.0
12	34808.0
13	34808.0
14	34808.0
15	98520.0
16	98520.0
17	98520.0
18	98520.0
19	98520.0
20	150188.0
21	150188.0
22	150188.0
23	150188.0
24	150188.0
25	330138.0
26	330138.0
27	330138.0
28	330138.0
29	330138.0
30	230037.0
31	230037.0
32	230037.0
33	230037.0
34	230037.0
35	33105.0
36	33105.0
37	33105.0
38	33105.0
39	33105.0
40	209058.0
41	209058.0
42	209058.0
43	209058.0
44	209058.0
45	135514.0
46	135514.0
47	135514.0
48	135514.0
49	135514.0
50	29002.0
51	29002.0
52	29002.0
53	29002.0
54	29002.0
55	225741.0
56	225741.0
57	225741.0
58	225741.0
59	225741.0
60	132608.0
61	132608.0
62	132608.0
63	132608.0
64	132608.0
65	316648.0
66	316648.0
67	316648.0
68	316648.0
69	316648.0
70	17112.0
71	17112.0
72	17112.0
73	17112.0
74	17112.0
75	273643.0
76	273643.0
77	273643.0
78	273643.0
79	273643.0
80	51581.0
81	51581.0
82	51581.0
83	51581.0
84	51581.0
85	104649.0
86	104649.0
87	104649.0
88	104649.0
89	104649.0
90	194880.0
91	194880.0
92	194880.0
93	194880.0
94	194880.0
95	22874.0
96	22874.0
97	22874.0
98	22874.0
99	22874.0
100	18227.0
101	18227.0
102	18227.0
103	18227.0
104	18227.0
105	59104.0
106	59104.0
107	59104.0
108	59104.0
109	59104.0
110	122894.0
111	122894.0
112	122894.0
113	122894.0
114	122894.0
115	172523.0
116	172523.0
117	172523.0
118	172523.0
119	172523.0
120	300013.0
121	300013.0
122	300013.0
123	300013.0
124	300013.0
125	290446.0
126	290446.0
127	290446.0
128	290446.0
129	290446.0
130	182672.0
131	182672.0
132	182672.0
133	182672.0
134	182672.0
135	151153.0
136	151153.0
137	151153.0
138	151153.0
139	151153.0
140	139558.0
141	139558.0
142	139558.0
143	139558.0
144	139558.0
145	121594.0
146	121594.0
147	121594.0
148	121594.0
149	121594.0
150	205710.0
151	205710.0
152	205710.0
153	205710.0
154	205710.0
155	291891.0
156	291891.0
157	291891.0
158	291891.0
159	291891.0
160	255637.0
161	255637.0
162	255637.0
163	255637.0
164	255637.0
165	3322.0
166	3322.0
167	3322.0
168	3322.0
169	3322.0
170	160487.0
171	160487.0
172	160487.0
173	160487.0
174	160487.0
175	208774.0
176	208774.0
177	208774.0
178	208774.0
179	208774.0
180	88198.0
181	88198.0
182	88198.0
183	88198.0
184	88198.0
185	254236.0
186	254236.0
187	254236.0
188	254236.0
189	254236.0
190	93539.0
191	93539.0
192	93539.0
193	93539.0
194	93539.0
195	29843.0
196	29843.0
197	29843.0
198	29843.0
199	29843.0
200	29932.0
201	29932.0
202	29932.0
203	29932.0
204	29932.0
205	39263.0
206	39263.0
207	39263.0
208	39263.0
209	39263.0
210	328868.0
211	328868.0
212	328868.0
213	328868.0
214	328868.0
215	302715.0
216	302715.0
217	302715.0
218	302715.0
219	302715.0
220	233223.0
221	233223.0
222	233223.0
223	233223.0
224	233223.0
225	44761.0
226	44761.0
227	44761.0
228	44761.0
229	44761.0
230	201388.0
231	201388.0
232	201388.0
233	201388.0
234	201388.0
235	196745.0
236	196745.0
237	196745.0
238	196745.0
239	196745.0
240	5375.0
241	5375.0
242	5375.0
243	5375.0
244	5375.0
245	342352.0
246	342352.0
247	342352.0
248	342352.0
249	342352.0
