0	97849.0
1	97849.0
2	97849.0
3	97849.0
4	97849.0
5	337067.0
6	337067.0
7	337067.0
8	337067.0
9	337067.0
10	49370.0
11	49370.0
12	49370.0
13	49370.0
14	49370.0
15	196322.0
16	196322.0
17	196322.0
18	196322.0
19	196322.0
20	290817.0
21	290817.0
22	290817.0
23	290817.0
24	290817.0
25	320704.0
26	320704.0
27	320704.0
28	320704.0
29	320704.0
30	179164.0
31	179164.0
32	179164.0
33	179164.0
34	179164.0
35	111915.0
36	111915.0
37	111915.0
38	111915.0
39	111915.0
40	56837.0
41	56837.0
42	56837.0
43	56837.0
44	56837.0
45	218013.0
46	218013.0
47	218013.0
48	218013.0
49	218013.0
50	195040.0
51	195040.0
52	195040.0
53	195040.0
54	195040.0
55	224912.0
56	224912.0
57	224912.0
58	224912.0
59	224912.0
60	153647.0
61	153647.0
62	153647.0
63	153647.0
64	153647.0
65	25039.0
66	25039.0
67	25039.0
68	25039.0
69	25039.0
70	200307.0
71	200307.0
72	200307.0
73	200307.0
74	200307.0
75	55018.0
76	55018.0
77	55018.0
78	55018.0
79	55018.0
80	217190.0
81	217190.0
82	217190.0
83	217190.0
84	217190.0
85	292698.0
86	292698.0
87	292698.0
88	292698.0
89	292698.0
90	39877.0
91	39877.0
92	39877.0
93	39877.0
94	39877.0
95	240165.0
96	240165.0
97	240165.0
98	240165.0
99	240165.0
100	7310.0
101	7310.0
102	7310.0
103	7310.0
104	7310.0
105	176428.0
106	176428.0
107	176428.0
108	176428.0
109	176428.0
110	213428.0
111	213428.0
112	213428.0
113	213428.0
114	213428.0
115	113413.0
116	113413.0
117	113413.0
118	113413.0
119	113413.0
120	289049.0
121	289049.0
122	289049.0
123	289049.0
124	289049.0
125	72657.0
126	72657.0
127	72657.0
128	72657.0
129	72657.0
130	30267.0
131	30267.0
132	30267.0
133	30267.0
134	30267.0
135	77130.0
136	77130.0
137	77130.0
138	77130.0
139	77130.0
140	55916.0
141	55916.0
142	55916.0
143	55916.0
144	55916.0
145	295424.0
146	295424.0
147	295424.0
148	295424.0
149	295424.0
150	68486.0
151	68486.0
152	68486.0
153	68486.0
154	68486.0
155	302049.0
156	302049.0
157	302049.0
158	302049.0
159	302049.0
160	323646.0
161	323646.0
162	323646.0
163	323646.0
164	323646.0
165	21971.0
166	21971.0
167	21971.0
168	21971.0
169	21971.0
170	191836.0
171	191836.0
172	191836.0
173	191836.0
174	191836.0
175	241676.0
176	241676.0
177	241676.0
178	241676.0
179	241676.0
180	242065.0
181	242065.0
182	242065.0
183	242065.0
184	242065.0
185	290722.0
186	290722.0
187	290722.0
188	290722.0
189	290722.0
190	81761.0
191	81761.0
192	81761.0
193	81761.0
194	81761.0
195	348738.0
196	348738.0
197	348738.0
198	348738.0
199	348738.0
200	217242.0
201	217242.0
202	217242.0
203	217242.0
204	217242.0
205	291025.0
206	291025.0
207	291025.0
208	291025.0
209	291025.0
210	299064.0
211	299064.0
212	299064.0
213	299064.0
214	299064.0
215	232746.0
216	232746.0
217	232746.0
218	232746.0
219	232746.0
220	79586.0
221	79586.0
222	79586.0
223	79586.0
224	79586.0
225	130024.0
226	130024.0
227	130024.0
228	130024.0
229	130024.0
230	49208.0
231	49208.0
232	49208.0
233	49208.0
234	49208.0
235	71302.0
236	71302.0
237	71302.0
238	71302.0
239	71302.0
240	293079.0
241	293079.0
242	293079.0
243	293079.0
244	293079.0
245	112991.0
246	112991.0
247	112991.0
248	112991.0
249	112991.0
