0	263601.0
1	263601.0
2	263601.0
3	263601.0
4	263601.0
5	201361.0
6	201361.0
7	201361.0
8	201361.0
9	201361.0
10	92599.0
11	92599.0
12	92599.0
13	92599.0
14	92599.0
15	227530.0
16	227530.0
17	227530.0
18	227530.0
19	227530.0
20	321859.0
21	321859.0
22	321859.0
23	321859.0
24	321859.0
25	328951.0
26	328951.0
27	328951.0
28	328951.0
29	328951.0
30	12593.0
31	12593.0
32	12593.0
33	12593.0
34	12593.0
35	226302.0
36	226302.0
37	226302.0
38	226302.0
39	226302.0
40	185115.0
41	185115.0
42	185115.0
43	185115.0
44	185115.0
45	32128.0
46	32128.0
47	32128.0
48	32128.0
49	32128.0
50	232845.0
51	232845.0
52	232845.0
53	232845.0
54	232845.0
55	330972.0
56	330972.0
57	330972.0
58	330972.0
59	330972.0
60	13825.0
61	13825.0
62	13825.0
63	13825.0
64	13825.0
65	2969.0
66	2969.0
67	2969.0
68	2969.0
69	2969.0
70	90157.0
71	90157.0
72	90157.0
73	90157.0
74	90157.0
75	23295.0
76	23295.0
77	23295.0
78	23295.0
79	23295.0
80	61101.0
81	61101.0
82	61101.0
83	61101.0
84	61101.0
85	237672.0
86	237672.0
87	237672.0
88	237672.0
89	237672.0
90	297187.0
91	297187.0
92	297187.0
93	297187.0
94	297187.0
95	258796.0
96	258796.0
97	258796.0
98	258796.0
99	258796.0
100	15609.0
101	15609.0
102	15609.0
103	15609.0
104	15609.0
105	134852.0
106	134852.0
107	134852.0
108	134852.0
109	134852.0
110	22339.0
111	22339.0
112	22339.0
113	22339.0
114	22339.0
115	111614.0
116	111614.0
117	111614.0
118	111614.0
119	111614.0
120	163366.0
121	163366.0
122	163366.0
123	163366.0
124	163366.0
125	177455.0
126	177455.0
127	177455.0
128	177455.0
129	177455.0
130	28412.0
131	28412.0
132	28412.0
133	28412.0
134	28412.0
135	214739.0
136	214739.0
137	214739.0
138	214739.0
139	214739.0
140	255019.0
141	255019.0
142	255019.0
143	255019.0
144	255019.0
145	78447.0
146	78447.0
147	78447.0
148	78447.0
149	78447.0
150	207057.0
151	207057.0
152	207057.0
153	207057.0
154	207057.0
155	301197.0
156	301197.0
157	301197.0
158	301197.0
159	301197.0
160	254367.0
161	254367.0
162	254367.0
163	254367.0
164	254367.0
165	342586.0
166	342586.0
167	342586.0
168	342586.0
169	342586.0
170	344608.0
171	344608.0
172	344608.0
173	344608.0
174	344608.0
175	209009.0
176	209009.0
177	209009.0
178	209009.0
179	209009.0
180	23876.0
181	23876.0
182	23876.0
183	23876.0
184	23876.0
185	327404.0
186	327404.0
187	327404.0
188	327404.0
189	327404.0
190	217026.0
191	217026.0
192	217026.0
193	217026.0
194	217026.0
195	207993.0
196	207993.0
197	207993.0
198	207993.0
199	207993.0
200	216598.0
201	216598.0
202	216598.0
203	216598.0
204	216598.0
205	43650.0
206	43650.0
207	43650.0
208	43650.0
209	43650.0
210	100115.0
211	100115.0
212	100115.0
213	100115.0
214	100115.0
215	141101.0
216	141101.0
217	141101.0
218	141101.0
219	141101.0
220	193426.0
221	193426.0
222	193426.0
223	193426.0
224	193426.0
225	218902.0
226	218902.0
227	218902.0
228	218902.0
229	218902.0
230	238233.0
231	238233.0
232	238233.0
233	238233.0
234	238233.0
235	301273.0
236	301273.0
237	301273.0
238	301273.0
239	301273.0
240	319243.0
241	319243.0
242	319243.0
243	319243.0
244	319243.0
245	245621.0
246	245621.0
247	245621.0
248	245621.0
249	245621.0
