0	168585.0
1	168585.0
2	168585.0
3	168585.0
4	168585.0
5	50698.0
6	50698.0
7	50698.0
8	50698.0
9	50698.0
10	366140.0
11	366140.0
12	366140.0
13	366140.0
14	366140.0
15	410014.0
16	410014.0
17	410014.0
18	410014.0
19	410014.0
20	600818.0
21	600818.0
22	600818.0
23	600818.0
24	600818.0
25	298805.0
26	298805.0
27	298805.0
28	298805.0
29	298805.0
30	412236.0
31	412236.0
32	412236.0
33	412236.0
34	412236.0
35	659215.0
36	659215.0
37	659215.0
38	659215.0
39	659215.0
40	34961.0
41	34961.0
42	34961.0
43	34961.0
44	34961.0
45	175309.0
46	175309.0
47	175309.0
48	175309.0
49	175309.0
50	568290.0
51	568290.0
52	568290.0
53	568290.0
54	568290.0
55	566336.0
56	566336.0
57	566336.0
58	566336.0
59	566336.0
60	336964.0
61	336964.0
62	336964.0
63	336964.0
64	336964.0
65	466672.0
66	466672.0
67	466672.0
68	466672.0
69	466672.0
70	311065.0
71	311065.0
72	311065.0
73	311065.0
74	311065.0
75	316181.0
76	316181.0
77	316181.0
78	316181.0
79	316181.0
80	402240.0
81	402240.0
82	402240.0
83	402240.0
84	402240.0
85	299972.0
86	299972.0
87	299972.0
88	299972.0
89	299972.0
90	194871.0
91	194871.0
92	194871.0
93	194871.0
94	194871.0
95	309247.0
96	309247.0
97	309247.0
98	309247.0
99	309247.0
100	462751.0
101	462751.0
102	462751.0
103	462751.0
104	462751.0
105	498159.0
106	498159.0
107	498159.0
108	498159.0
109	498159.0
110	125179.0
111	125179.0
112	125179.0
113	125179.0
114	125179.0
115	59378.0
116	59378.0
117	59378.0
118	59378.0
119	59378.0
120	561239.0
121	561239.0
122	561239.0
123	561239.0
124	561239.0
125	435048.0
126	435048.0
127	435048.0
128	435048.0
129	435048.0
130	79095.0
131	79095.0
132	79095.0
133	79095.0
134	79095.0
135	208027.0
136	208027.0
137	208027.0
138	208027.0
139	208027.0
140	466565.0
141	466565.0
142	466565.0
143	466565.0
144	466565.0
145	370817.0
146	370817.0
147	370817.0
148	370817.0
149	370817.0
150	366662.0
151	366662.0
152	366662.0
153	366662.0
154	366662.0
155	390887.0
156	390887.0
157	390887.0
158	390887.0
159	390887.0
160	117606.0
161	117606.0
162	117606.0
163	117606.0
164	117606.0
165	47048.0
166	47048.0
167	47048.0
168	47048.0
169	47048.0
170	93811.0
171	93811.0
172	93811.0
173	93811.0
174	93811.0
175	448312.0
176	448312.0
177	448312.0
178	448312.0
179	448312.0
180	372295.0
181	372295.0
182	372295.0
183	372295.0
184	372295.0
185	223270.0
186	223270.0
187	223270.0
188	223270.0
189	223270.0
190	468601.0
191	468601.0
192	468601.0
193	468601.0
194	468601.0
195	200886.0
196	200886.0
197	200886.0
198	200886.0
199	200886.0
200	464861.0
201	464861.0
202	464861.0
203	464861.0
204	464861.0
205	429593.0
206	429593.0
207	429593.0
208	429593.0
209	429593.0
210	119420.0
211	119420.0
212	119420.0
213	119420.0
214	119420.0
215	173171.0
216	173171.0
217	173171.0
218	173171.0
219	173171.0
220	445587.0
221	445587.0
222	445587.0
223	445587.0
224	445587.0
225	615691.0
226	615691.0
227	615691.0
228	615691.0
229	615691.0
230	252403.0
231	252403.0
232	252403.0
233	252403.0
234	252403.0
235	499682.0
236	499682.0
237	499682.0
238	499682.0
239	499682.0
240	657460.0
241	657460.0
242	657460.0
243	657460.0
244	657460.0
245	48569.0
246	48569.0
247	48569.0
248	48569.0
249	48569.0
