0	527547.0
1	527547.0
2	527547.0
3	527547.0
4	527547.0
5	141852.0
6	141852.0
7	141852.0
8	141852.0
9	141852.0
10	412966.0
11	412966.0
12	412966.0
13	412966.0
14	412966.0
15	292638.0
16	292638.0
17	292638.0
18	292638.0
19	292638.0
20	378514.0
21	378514.0
22	378514.0
23	378514.0
24	378514.0
25	207734.0
26	207734.0
27	207734.0
28	207734.0
29	207734.0
30	450511.0
31	450511.0
32	450511.0
33	450511.0
34	450511.0
35	347779.0
36	347779.0
37	347779.0
38	347779.0
39	347779.0
40	93968.0
41	93968.0
42	93968.0
43	93968.0
44	93968.0
45	600548.0
46	600548.0
47	600548.0
48	600548.0
49	600548.0
50	147590.0
51	147590.0
52	147590.0
53	147590.0
54	147590.0
55	581174.0
56	581174.0
57	581174.0
58	581174.0
59	581174.0
60	183536.0
61	183536.0
62	183536.0
63	183536.0
64	183536.0
65	291215.0
66	291215.0
67	291215.0
68	291215.0
69	291215.0
70	299565.0
71	299565.0
72	299565.0
73	299565.0
74	299565.0
75	605975.0
76	605975.0
77	605975.0
78	605975.0
79	605975.0
80	631186.0
81	631186.0
82	631186.0
83	631186.0
84	631186.0
85	364388.0
86	364388.0
87	364388.0
88	364388.0
89	364388.0
90	134671.0
91	134671.0
92	134671.0
93	134671.0
94	134671.0
95	545798.0
96	545798.0
97	545798.0
98	545798.0
99	545798.0
100	14258.0
101	14258.0
102	14258.0
103	14258.0
104	14258.0
105	188576.0
106	188576.0
107	188576.0
108	188576.0
109	188576.0
110	502592.0
111	502592.0
112	502592.0
113	502592.0
114	502592.0
115	647262.0
116	647262.0
117	647262.0
118	647262.0
119	647262.0
120	476945.0
121	476945.0
122	476945.0
123	476945.0
124	476945.0
125	53717.0
126	53717.0
127	53717.0
128	53717.0
129	53717.0
130	533744.0
131	533744.0
132	533744.0
133	533744.0
134	533744.0
135	207356.0
136	207356.0
137	207356.0
138	207356.0
139	207356.0
140	330086.0
141	330086.0
142	330086.0
143	330086.0
144	330086.0
145	110507.0
146	110507.0
147	110507.0
148	110507.0
149	110507.0
150	463214.0
151	463214.0
152	463214.0
153	463214.0
154	463214.0
155	398542.0
156	398542.0
157	398542.0
158	398542.0
159	398542.0
160	584969.0
161	584969.0
162	584969.0
163	584969.0
164	584969.0
165	589626.0
166	589626.0
167	589626.0
168	589626.0
169	589626.0
170	347600.0
171	347600.0
172	347600.0
173	347600.0
174	347600.0
175	37765.0
176	37765.0
177	37765.0
178	37765.0
179	37765.0
180	304078.0
181	304078.0
182	304078.0
183	304078.0
184	304078.0
185	623099.0
186	623099.0
187	623099.0
188	623099.0
189	623099.0
190	541069.0
191	541069.0
192	541069.0
193	541069.0
194	541069.0
195	332657.0
196	332657.0
197	332657.0
198	332657.0
199	332657.0
200	149709.0
201	149709.0
202	149709.0
203	149709.0
204	149709.0
205	278498.0
206	278498.0
207	278498.0
208	278498.0
209	278498.0
210	497652.0
211	497652.0
212	497652.0
213	497652.0
214	497652.0
215	525075.0
216	525075.0
217	525075.0
218	525075.0
219	525075.0
220	88773.0
221	88773.0
222	88773.0
223	88773.0
224	88773.0
225	409541.0
226	409541.0
227	409541.0
228	409541.0
229	409541.0
230	561253.0
231	561253.0
232	561253.0
233	561253.0
234	561253.0
235	408125.0
236	408125.0
237	408125.0
238	408125.0
239	408125.0
240	546296.0
241	546296.0
242	546296.0
243	546296.0
244	546296.0
245	239420.0
246	239420.0
247	239420.0
248	239420.0
249	239420.0
