0	39855.0
1	39855.0
2	39855.0
3	39855.0
4	39855.0
5	97465.0
6	97465.0
7	97465.0
8	97465.0
9	97465.0
10	494220.0
11	494220.0
12	494220.0
13	494220.0
14	494220.0
15	79005.0
16	79005.0
17	79005.0
18	79005.0
19	79005.0
20	174580.0
21	174580.0
22	174580.0
23	174580.0
24	174580.0
25	333187.0
26	333187.0
27	333187.0
28	333187.0
29	333187.0
30	244408.0
31	244408.0
32	244408.0
33	244408.0
34	244408.0
35	198895.0
36	198895.0
37	198895.0
38	198895.0
39	198895.0
40	45175.0
41	45175.0
42	45175.0
43	45175.0
44	45175.0
45	117192.0
46	117192.0
47	117192.0
48	117192.0
49	117192.0
50	297824.0
51	297824.0
52	297824.0
53	297824.0
54	297824.0
55	302814.0
56	302814.0
57	302814.0
58	302814.0
59	302814.0
60	455123.0
61	455123.0
62	455123.0
63	455123.0
64	455123.0
65	27523.0
66	27523.0
67	27523.0
68	27523.0
69	27523.0
70	303311.0
71	303311.0
72	303311.0
73	303311.0
74	303311.0
75	15608.0
76	15608.0
77	15608.0
78	15608.0
79	15608.0
80	440746.0
81	440746.0
82	440746.0
83	440746.0
84	440746.0
85	577512.0
86	577512.0
87	577512.0
88	577512.0
89	577512.0
90	587327.0
91	587327.0
92	587327.0
93	587327.0
94	587327.0
95	93600.0
96	93600.0
97	93600.0
98	93600.0
99	93600.0
100	414844.0
101	414844.0
102	414844.0
103	414844.0
104	414844.0
105	179590.0
106	179590.0
107	179590.0
108	179590.0
109	179590.0
110	245428.0
111	245428.0
112	245428.0
113	245428.0
114	245428.0
115	136709.0
116	136709.0
117	136709.0
118	136709.0
119	136709.0
120	384684.0
121	384684.0
122	384684.0
123	384684.0
124	384684.0
125	491503.0
126	491503.0
127	491503.0
128	491503.0
129	491503.0
130	660903.0
131	660903.0
132	660903.0
133	660903.0
134	660903.0
135	417938.0
136	417938.0
137	417938.0
138	417938.0
139	417938.0
140	24507.0
141	24507.0
142	24507.0
143	24507.0
144	24507.0
145	48944.0
146	48944.0
147	48944.0
148	48944.0
149	48944.0
150	59612.0
151	59612.0
152	59612.0
153	59612.0
154	59612.0
155	128263.0
156	128263.0
157	128263.0
158	128263.0
159	128263.0
160	326580.0
161	326580.0
162	326580.0
163	326580.0
164	326580.0
165	258542.0
166	258542.0
167	258542.0
168	258542.0
169	258542.0
170	286578.0
171	286578.0
172	286578.0
173	286578.0
174	286578.0
175	530044.0
176	530044.0
177	530044.0
178	530044.0
179	530044.0
180	312620.0
181	312620.0
182	312620.0
183	312620.0
184	312620.0
185	512113.0
186	512113.0
187	512113.0
188	512113.0
189	512113.0
190	450565.0
191	450565.0
192	450565.0
193	450565.0
194	450565.0
195	10535.0
196	10535.0
197	10535.0
198	10535.0
199	10535.0
200	33198.0
201	33198.0
202	33198.0
203	33198.0
204	33198.0
205	622051.0
206	622051.0
207	622051.0
208	622051.0
209	622051.0
210	657175.0
211	657175.0
212	657175.0
213	657175.0
214	657175.0
215	400432.0
216	400432.0
217	400432.0
218	400432.0
219	400432.0
220	299116.0
221	299116.0
222	299116.0
223	299116.0
224	299116.0
225	593792.0
226	593792.0
227	593792.0
228	593792.0
229	593792.0
230	499722.0
231	499722.0
232	499722.0
233	499722.0
234	499722.0
235	275710.0
236	275710.0
237	275710.0
238	275710.0
239	275710.0
240	185683.0
241	185683.0
242	185683.0
243	185683.0
244	185683.0
245	242875.0
246	242875.0
247	242875.0
248	242875.0
249	242875.0
