0	588214.0
1	588214.0
2	588214.0
3	588214.0
4	588214.0
5	251848.0
6	251848.0
7	251848.0
8	251848.0
9	251848.0
10	647274.0
11	647274.0
12	647274.0
13	647274.0
14	647274.0
15	291101.0
16	291101.0
17	291101.0
18	291101.0
19	291101.0
20	620324.0
21	620324.0
22	620324.0
23	620324.0
24	620324.0
25	201070.0
26	201070.0
27	201070.0
28	201070.0
29	201070.0
30	214012.0
31	214012.0
32	214012.0
33	214012.0
34	214012.0
35	516913.0
36	516913.0
37	516913.0
38	516913.0
39	516913.0
40	557538.0
41	557538.0
42	557538.0
43	557538.0
44	557538.0
45	382255.0
46	382255.0
47	382255.0
48	382255.0
49	382255.0
50	321075.0
51	321075.0
52	321075.0
53	321075.0
54	321075.0
55	22631.0
56	22631.0
57	22631.0
58	22631.0
59	22631.0
60	505577.0
61	505577.0
62	505577.0
63	505577.0
64	505577.0
65	376566.0
66	376566.0
67	376566.0
68	376566.0
69	376566.0
70	667779.0
71	667779.0
72	667779.0
73	667779.0
74	667779.0
75	133274.0
76	133274.0
77	133274.0
78	133274.0
79	133274.0
80	271293.0
81	271293.0
82	271293.0
83	271293.0
84	271293.0
85	1417.0
86	1417.0
87	1417.0
88	1417.0
89	1417.0
90	212916.0
91	212916.0
92	212916.0
93	212916.0
94	212916.0
95	454673.0
96	454673.0
97	454673.0
98	454673.0
99	454673.0
100	534775.0
101	534775.0
102	534775.0
103	534775.0
104	534775.0
105	591735.0
106	591735.0
107	591735.0
108	591735.0
109	591735.0
110	337158.0
111	337158.0
112	337158.0
113	337158.0
114	337158.0
115	361363.0
116	361363.0
117	361363.0
118	361363.0
119	361363.0
120	527287.0
121	527287.0
122	527287.0
123	527287.0
124	527287.0
125	465851.0
126	465851.0
127	465851.0
128	465851.0
129	465851.0
130	76325.0
131	76325.0
132	76325.0
133	76325.0
134	76325.0
135	42718.0
136	42718.0
137	42718.0
138	42718.0
139	42718.0
140	164759.0
141	164759.0
142	164759.0
143	164759.0
144	164759.0
145	115400.0
146	115400.0
147	115400.0
148	115400.0
149	115400.0
150	1763.0
151	1763.0
152	1763.0
153	1763.0
154	1763.0
155	265495.0
156	265495.0
157	265495.0
158	265495.0
159	265495.0
160	584911.0
161	584911.0
162	584911.0
163	584911.0
164	584911.0
165	244916.0
166	244916.0
167	244916.0
168	244916.0
169	244916.0
170	200358.0
171	200358.0
172	200358.0
173	200358.0
174	200358.0
175	261902.0
176	261902.0
177	261902.0
178	261902.0
179	261902.0
180	271724.0
181	271724.0
182	271724.0
183	271724.0
184	271724.0
185	107950.0
186	107950.0
187	107950.0
188	107950.0
189	107950.0
190	605350.0
191	605350.0
192	605350.0
193	605350.0
194	605350.0
195	631152.0
196	631152.0
197	631152.0
198	631152.0
199	631152.0
200	232974.0
201	232974.0
202	232974.0
203	232974.0
204	232974.0
205	92073.0
206	92073.0
207	92073.0
208	92073.0
209	92073.0
210	118201.0
211	118201.0
212	118201.0
213	118201.0
214	118201.0
215	464718.0
216	464718.0
217	464718.0
218	464718.0
219	464718.0
220	528586.0
221	528586.0
222	528586.0
223	528586.0
224	528586.0
225	477444.0
226	477444.0
227	477444.0
228	477444.0
229	477444.0
230	263595.0
231	263595.0
232	263595.0
233	263595.0
234	263595.0
235	363614.0
236	363614.0
237	363614.0
238	363614.0
239	363614.0
240	516797.0
241	516797.0
242	516797.0
243	516797.0
244	516797.0
245	294186.0
246	294186.0
247	294186.0
248	294186.0
249	294186.0
