0	636156.0
1	636156.0
2	636156.0
3	636156.0
4	636156.0
5	639234.0
6	639234.0
7	639234.0
8	639234.0
9	639234.0
10	337441.0
11	337441.0
12	337441.0
13	337441.0
14	337441.0
15	5300.0
16	5300.0
17	5300.0
18	5300.0
19	5300.0
20	221525.0
21	221525.0
22	221525.0
23	221525.0
24	221525.0
25	244508.0
26	244508.0
27	244508.0
28	244508.0
29	244508.0
30	611478.0
31	611478.0
32	611478.0
33	611478.0
34	611478.0
35	76363.0
36	76363.0
37	76363.0
38	76363.0
39	76363.0
40	14568.0
41	14568.0
42	14568.0
43	14568.0
44	14568.0
45	77104.0
46	77104.0
47	77104.0
48	77104.0
49	77104.0
50	664568.0
51	664568.0
52	664568.0
53	664568.0
54	664568.0
55	549344.0
56	549344.0
57	549344.0
58	549344.0
59	549344.0
60	344421.0
61	344421.0
62	344421.0
63	344421.0
64	344421.0
65	454430.0
66	454430.0
67	454430.0
68	454430.0
69	454430.0
70	655374.0
71	655374.0
72	655374.0
73	655374.0
74	655374.0
75	395882.0
76	395882.0
77	395882.0
78	395882.0
79	395882.0
80	483914.0
81	483914.0
82	483914.0
83	483914.0
84	483914.0
85	389630.0
86	389630.0
87	389630.0
88	389630.0
89	389630.0
90	71541.0
91	71541.0
92	71541.0
93	71541.0
94	71541.0
95	605569.0
96	605569.0
97	605569.0
98	605569.0
99	605569.0
100	175135.0
101	175135.0
102	175135.0
103	175135.0
104	175135.0
105	477133.0
106	477133.0
107	477133.0
108	477133.0
109	477133.0
110	261069.0
111	261069.0
112	261069.0
113	261069.0
114	261069.0
115	273208.0
116	273208.0
117	273208.0
118	273208.0
119	273208.0
120	417168.0
121	417168.0
122	417168.0
123	417168.0
124	417168.0
125	199070.0
126	199070.0
127	199070.0
128	199070.0
129	199070.0
130	81789.0
131	81789.0
132	81789.0
133	81789.0
134	81789.0
135	607771.0
136	607771.0
137	607771.0
138	607771.0
139	607771.0
140	70601.0
141	70601.0
142	70601.0
143	70601.0
144	70601.0
145	38493.0
146	38493.0
147	38493.0
148	38493.0
149	38493.0
150	522387.0
151	522387.0
152	522387.0
153	522387.0
154	522387.0
155	401467.0
156	401467.0
157	401467.0
158	401467.0
159	401467.0
160	621363.0
161	621363.0
162	621363.0
163	621363.0
164	621363.0
165	598611.0
166	598611.0
167	598611.0
168	598611.0
169	598611.0
170	234555.0
171	234555.0
172	234555.0
173	234555.0
174	234555.0
175	645934.0
176	645934.0
177	645934.0
178	645934.0
179	645934.0
180	565632.0
181	565632.0
182	565632.0
183	565632.0
184	565632.0
185	415575.0
186	415575.0
187	415575.0
188	415575.0
189	415575.0
190	271661.0
191	271661.0
192	271661.0
193	271661.0
194	271661.0
195	105387.0
196	105387.0
197	105387.0
198	105387.0
199	105387.0
200	575541.0
201	575541.0
202	575541.0
203	575541.0
204	575541.0
205	478032.0
206	478032.0
207	478032.0
208	478032.0
209	478032.0
210	653711.0
211	653711.0
212	653711.0
213	653711.0
214	653711.0
215	468997.0
216	468997.0
217	468997.0
218	468997.0
219	468997.0
220	352874.0
221	352874.0
222	352874.0
223	352874.0
224	352874.0
225	285652.0
226	285652.0
227	285652.0
228	285652.0
229	285652.0
230	611625.0
231	611625.0
232	611625.0
233	611625.0
234	611625.0
235	48468.0
236	48468.0
237	48468.0
238	48468.0
239	48468.0
240	107730.0
241	107730.0
242	107730.0
243	107730.0
244	107730.0
245	97746.0
246	97746.0
247	97746.0
248	97746.0
249	97746.0
