0	293740.0
1	293740.0
2	293740.0
3	293740.0
4	293740.0
5	351582.0
6	351582.0
7	351582.0
8	351582.0
9	351582.0
10	170682.0
11	170682.0
12	170682.0
13	170682.0
14	170682.0
15	105949.0
16	105949.0
17	105949.0
18	105949.0
19	105949.0
20	563671.0
21	563671.0
22	563671.0
23	563671.0
24	563671.0
25	593581.0
26	593581.0
27	593581.0
28	593581.0
29	593581.0
30	290222.0
31	290222.0
32	290222.0
33	290222.0
34	290222.0
35	621727.0
36	621727.0
37	621727.0
38	621727.0
39	621727.0
40	233817.0
41	233817.0
42	233817.0
43	233817.0
44	233817.0
45	482519.0
46	482519.0
47	482519.0
48	482519.0
49	482519.0
50	263017.0
51	263017.0
52	263017.0
53	263017.0
54	263017.0
55	542966.0
56	542966.0
57	542966.0
58	542966.0
59	542966.0
60	32600.0
61	32600.0
62	32600.0
63	32600.0
64	32600.0
65	149882.0
66	149882.0
67	149882.0
68	149882.0
69	149882.0
70	647980.0
71	647980.0
72	647980.0
73	647980.0
74	647980.0
75	54102.0
76	54102.0
77	54102.0
78	54102.0
79	54102.0
80	353840.0
81	353840.0
82	353840.0
83	353840.0
84	353840.0
85	536161.0
86	536161.0
87	536161.0
88	536161.0
89	536161.0
90	630640.0
91	630640.0
92	630640.0
93	630640.0
94	630640.0
95	407848.0
96	407848.0
97	407848.0
98	407848.0
99	407848.0
100	489079.0
101	489079.0
102	489079.0
103	489079.0
104	489079.0
105	606204.0
106	606204.0
107	606204.0
108	606204.0
109	606204.0
110	654695.0
111	654695.0
112	654695.0
113	654695.0
114	654695.0
115	252097.0
116	252097.0
117	252097.0
118	252097.0
119	252097.0
120	112697.0
121	112697.0
122	112697.0
123	112697.0
124	112697.0
125	636809.0
126	636809.0
127	636809.0
128	636809.0
129	636809.0
130	408666.0
131	408666.0
132	408666.0
133	408666.0
134	408666.0
135	210551.0
136	210551.0
137	210551.0
138	210551.0
139	210551.0
140	210162.0
141	210162.0
142	210162.0
143	210162.0
144	210162.0
145	422670.0
146	422670.0
147	422670.0
148	422670.0
149	422670.0
150	303313.0
151	303313.0
152	303313.0
153	303313.0
154	303313.0
155	112011.0
156	112011.0
157	112011.0
158	112011.0
159	112011.0
160	540777.0
161	540777.0
162	540777.0
163	540777.0
164	540777.0
165	647501.0
166	647501.0
167	647501.0
168	647501.0
169	647501.0
170	349998.0
171	349998.0
172	349998.0
173	349998.0
174	349998.0
175	197972.0
176	197972.0
177	197972.0
178	197972.0
179	197972.0
180	271433.0
181	271433.0
182	271433.0
183	271433.0
184	271433.0
185	315523.0
186	315523.0
187	315523.0
188	315523.0
189	315523.0
190	58991.0
191	58991.0
192	58991.0
193	58991.0
194	58991.0
195	523295.0
196	523295.0
197	523295.0
198	523295.0
199	523295.0
200	553081.0
201	553081.0
202	553081.0
203	553081.0
204	553081.0
205	564139.0
206	564139.0
207	564139.0
208	564139.0
209	564139.0
210	297326.0
211	297326.0
212	297326.0
213	297326.0
214	297326.0
215	77895.0
216	77895.0
217	77895.0
218	77895.0
219	77895.0
220	468559.0
221	468559.0
222	468559.0
223	468559.0
224	468559.0
225	363706.0
226	363706.0
227	363706.0
228	363706.0
229	363706.0
230	171968.0
231	171968.0
232	171968.0
233	171968.0
234	171968.0
235	341560.0
236	341560.0
237	341560.0
238	341560.0
239	341560.0
240	98814.0
241	98814.0
242	98814.0
243	98814.0
244	98814.0
245	55202.0
246	55202.0
247	55202.0
248	55202.0
249	55202.0
