0	472038.0
1	472038.0
2	472038.0
3	472038.0
4	472038.0
5	658645.0
6	658645.0
7	658645.0
8	658645.0
9	658645.0
10	441890.0
11	441890.0
12	441890.0
13	441890.0
14	441890.0
15	12178.0
16	12178.0
17	12178.0
18	12178.0
19	12178.0
20	457541.0
21	457541.0
22	457541.0
23	457541.0
24	457541.0
25	299013.0
26	299013.0
27	299013.0
28	299013.0
29	299013.0
30	73426.0
31	73426.0
32	73426.0
33	73426.0
34	73426.0
35	175814.0
36	175814.0
37	175814.0
38	175814.0
39	175814.0
40	366082.0
41	366082.0
42	366082.0
43	366082.0
44	366082.0
45	392931.0
46	392931.0
47	392931.0
48	392931.0
49	392931.0
50	335993.0
51	335993.0
52	335993.0
53	335993.0
54	335993.0
55	261724.0
56	261724.0
57	261724.0
58	261724.0
59	261724.0
60	516827.0
61	516827.0
62	516827.0
63	516827.0
64	516827.0
65	536775.0
66	536775.0
67	536775.0
68	536775.0
69	536775.0
70	374263.0
71	374263.0
72	374263.0
73	374263.0
74	374263.0
75	213691.0
76	213691.0
77	213691.0
78	213691.0
79	213691.0
80	337902.0
81	337902.0
82	337902.0
83	337902.0
84	337902.0
85	193410.0
86	193410.0
87	193410.0
88	193410.0
89	193410.0
90	420076.0
91	420076.0
92	420076.0
93	420076.0
94	420076.0
95	538606.0
96	538606.0
97	538606.0
98	538606.0
99	538606.0
100	195894.0
101	195894.0
102	195894.0
103	195894.0
104	195894.0
105	613322.0
106	613322.0
107	613322.0
108	613322.0
109	613322.0
110	111217.0
111	111217.0
112	111217.0
113	111217.0
114	111217.0
115	511694.0
116	511694.0
117	511694.0
118	511694.0
119	511694.0
120	114641.0
121	114641.0
122	114641.0
123	114641.0
124	114641.0
125	393797.0
126	393797.0
127	393797.0
128	393797.0
129	393797.0
130	416324.0
131	416324.0
132	416324.0
133	416324.0
134	416324.0
135	184373.0
136	184373.0
137	184373.0
138	184373.0
139	184373.0
140	555798.0
141	555798.0
142	555798.0
143	555798.0
144	555798.0
145	249065.0
146	249065.0
147	249065.0
148	249065.0
149	249065.0
150	550745.0
151	550745.0
152	550745.0
153	550745.0
154	550745.0
155	45946.0
156	45946.0
157	45946.0
158	45946.0
159	45946.0
160	446838.0
161	446838.0
162	446838.0
163	446838.0
164	446838.0
165	634161.0
166	634161.0
167	634161.0
168	634161.0
169	634161.0
170	536711.0
171	536711.0
172	536711.0
173	536711.0
174	536711.0
175	227898.0
176	227898.0
177	227898.0
178	227898.0
179	227898.0
180	569682.0
181	569682.0
182	569682.0
183	569682.0
184	569682.0
185	638751.0
186	638751.0
187	638751.0
188	638751.0
189	638751.0
190	650860.0
191	650860.0
192	650860.0
193	650860.0
194	650860.0
195	452785.0
196	452785.0
197	452785.0
198	452785.0
199	452785.0
200	280428.0
201	280428.0
202	280428.0
203	280428.0
204	280428.0
205	426277.0
206	426277.0
207	426277.0
208	426277.0
209	426277.0
210	17570.0
211	17570.0
212	17570.0
213	17570.0
214	17570.0
215	590922.0
216	590922.0
217	590922.0
218	590922.0
219	590922.0
220	292347.0
221	292347.0
222	292347.0
223	292347.0
224	292347.0
225	85235.0
226	85235.0
227	85235.0
228	85235.0
229	85235.0
230	88608.0
231	88608.0
232	88608.0
233	88608.0
234	88608.0
235	258669.0
236	258669.0
237	258669.0
238	258669.0
239	258669.0
240	575816.0
241	575816.0
242	575816.0
243	575816.0
244	575816.0
245	387478.0
246	387478.0
247	387478.0
248	387478.0
249	387478.0
