0	369013.0
1	369013.0
2	369013.0
3	369013.0
4	369013.0
5	328070.0
6	328070.0
7	328070.0
8	328070.0
9	328070.0
10	525113.0
11	525113.0
12	525113.0
13	525113.0
14	525113.0
15	664472.0
16	664472.0
17	664472.0
18	664472.0
19	664472.0
20	647005.0
21	647005.0
22	647005.0
23	647005.0
24	647005.0
25	526479.0
26	526479.0
27	526479.0
28	526479.0
29	526479.0
30	51917.0
31	51917.0
32	51917.0
33	51917.0
34	51917.0
35	159467.0
36	159467.0
37	159467.0
38	159467.0
39	159467.0
40	544640.0
41	544640.0
42	544640.0
43	544640.0
44	544640.0
45	654879.0
46	654879.0
47	654879.0
48	654879.0
49	654879.0
50	580022.0
51	580022.0
52	580022.0
53	580022.0
54	580022.0
55	499324.0
56	499324.0
57	499324.0
58	499324.0
59	499324.0
60	54063.0
61	54063.0
62	54063.0
63	54063.0
64	54063.0
65	370239.0
66	370239.0
67	370239.0
68	370239.0
69	370239.0
70	236244.0
71	236244.0
72	236244.0
73	236244.0
74	236244.0
75	444836.0
76	444836.0
77	444836.0
78	444836.0
79	444836.0
80	490962.0
81	490962.0
82	490962.0
83	490962.0
84	490962.0
85	275971.0
86	275971.0
87	275971.0
88	275971.0
89	275971.0
90	402947.0
91	402947.0
92	402947.0
93	402947.0
94	402947.0
95	139722.0
96	139722.0
97	139722.0
98	139722.0
99	139722.0
100	472514.0
101	472514.0
102	472514.0
103	472514.0
104	472514.0
105	8263.0
106	8263.0
107	8263.0
108	8263.0
109	8263.0
110	245302.0
111	245302.0
112	245302.0
113	245302.0
114	245302.0
115	222935.0
116	222935.0
117	222935.0
118	222935.0
119	222935.0
120	366221.0
121	366221.0
122	366221.0
123	366221.0
124	366221.0
125	180244.0
126	180244.0
127	180244.0
128	180244.0
129	180244.0
130	404640.0
131	404640.0
132	404640.0
133	404640.0
134	404640.0
135	89222.0
136	89222.0
137	89222.0
138	89222.0
139	89222.0
140	538187.0
141	538187.0
142	538187.0
143	538187.0
144	538187.0
145	88347.0
146	88347.0
147	88347.0
148	88347.0
149	88347.0
150	170512.0
151	170512.0
152	170512.0
153	170512.0
154	170512.0
155	170897.0
156	170897.0
157	170897.0
158	170897.0
159	170897.0
160	583281.0
161	583281.0
162	583281.0
163	583281.0
164	583281.0
165	182080.0
166	182080.0
167	182080.0
168	182080.0
169	182080.0
170	298784.0
171	298784.0
172	298784.0
173	298784.0
174	298784.0
175	581308.0
176	581308.0
177	581308.0
178	581308.0
179	581308.0
180	210932.0
181	210932.0
182	210932.0
183	210932.0
184	210932.0
185	275522.0
186	275522.0
187	275522.0
188	275522.0
189	275522.0
190	216166.0
191	216166.0
192	216166.0
193	216166.0
194	216166.0
195	297646.0
196	297646.0
197	297646.0
198	297646.0
199	297646.0
200	112084.0
201	112084.0
202	112084.0
203	112084.0
204	112084.0
205	58203.0
206	58203.0
207	58203.0
208	58203.0
209	58203.0
210	125171.0
211	125171.0
212	125171.0
213	125171.0
214	125171.0
215	71570.0
216	71570.0
217	71570.0
218	71570.0
219	71570.0
220	329371.0
221	329371.0
222	329371.0
223	329371.0
224	329371.0
225	82762.0
226	82762.0
227	82762.0
228	82762.0
229	82762.0
230	310596.0
231	310596.0
232	310596.0
233	310596.0
234	310596.0
235	652076.0
236	652076.0
237	652076.0
238	652076.0
239	652076.0
240	409300.0
241	409300.0
242	409300.0
243	409300.0
244	409300.0
245	490454.0
246	490454.0
247	490454.0
248	490454.0
249	490454.0
