0	606914.0
1	606914.0
2	606914.0
3	606914.0
4	606914.0
5	87189.0
6	87189.0
7	87189.0
8	87189.0
9	87189.0
10	295507.0
11	295507.0
12	295507.0
13	295507.0
14	295507.0
15	482708.0
16	482708.0
17	482708.0
18	482708.0
19	482708.0
20	336180.0
21	336180.0
22	336180.0
23	336180.0
24	336180.0
25	73206.0
26	73206.0
27	73206.0
28	73206.0
29	73206.0
30	630165.0
31	630165.0
32	630165.0
33	630165.0
34	630165.0
35	201076.0
36	201076.0
37	201076.0
38	201076.0
39	201076.0
40	395936.0
41	395936.0
42	395936.0
43	395936.0
44	395936.0
45	54171.0
46	54171.0
47	54171.0
48	54171.0
49	54171.0
50	279932.0
51	279932.0
52	279932.0
53	279932.0
54	279932.0
55	84115.0
56	84115.0
57	84115.0
58	84115.0
59	84115.0
60	204015.0
61	204015.0
62	204015.0
63	204015.0
64	204015.0
65	72702.0
66	72702.0
67	72702.0
68	72702.0
69	72702.0
70	513205.0
71	513205.0
72	513205.0
73	513205.0
74	513205.0
75	572245.0
76	572245.0
77	572245.0
78	572245.0
79	572245.0
80	115202.0
81	115202.0
82	115202.0
83	115202.0
84	115202.0
85	333123.0
86	333123.0
87	333123.0
88	333123.0
89	333123.0
90	415683.0
91	415683.0
92	415683.0
93	415683.0
94	415683.0
95	371018.0
96	371018.0
97	371018.0
98	371018.0
99	371018.0
100	580849.0
101	580849.0
102	580849.0
103	580849.0
104	580849.0
105	39384.0
106	39384.0
107	39384.0
108	39384.0
109	39384.0
110	311106.0
111	311106.0
112	311106.0
113	311106.0
114	311106.0
115	213759.0
116	213759.0
117	213759.0
118	213759.0
119	213759.0
120	297507.0
121	297507.0
122	297507.0
123	297507.0
124	297507.0
125	96720.0
126	96720.0
127	96720.0
128	96720.0
129	96720.0
130	7789.0
131	7789.0
132	7789.0
133	7789.0
134	7789.0
135	541214.0
136	541214.0
137	541214.0
138	541214.0
139	541214.0
140	583224.0
141	583224.0
142	583224.0
143	583224.0
144	583224.0
145	158642.0
146	158642.0
147	158642.0
148	158642.0
149	158642.0
150	376507.0
151	376507.0
152	376507.0
153	376507.0
154	376507.0
155	579913.0
156	579913.0
157	579913.0
158	579913.0
159	579913.0
160	455089.0
161	455089.0
162	455089.0
163	455089.0
164	455089.0
165	233570.0
166	233570.0
167	233570.0
168	233570.0
169	233570.0
170	329930.0
171	329930.0
172	329930.0
173	329930.0
174	329930.0
175	243122.0
176	243122.0
177	243122.0
178	243122.0
179	243122.0
180	413532.0
181	413532.0
182	413532.0
183	413532.0
184	413532.0
185	331749.0
186	331749.0
187	331749.0
188	331749.0
189	331749.0
190	183067.0
191	183067.0
192	183067.0
193	183067.0
194	183067.0
195	242849.0
196	242849.0
197	242849.0
198	242849.0
199	242849.0
200	207271.0
201	207271.0
202	207271.0
203	207271.0
204	207271.0
205	515823.0
206	515823.0
207	515823.0
208	515823.0
209	515823.0
210	98920.0
211	98920.0
212	98920.0
213	98920.0
214	98920.0
215	443896.0
216	443896.0
217	443896.0
218	443896.0
219	443896.0
220	19353.0
221	19353.0
222	19353.0
223	19353.0
224	19353.0
225	310457.0
226	310457.0
227	310457.0
228	310457.0
229	310457.0
230	170545.0
231	170545.0
232	170545.0
233	170545.0
234	170545.0
235	182589.0
236	182589.0
237	182589.0
238	182589.0
239	182589.0
240	72862.0
241	72862.0
242	72862.0
243	72862.0
244	72862.0
245	339804.0
246	339804.0
247	339804.0
248	339804.0
249	339804.0
