0	326185.0
1	326185.0
2	326185.0
3	326185.0
4	326185.0
5	408763.0
6	408763.0
7	408763.0
8	408763.0
9	408763.0
10	446229.0
11	446229.0
12	446229.0
13	446229.0
14	446229.0
15	563289.0
16	563289.0
17	563289.0
18	563289.0
19	563289.0
20	80468.0
21	80468.0
22	80468.0
23	80468.0
24	80468.0
25	214401.0
26	214401.0
27	214401.0
28	214401.0
29	214401.0
30	37079.0
31	37079.0
32	37079.0
33	37079.0
34	37079.0
35	84236.0
36	84236.0
37	84236.0
38	84236.0
39	84236.0
40	435878.0
41	435878.0
42	435878.0
43	435878.0
44	435878.0
45	431701.0
46	431701.0
47	431701.0
48	431701.0
49	431701.0
50	262494.0
51	262494.0
52	262494.0
53	262494.0
54	262494.0
55	354230.0
56	354230.0
57	354230.0
58	354230.0
59	354230.0
60	217683.0
61	217683.0
62	217683.0
63	217683.0
64	217683.0
65	499636.0
66	499636.0
67	499636.0
68	499636.0
69	499636.0
70	545041.0
71	545041.0
72	545041.0
73	545041.0
74	545041.0
75	157306.0
76	157306.0
77	157306.0
78	157306.0
79	157306.0
80	16105.0
81	16105.0
82	16105.0
83	16105.0
84	16105.0
85	579713.0
86	579713.0
87	579713.0
88	579713.0
89	579713.0
90	110449.0
91	110449.0
92	110449.0
93	110449.0
94	110449.0
95	426733.0
96	426733.0
97	426733.0
98	426733.0
99	426733.0
100	488505.0
101	488505.0
102	488505.0
103	488505.0
104	488505.0
105	598734.0
106	598734.0
107	598734.0
108	598734.0
109	598734.0
110	229396.0
111	229396.0
112	229396.0
113	229396.0
114	229396.0
115	26805.0
116	26805.0
117	26805.0
118	26805.0
119	26805.0
120	306486.0
121	306486.0
122	306486.0
123	306486.0
124	306486.0
125	475820.0
126	475820.0
127	475820.0
128	475820.0
129	475820.0
130	447276.0
131	447276.0
132	447276.0
133	447276.0
134	447276.0
135	133111.0
136	133111.0
137	133111.0
138	133111.0
139	133111.0
140	42152.0
141	42152.0
142	42152.0
143	42152.0
144	42152.0
145	630452.0
146	630452.0
147	630452.0
148	630452.0
149	630452.0
150	205566.0
151	205566.0
152	205566.0
153	205566.0
154	205566.0
155	26485.0
156	26485.0
157	26485.0
158	26485.0
159	26485.0
160	174534.0
161	174534.0
162	174534.0
163	174534.0
164	174534.0
165	296946.0
166	296946.0
167	296946.0
168	296946.0
169	296946.0
170	148353.0
171	148353.0
172	148353.0
173	148353.0
174	148353.0
175	189596.0
176	189596.0
177	189596.0
178	189596.0
179	189596.0
180	163296.0
181	163296.0
182	163296.0
183	163296.0
184	163296.0
185	368507.0
186	368507.0
187	368507.0
188	368507.0
189	368507.0
190	428606.0
191	428606.0
192	428606.0
193	428606.0
194	428606.0
195	121.0
196	121.0
197	121.0
198	121.0
199	121.0
200	62706.0
201	62706.0
202	62706.0
203	62706.0
204	62706.0
205	199364.0
206	199364.0
207	199364.0
208	199364.0
209	199364.0
210	240807.0
211	240807.0
212	240807.0
213	240807.0
214	240807.0
215	129644.0
216	129644.0
217	129644.0
218	129644.0
219	129644.0
220	531803.0
221	531803.0
222	531803.0
223	531803.0
224	531803.0
225	333051.0
226	333051.0
227	333051.0
228	333051.0
229	333051.0
230	613817.0
231	613817.0
232	613817.0
233	613817.0
234	613817.0
235	532994.0
236	532994.0
237	532994.0
238	532994.0
239	532994.0
240	395325.0
241	395325.0
242	395325.0
243	395325.0
244	395325.0
245	327236.0
246	327236.0
247	327236.0
248	327236.0
249	327236.0
