0	16396.0
1	16396.0
2	16396.0
3	16396.0
4	16396.0
5	425544.0
6	425544.0
7	425544.0
8	425544.0
9	425544.0
10	37706.0
11	37706.0
12	37706.0
13	37706.0
14	37706.0
15	137857.0
16	137857.0
17	137857.0
18	137857.0
19	137857.0
20	379176.0
21	379176.0
22	379176.0
23	379176.0
24	379176.0
25	402381.0
26	402381.0
27	402381.0
28	402381.0
29	402381.0
30	79175.0
31	79175.0
32	79175.0
33	79175.0
34	79175.0
35	97013.0
36	97013.0
37	97013.0
38	97013.0
39	97013.0
40	64857.0
41	64857.0
42	64857.0
43	64857.0
44	64857.0
45	541882.0
46	541882.0
47	541882.0
48	541882.0
49	541882.0
50	263072.0
51	263072.0
52	263072.0
53	263072.0
54	263072.0
55	557919.0
56	557919.0
57	557919.0
58	557919.0
59	557919.0
60	390796.0
61	390796.0
62	390796.0
63	390796.0
64	390796.0
65	130848.0
66	130848.0
67	130848.0
68	130848.0
69	130848.0
70	226009.0
71	226009.0
72	226009.0
73	226009.0
74	226009.0
75	164413.0
76	164413.0
77	164413.0
78	164413.0
79	164413.0
80	204155.0
81	204155.0
82	204155.0
83	204155.0
84	204155.0
85	135431.0
86	135431.0
87	135431.0
88	135431.0
89	135431.0
90	275587.0
91	275587.0
92	275587.0
93	275587.0
94	275587.0
95	127277.0
96	127277.0
97	127277.0
98	127277.0
99	127277.0
100	43387.0
101	43387.0
102	43387.0
103	43387.0
104	43387.0
105	384185.0
106	384185.0
107	384185.0
108	384185.0
109	384185.0
110	555139.0
111	555139.0
112	555139.0
113	555139.0
114	555139.0
115	379631.0
116	379631.0
117	379631.0
118	379631.0
119	379631.0
120	544698.0
121	544698.0
122	544698.0
123	544698.0
124	544698.0
125	414833.0
126	414833.0
127	414833.0
128	414833.0
129	414833.0
130	212006.0
131	212006.0
132	212006.0
133	212006.0
134	212006.0
135	489759.0
136	489759.0
137	489759.0
138	489759.0
139	489759.0
140	453631.0
141	453631.0
142	453631.0
143	453631.0
144	453631.0
145	342647.0
146	342647.0
147	342647.0
148	342647.0
149	342647.0
150	481206.0
151	481206.0
152	481206.0
153	481206.0
154	481206.0
155	520503.0
156	520503.0
157	520503.0
158	520503.0
159	520503.0
160	400058.0
161	400058.0
162	400058.0
163	400058.0
164	400058.0
165	112578.0
166	112578.0
167	112578.0
168	112578.0
169	112578.0
170	161033.0
171	161033.0
172	161033.0
173	161033.0
174	161033.0
175	404018.0
176	404018.0
177	404018.0
178	404018.0
179	404018.0
180	341730.0
181	341730.0
182	341730.0
183	341730.0
184	341730.0
185	236607.0
186	236607.0
187	236607.0
188	236607.0
189	236607.0
190	27036.0
191	27036.0
192	27036.0
193	27036.0
194	27036.0
195	520673.0
196	520673.0
197	520673.0
198	520673.0
199	520673.0
200	170252.0
201	170252.0
202	170252.0
203	170252.0
204	170252.0
205	218035.0
206	218035.0
207	218035.0
208	218035.0
209	218035.0
210	195032.0
211	195032.0
212	195032.0
213	195032.0
214	195032.0
215	434874.0
216	434874.0
217	434874.0
218	434874.0
219	434874.0
220	169619.0
221	169619.0
222	169619.0
223	169619.0
224	169619.0
225	323310.0
226	323310.0
227	323310.0
228	323310.0
229	323310.0
230	502095.0
231	502095.0
232	502095.0
233	502095.0
234	502095.0
235	202291.0
236	202291.0
237	202291.0
238	202291.0
239	202291.0
240	378005.0
241	378005.0
242	378005.0
243	378005.0
244	378005.0
245	189704.0
246	189704.0
247	189704.0
248	189704.0
249	189704.0
