0	244509.0
1	244509.0
2	244509.0
3	244509.0
4	244509.0
5	147846.0
6	147846.0
7	147846.0
8	147846.0
9	147846.0
10	146062.0
11	146062.0
12	146062.0
13	146062.0
14	146062.0
15	70665.0
16	70665.0
17	70665.0
18	70665.0
19	70665.0
20	56452.0
21	56452.0
22	56452.0
23	56452.0
24	56452.0
25	77734.0
26	77734.0
27	77734.0
28	77734.0
29	77734.0
30	370126.0
31	370126.0
32	370126.0
33	370126.0
34	370126.0
35	389784.0
36	389784.0
37	389784.0
38	389784.0
39	389784.0
40	229160.0
41	229160.0
42	229160.0
43	229160.0
44	229160.0
45	456525.0
46	456525.0
47	456525.0
48	456525.0
49	456525.0
50	369424.0
51	369424.0
52	369424.0
53	369424.0
54	369424.0
55	537943.0
56	537943.0
57	537943.0
58	537943.0
59	537943.0
60	111322.0
61	111322.0
62	111322.0
63	111322.0
64	111322.0
65	374614.0
66	374614.0
67	374614.0
68	374614.0
69	374614.0
70	67695.0
71	67695.0
72	67695.0
73	67695.0
74	67695.0
75	467750.0
76	467750.0
77	467750.0
78	467750.0
79	467750.0
80	304862.0
81	304862.0
82	304862.0
83	304862.0
84	304862.0
85	230332.0
86	230332.0
87	230332.0
88	230332.0
89	230332.0
90	408756.0
91	408756.0
92	408756.0
93	408756.0
94	408756.0
95	146902.0
96	146902.0
97	146902.0
98	146902.0
99	146902.0
100	118966.0
101	118966.0
102	118966.0
103	118966.0
104	118966.0
105	402683.0
106	402683.0
107	402683.0
108	402683.0
109	402683.0
110	170728.0
111	170728.0
112	170728.0
113	170728.0
114	170728.0
115	489040.0
116	489040.0
117	489040.0
118	489040.0
119	489040.0
120	202768.0
121	202768.0
122	202768.0
123	202768.0
124	202768.0
125	312940.0
126	312940.0
127	312940.0
128	312940.0
129	312940.0
130	381382.0
131	381382.0
132	381382.0
133	381382.0
134	381382.0
135	280407.0
136	280407.0
137	280407.0
138	280407.0
139	280407.0
140	440239.0
141	440239.0
142	440239.0
143	440239.0
144	440239.0
145	9572.0
146	9572.0
147	9572.0
148	9572.0
149	9572.0
150	160887.0
151	160887.0
152	160887.0
153	160887.0
154	160887.0
155	89061.0
156	89061.0
157	89061.0
158	89061.0
159	89061.0
160	413844.0
161	413844.0
162	413844.0
163	413844.0
164	413844.0
165	447908.0
166	447908.0
167	447908.0
168	447908.0
169	447908.0
170	421983.0
171	421983.0
172	421983.0
173	421983.0
174	421983.0
175	429378.0
176	429378.0
177	429378.0
178	429378.0
179	429378.0
180	410832.0
181	410832.0
182	410832.0
183	410832.0
184	410832.0
185	448736.0
186	448736.0
187	448736.0
188	448736.0
189	448736.0
190	141796.0
191	141796.0
192	141796.0
193	141796.0
194	141796.0
195	389185.0
196	389185.0
197	389185.0
198	389185.0
199	389185.0
200	158234.0
201	158234.0
202	158234.0
203	158234.0
204	158234.0
205	297143.0
206	297143.0
207	297143.0
208	297143.0
209	297143.0
210	291825.0
211	291825.0
212	291825.0
213	291825.0
214	291825.0
215	340847.0
216	340847.0
217	340847.0
218	340847.0
219	340847.0
220	163090.0
221	163090.0
222	163090.0
223	163090.0
224	163090.0
225	239534.0
226	239534.0
227	239534.0
228	239534.0
229	239534.0
230	55030.0
231	55030.0
232	55030.0
233	55030.0
234	55030.0
235	139369.0
236	139369.0
237	139369.0
238	139369.0
239	139369.0
240	304515.0
241	304515.0
242	304515.0
243	304515.0
244	304515.0
245	446899.0
246	446899.0
247	446899.0
248	446899.0
249	446899.0
