0	122806.0
1	122806.0
2	122806.0
3	122806.0
4	122806.0
5	75429.0
6	75429.0
7	75429.0
8	75429.0
9	75429.0
10	498548.0
11	498548.0
12	498548.0
13	498548.0
14	498548.0
15	456063.0
16	456063.0
17	456063.0
18	456063.0
19	456063.0
20	107926.0
21	107926.0
22	107926.0
23	107926.0
24	107926.0
25	374229.0
26	374229.0
27	374229.0
28	374229.0
29	374229.0
30	425520.0
31	425520.0
32	425520.0
33	425520.0
34	425520.0
35	497685.0
36	497685.0
37	497685.0
38	497685.0
39	497685.0
40	326047.0
41	326047.0
42	326047.0
43	326047.0
44	326047.0
45	512526.0
46	512526.0
47	512526.0
48	512526.0
49	512526.0
50	359833.0
51	359833.0
52	359833.0
53	359833.0
54	359833.0
55	296708.0
56	296708.0
57	296708.0
58	296708.0
59	296708.0
60	490716.0
61	490716.0
62	490716.0
63	490716.0
64	490716.0
65	474680.0
66	474680.0
67	474680.0
68	474680.0
69	474680.0
70	171953.0
71	171953.0
72	171953.0
73	171953.0
74	171953.0
75	317129.0
76	317129.0
77	317129.0
78	317129.0
79	317129.0
80	32893.0
81	32893.0
82	32893.0
83	32893.0
84	32893.0
85	183909.0
86	183909.0
87	183909.0
88	183909.0
89	183909.0
90	346054.0
91	346054.0
92	346054.0
93	346054.0
94	346054.0
95	472543.0
96	472543.0
97	472543.0
98	472543.0
99	472543.0
100	243672.0
101	243672.0
102	243672.0
103	243672.0
104	243672.0
105	114198.0
106	114198.0
107	114198.0
108	114198.0
109	114198.0
110	386048.0
111	386048.0
112	386048.0
113	386048.0
114	386048.0
115	473115.0
116	473115.0
117	473115.0
118	473115.0
119	473115.0
120	311136.0
121	311136.0
122	311136.0
123	311136.0
124	311136.0
125	281040.0
126	281040.0
127	281040.0
128	281040.0
129	281040.0
130	527163.0
131	527163.0
132	527163.0
133	527163.0
134	527163.0
135	373894.0
136	373894.0
137	373894.0
138	373894.0
139	373894.0
140	89047.0
141	89047.0
142	89047.0
143	89047.0
144	89047.0
145	471481.0
146	471481.0
147	471481.0
148	471481.0
149	471481.0
150	107543.0
151	107543.0
152	107543.0
153	107543.0
154	107543.0
155	70975.0
156	70975.0
157	70975.0
158	70975.0
159	70975.0
160	351453.0
161	351453.0
162	351453.0
163	351453.0
164	351453.0
165	199819.0
166	199819.0
167	199819.0
168	199819.0
169	199819.0
170	450099.0
171	450099.0
172	450099.0
173	450099.0
174	450099.0
175	480650.0
176	480650.0
177	480650.0
178	480650.0
179	480650.0
180	298134.0
181	298134.0
182	298134.0
183	298134.0
184	298134.0
185	530383.0
186	530383.0
187	530383.0
188	530383.0
189	530383.0
190	189911.0
191	189911.0
192	189911.0
193	189911.0
194	189911.0
195	228111.0
196	228111.0
197	228111.0
198	228111.0
199	228111.0
200	347015.0
201	347015.0
202	347015.0
203	347015.0
204	347015.0
205	82168.0
206	82168.0
207	82168.0
208	82168.0
209	82168.0
210	285229.0
211	285229.0
212	285229.0
213	285229.0
214	285229.0
215	202590.0
216	202590.0
217	202590.0
218	202590.0
219	202590.0
220	275882.0
221	275882.0
222	275882.0
223	275882.0
224	275882.0
225	180292.0
226	180292.0
227	180292.0
228	180292.0
229	180292.0
230	495071.0
231	495071.0
232	495071.0
233	495071.0
234	495071.0
235	536138.0
236	536138.0
237	536138.0
238	536138.0
239	536138.0
240	63117.0
241	63117.0
242	63117.0
243	63117.0
244	63117.0
245	467911.0
246	467911.0
247	467911.0
248	467911.0
249	467911.0
