0	448940.0
1	448940.0
2	448940.0
3	448940.0
4	448940.0
5	543845.0
6	543845.0
7	543845.0
8	543845.0
9	543845.0
10	92366.0
11	92366.0
12	92366.0
13	92366.0
14	92366.0
15	548258.0
16	548258.0
17	548258.0
18	548258.0
19	548258.0
20	529820.0
21	529820.0
22	529820.0
23	529820.0
24	529820.0
25	363792.0
26	363792.0
27	363792.0
28	363792.0
29	363792.0
30	25520.0
31	25520.0
32	25520.0
33	25520.0
34	25520.0
35	278045.0
36	278045.0
37	278045.0
38	278045.0
39	278045.0
40	72133.0
41	72133.0
42	72133.0
43	72133.0
44	72133.0
45	378536.0
46	378536.0
47	378536.0
48	378536.0
49	378536.0
50	459717.0
51	459717.0
52	459717.0
53	459717.0
54	459717.0
55	40009.0
56	40009.0
57	40009.0
58	40009.0
59	40009.0
60	339975.0
61	339975.0
62	339975.0
63	339975.0
64	339975.0
65	46739.0
66	46739.0
67	46739.0
68	46739.0
69	46739.0
70	469688.0
71	469688.0
72	469688.0
73	469688.0
74	469688.0
75	502484.0
76	502484.0
77	502484.0
78	502484.0
79	502484.0
80	159421.0
81	159421.0
82	159421.0
83	159421.0
84	159421.0
85	173634.0
86	173634.0
87	173634.0
88	173634.0
89	173634.0
90	412537.0
91	412537.0
92	412537.0
93	412537.0
94	412537.0
95	40515.0
96	40515.0
97	40515.0
98	40515.0
99	40515.0
100	509636.0
101	509636.0
102	509636.0
103	509636.0
104	509636.0
105	94420.0
106	94420.0
107	94420.0
108	94420.0
109	94420.0
110	400728.0
111	400728.0
112	400728.0
113	400728.0
114	400728.0
115	440566.0
116	440566.0
117	440566.0
118	440566.0
119	440566.0
120	366498.0
121	366498.0
122	366498.0
123	366498.0
124	366498.0
125	124860.0
126	124860.0
127	124860.0
128	124860.0
129	124860.0
130	315662.0
131	315662.0
132	315662.0
133	315662.0
134	315662.0
135	357139.0
136	357139.0
137	357139.0
138	357139.0
139	357139.0
140	458786.0
141	458786.0
142	458786.0
143	458786.0
144	458786.0
145	231774.0
146	231774.0
147	231774.0
148	231774.0
149	231774.0
150	85003.0
151	85003.0
152	85003.0
153	85003.0
154	85003.0
155	319873.0
156	319873.0
157	319873.0
158	319873.0
159	319873.0
160	238007.0
161	238007.0
162	238007.0
163	238007.0
164	238007.0
165	106717.0
166	106717.0
167	106717.0
168	106717.0
169	106717.0
170	503219.0
171	503219.0
172	503219.0
173	503219.0
174	503219.0
175	362796.0
176	362796.0
177	362796.0
178	362796.0
179	362796.0
180	148200.0
181	148200.0
182	148200.0
183	148200.0
184	148200.0
185	397359.0
186	397359.0
187	397359.0
188	397359.0
189	397359.0
190	406827.0
191	406827.0
192	406827.0
193	406827.0
194	406827.0
195	429287.0
196	429287.0
197	429287.0
198	429287.0
199	429287.0
200	231940.0
201	231940.0
202	231940.0
203	231940.0
204	231940.0
205	53924.0
206	53924.0
207	53924.0
208	53924.0
209	53924.0
210	488719.0
211	488719.0
212	488719.0
213	488719.0
214	488719.0
215	488376.0
216	488376.0
217	488376.0
218	488376.0
219	488376.0
220	288534.0
221	288534.0
222	288534.0
223	288534.0
224	288534.0
225	462782.0
226	462782.0
227	462782.0
228	462782.0
229	462782.0
230	521143.0
231	521143.0
232	521143.0
233	521143.0
234	521143.0
235	23881.0
236	23881.0
237	23881.0
238	23881.0
239	23881.0
240	558530.0
241	558530.0
242	558530.0
243	558530.0
244	558530.0
245	480898.0
246	480898.0
247	480898.0
248	480898.0
249	480898.0
