0	23653.0
1	23653.0
2	23653.0
3	23653.0
4	23653.0
5	203016.0
6	203016.0
7	203016.0
8	203016.0
9	203016.0
10	203103.0
11	203103.0
12	203103.0
13	203103.0
14	203103.0
15	146191.0
16	146191.0
17	146191.0
18	146191.0
19	146191.0
20	192378.0
21	192378.0
22	192378.0
23	192378.0
24	192378.0
25	138658.0
26	138658.0
27	138658.0
28	138658.0
29	138658.0
30	152535.0
31	152535.0
32	152535.0
33	152535.0
34	152535.0
35	113758.0
36	113758.0
37	113758.0
38	113758.0
39	113758.0
40	131922.0
41	131922.0
42	131922.0
43	131922.0
44	131922.0
45	119607.0
46	119607.0
47	119607.0
48	119607.0
49	119607.0
50	64777.0
51	64777.0
52	64777.0
53	64777.0
54	64777.0
55	122426.0
56	122426.0
57	122426.0
58	122426.0
59	122426.0
60	39050.0
61	39050.0
62	39050.0
63	39050.0
64	39050.0
65	130489.0
66	130489.0
67	130489.0
68	130489.0
69	130489.0
70	62921.0
71	62921.0
72	62921.0
73	62921.0
74	62921.0
75	183969.0
76	183969.0
77	183969.0
78	183969.0
79	183969.0
80	201028.0
81	201028.0
82	201028.0
83	201028.0
84	201028.0
85	206609.0
86	206609.0
87	206609.0
88	206609.0
89	206609.0
90	165558.0
91	165558.0
92	165558.0
93	165558.0
94	165558.0
95	76635.0
96	76635.0
97	76635.0
98	76635.0
99	76635.0
100	164274.0
101	164274.0
102	164274.0
103	164274.0
104	164274.0
105	123880.0
106	123880.0
107	123880.0
108	123880.0
109	123880.0
110	187343.0
111	187343.0
112	187343.0
113	187343.0
114	187343.0
115	178363.0
116	178363.0
117	178363.0
118	178363.0
119	178363.0
120	196555.0
121	196555.0
122	196555.0
123	196555.0
124	196555.0
125	86119.0
126	86119.0
127	86119.0
128	86119.0
129	86119.0
130	109590.0
131	109590.0
132	109590.0
133	109590.0
134	109590.0
135	197451.0
136	197451.0
137	197451.0
138	197451.0
139	197451.0
140	201157.0
141	201157.0
142	201157.0
143	201157.0
144	201157.0
145	93272.0
146	93272.0
147	93272.0
148	93272.0
149	93272.0
150	95730.0
151	95730.0
152	95730.0
153	95730.0
154	95730.0
155	147952.0
156	147952.0
157	147952.0
158	147952.0
159	147952.0
160	66542.0
161	66542.0
162	66542.0
163	66542.0
164	66542.0
165	84318.0
166	84318.0
167	84318.0
168	84318.0
169	84318.0
170	119145.0
171	119145.0
172	119145.0
173	119145.0
174	119145.0
175	97014.0
176	97014.0
177	97014.0
178	97014.0
179	97014.0
180	161992.0
181	161992.0
182	161992.0
183	161992.0
184	161992.0
185	121675.0
186	121675.0
187	121675.0
188	121675.0
189	121675.0
190	166066.0
191	166066.0
192	166066.0
193	166066.0
194	166066.0
195	21065.0
196	21065.0
197	21065.0
198	21065.0
199	21065.0
200	43357.0
201	43357.0
202	43357.0
203	43357.0
204	43357.0
205	67549.0
206	67549.0
207	67549.0
208	67549.0
209	67549.0
210	94003.0
211	94003.0
212	94003.0
213	94003.0
214	94003.0
215	5470.0
216	5470.0
217	5470.0
218	5470.0
219	5470.0
220	138851.0
221	138851.0
222	138851.0
223	138851.0
224	138851.0
225	201364.0
226	201364.0
227	201364.0
228	201364.0
229	201364.0
230	171784.0
231	171784.0
232	171784.0
233	171784.0
234	171784.0
235	128866.0
236	128866.0
237	128866.0
238	128866.0
239	128866.0
240	82794.0
241	82794.0
242	82794.0
243	82794.0
244	82794.0
245	113262.0
246	113262.0
247	113262.0
248	113262.0
249	113262.0
