0	17005.0
1	17005.0
2	17005.0
3	17005.0
4	17005.0
5	177370.0
6	177370.0
7	177370.0
8	177370.0
9	177370.0
10	20929.0
11	20929.0
12	20929.0
13	20929.0
14	20929.0
15	55502.0
16	55502.0
17	55502.0
18	55502.0
19	55502.0
20	164884.0
21	164884.0
22	164884.0
23	164884.0
24	164884.0
25	3322.0
26	3322.0
27	3322.0
28	3322.0
29	3322.0
30	37090.0
31	37090.0
32	37090.0
33	37090.0
34	37090.0
35	55470.0
36	55470.0
37	55470.0
38	55470.0
39	55470.0
40	204567.0
41	204567.0
42	204567.0
43	204567.0
44	204567.0
45	66722.0
46	66722.0
47	66722.0
48	66722.0
49	66722.0
50	141591.0
51	141591.0
52	141591.0
53	141591.0
54	141591.0
55	104428.0
56	104428.0
57	104428.0
58	104428.0
59	104428.0
60	80540.0
61	80540.0
62	80540.0
63	80540.0
64	80540.0
65	105431.0
66	105431.0
67	105431.0
68	105431.0
69	105431.0
70	119921.0
71	119921.0
72	119921.0
73	119921.0
74	119921.0
75	59818.0
76	59818.0
77	59818.0
78	59818.0
79	59818.0
80	94498.0
81	94498.0
82	94498.0
83	94498.0
84	94498.0
85	191460.0
86	191460.0
87	191460.0
88	191460.0
89	191460.0
90	53285.0
91	53285.0
92	53285.0
93	53285.0
94	53285.0
95	200063.0
96	200063.0
97	200063.0
98	200063.0
99	200063.0
100	81788.0
101	81788.0
102	81788.0
103	81788.0
104	81788.0
105	121540.0
106	121540.0
107	121540.0
108	121540.0
109	121540.0
110	67315.0
111	67315.0
112	67315.0
113	67315.0
114	67315.0
115	196336.0
116	196336.0
117	196336.0
118	196336.0
119	196336.0
120	132168.0
121	132168.0
122	132168.0
123	132168.0
124	132168.0
125	182949.0
126	182949.0
127	182949.0
128	182949.0
129	182949.0
130	187261.0
131	187261.0
132	187261.0
133	187261.0
134	187261.0
135	204258.0
136	204258.0
137	204258.0
138	204258.0
139	204258.0
140	17089.0
141	17089.0
142	17089.0
143	17089.0
144	17089.0
145	158231.0
146	158231.0
147	158231.0
148	158231.0
149	158231.0
150	1472.0
151	1472.0
152	1472.0
153	1472.0
154	1472.0
155	42564.0
156	42564.0
157	42564.0
158	42564.0
159	42564.0
160	13819.0
161	13819.0
162	13819.0
163	13819.0
164	13819.0
165	198881.0
166	198881.0
167	198881.0
168	198881.0
169	198881.0
170	173616.0
171	173616.0
172	173616.0
173	173616.0
174	173616.0
175	35839.0
176	35839.0
177	35839.0
178	35839.0
179	35839.0
180	30496.0
181	30496.0
182	30496.0
183	30496.0
184	30496.0
185	102168.0
186	102168.0
187	102168.0
188	102168.0
189	102168.0
190	56829.0
191	56829.0
192	56829.0
193	56829.0
194	56829.0
195	3078.0
196	3078.0
197	3078.0
198	3078.0
199	3078.0
200	86151.0
201	86151.0
202	86151.0
203	86151.0
204	86151.0
205	117763.0
206	117763.0
207	117763.0
208	117763.0
209	117763.0
210	15464.0
211	15464.0
212	15464.0
213	15464.0
214	15464.0
215	135617.0
216	135617.0
217	135617.0
218	135617.0
219	135617.0
220	39344.0
221	39344.0
222	39344.0
223	39344.0
224	39344.0
225	205284.0
226	205284.0
227	205284.0
228	205284.0
229	205284.0
230	162283.0
231	162283.0
232	162283.0
233	162283.0
234	162283.0
235	12917.0
236	12917.0
237	12917.0
238	12917.0
239	12917.0
240	151909.0
241	151909.0
242	151909.0
243	151909.0
244	151909.0
245	37006.0
246	37006.0
247	37006.0
248	37006.0
249	37006.0
