0	73974.0
1	73974.0
2	73974.0
3	73974.0
4	73974.0
5	175378.0
6	175378.0
7	175378.0
8	175378.0
9	175378.0
10	39173.0
11	39173.0
12	39173.0
13	39173.0
14	39173.0
15	175234.0
16	175234.0
17	175234.0
18	175234.0
19	175234.0
20	141101.0
21	141101.0
22	141101.0
23	141101.0
24	141101.0
25	43475.0
26	43475.0
27	43475.0
28	43475.0
29	43475.0
30	206021.0
31	206021.0
32	206021.0
33	206021.0
34	206021.0
35	14232.0
36	14232.0
37	14232.0
38	14232.0
39	14232.0
40	87348.0
41	87348.0
42	87348.0
43	87348.0
44	87348.0
45	92062.0
46	92062.0
47	92062.0
48	92062.0
49	92062.0
50	156243.0
51	156243.0
52	156243.0
53	156243.0
54	156243.0
55	30611.0
56	30611.0
57	30611.0
58	30611.0
59	30611.0
60	159853.0
61	159853.0
62	159853.0
63	159853.0
64	159853.0
65	22667.0
66	22667.0
67	22667.0
68	22667.0
69	22667.0
70	176707.0
71	176707.0
72	176707.0
73	176707.0
74	176707.0
75	133363.0
76	133363.0
77	133363.0
78	133363.0
79	133363.0
80	122358.0
81	122358.0
82	122358.0
83	122358.0
84	122358.0
85	123266.0
86	123266.0
87	123266.0
88	123266.0
89	123266.0
90	71465.0
91	71465.0
92	71465.0
93	71465.0
94	71465.0
95	14080.0
96	14080.0
97	14080.0
98	14080.0
99	14080.0
100	34630.0
101	34630.0
102	34630.0
103	34630.0
104	34630.0
105	158071.0
106	158071.0
107	158071.0
108	158071.0
109	158071.0
110	65237.0
111	65237.0
112	65237.0
113	65237.0
114	65237.0
115	136075.0
116	136075.0
117	136075.0
118	136075.0
119	136075.0
120	610.0
121	610.0
122	610.0
123	610.0
124	610.0
125	145347.0
126	145347.0
127	145347.0
128	145347.0
129	145347.0
130	186752.0
131	186752.0
132	186752.0
133	186752.0
134	186752.0
135	127949.0
136	127949.0
137	127949.0
138	127949.0
139	127949.0
140	120456.0
141	120456.0
142	120456.0
143	120456.0
144	120456.0
145	135390.0
146	135390.0
147	135390.0
148	135390.0
149	135390.0
150	190119.0
151	190119.0
152	190119.0
153	190119.0
154	190119.0
155	201615.0
156	201615.0
157	201615.0
158	201615.0
159	201615.0
160	8321.0
161	8321.0
162	8321.0
163	8321.0
164	8321.0
165	171695.0
166	171695.0
167	171695.0
168	171695.0
169	171695.0
170	198989.0
171	198989.0
172	198989.0
173	198989.0
174	198989.0
175	99936.0
176	99936.0
177	99936.0
178	99936.0
179	99936.0
180	98826.0
181	98826.0
182	98826.0
183	98826.0
184	98826.0
185	151887.0
186	151887.0
187	151887.0
188	151887.0
189	151887.0
190	180615.0
191	180615.0
192	180615.0
193	180615.0
194	180615.0
195	181460.0
196	181460.0
197	181460.0
198	181460.0
199	181460.0
200	19363.0
201	19363.0
202	19363.0
203	19363.0
204	19363.0
205	105048.0
206	105048.0
207	105048.0
208	105048.0
209	105048.0
210	60168.0
211	60168.0
212	60168.0
213	60168.0
214	60168.0
215	76056.0
216	76056.0
217	76056.0
218	76056.0
219	76056.0
220	169246.0
221	169246.0
222	169246.0
223	169246.0
224	169246.0
225	16431.0
226	16431.0
227	16431.0
228	16431.0
229	16431.0
230	5387.0
231	5387.0
232	5387.0
233	5387.0
234	5387.0
235	180916.0
236	180916.0
237	180916.0
238	180916.0
239	180916.0
240	73410.0
241	73410.0
242	73410.0
243	73410.0
244	73410.0
245	174384.0
246	174384.0
247	174384.0
248	174384.0
249	174384.0
