0	20766.0
1	20766.0
2	20766.0
3	20766.0
4	20766.0
5	10781.0
6	10781.0
7	10781.0
8	10781.0
9	10781.0
10	106035.0
11	106035.0
12	106035.0
13	106035.0
14	106035.0
15	177233.0
16	177233.0
17	177233.0
18	177233.0
19	177233.0
20	83944.0
21	83944.0
22	83944.0
23	83944.0
24	83944.0
25	92804.0
26	92804.0
27	92804.0
28	92804.0
29	92804.0
30	185805.0
31	185805.0
32	185805.0
33	185805.0
34	185805.0
35	74995.0
36	74995.0
37	74995.0
38	74995.0
39	74995.0
40	131675.0
41	131675.0
42	131675.0
43	131675.0
44	131675.0
45	181379.0
46	181379.0
47	181379.0
48	181379.0
49	181379.0
50	51349.0
51	51349.0
52	51349.0
53	51349.0
54	51349.0
55	108604.0
56	108604.0
57	108604.0
58	108604.0
59	108604.0
60	123688.0
61	123688.0
62	123688.0
63	123688.0
64	123688.0
65	14038.0
66	14038.0
67	14038.0
68	14038.0
69	14038.0
70	168477.0
71	168477.0
72	168477.0
73	168477.0
74	168477.0
75	206237.0
76	206237.0
77	206237.0
78	206237.0
79	206237.0
80	60703.0
81	60703.0
82	60703.0
83	60703.0
84	60703.0
85	184233.0
86	184233.0
87	184233.0
88	184233.0
89	184233.0
90	205604.0
91	205604.0
92	205604.0
93	205604.0
94	205604.0
95	198051.0
96	198051.0
97	198051.0
98	198051.0
99	198051.0
100	57778.0
101	57778.0
102	57778.0
103	57778.0
104	57778.0
105	72480.0
106	72480.0
107	72480.0
108	72480.0
109	72480.0
110	133514.0
111	133514.0
112	133514.0
113	133514.0
114	133514.0
115	201302.0
116	201302.0
117	201302.0
118	201302.0
119	201302.0
120	202216.0
121	202216.0
122	202216.0
123	202216.0
124	202216.0
125	135976.0
126	135976.0
127	135976.0
128	135976.0
129	135976.0
130	188933.0
131	188933.0
132	188933.0
133	188933.0
134	188933.0
135	138408.0
136	138408.0
137	138408.0
138	138408.0
139	138408.0
140	54397.0
141	54397.0
142	54397.0
143	54397.0
144	54397.0
145	156846.0
146	156846.0
147	156846.0
148	156846.0
149	156846.0
150	87223.0
151	87223.0
152	87223.0
153	87223.0
154	87223.0
155	39523.0
156	39523.0
157	39523.0
158	39523.0
159	39523.0
160	114117.0
161	114117.0
162	114117.0
163	114117.0
164	114117.0
165	12184.0
166	12184.0
167	12184.0
168	12184.0
169	12184.0
170	134814.0
171	134814.0
172	134814.0
173	134814.0
174	134814.0
175	78247.0
176	78247.0
177	78247.0
178	78247.0
179	78247.0
180	96242.0
181	96242.0
182	96242.0
183	96242.0
184	96242.0
185	61841.0
186	61841.0
187	61841.0
188	61841.0
189	61841.0
190	46595.0
191	46595.0
192	46595.0
193	46595.0
194	46595.0
195	73870.0
196	73870.0
197	73870.0
198	73870.0
199	73870.0
200	148565.0
201	148565.0
202	148565.0
203	148565.0
204	148565.0
205	56027.0
206	56027.0
207	56027.0
208	56027.0
209	56027.0
210	204814.0
211	204814.0
212	204814.0
213	204814.0
214	204814.0
215	57018.0
216	57018.0
217	57018.0
218	57018.0
219	57018.0
220	103139.0
221	103139.0
222	103139.0
223	103139.0
224	103139.0
225	92404.0
226	92404.0
227	92404.0
228	92404.0
229	92404.0
230	138914.0
231	138914.0
232	138914.0
233	138914.0
234	138914.0
235	125893.0
236	125893.0
237	125893.0
238	125893.0
239	125893.0
240	46448.0
241	46448.0
242	46448.0
243	46448.0
244	46448.0
245	154410.0
246	154410.0
247	154410.0
248	154410.0
249	154410.0
