0	558520.0
1	558520.0
2	558520.0
3	558520.0
4	558520.0
5	392455.0
6	392455.0
7	392455.0
8	392455.0
9	392455.0
10	47570.0
11	47570.0
12	47570.0
13	47570.0
14	47570.0
15	231951.0
16	231951.0
17	231951.0
18	231951.0
19	231951.0
20	101848.0
21	101848.0
22	101848.0
23	101848.0
24	101848.0
25	738732.0
26	738732.0
27	738732.0
28	738732.0
29	738732.0
30	69813.0
31	69813.0
32	69813.0
33	69813.0
34	69813.0
35	239385.0
36	239385.0
37	239385.0
38	239385.0
39	239385.0
40	701374.0
41	701374.0
42	701374.0
43	701374.0
44	701374.0
45	818300.0
46	818300.0
47	818300.0
48	818300.0
49	818300.0
50	389702.0
51	389702.0
52	389702.0
53	389702.0
54	389702.0
55	103960.0
56	103960.0
57	103960.0
58	103960.0
59	103960.0
60	248511.0
61	248511.0
62	248511.0
63	248511.0
64	248511.0
65	344247.0
66	344247.0
67	344247.0
68	344247.0
69	344247.0
70	373780.0
71	373780.0
72	373780.0
73	373780.0
74	373780.0
75	876236.0
76	876236.0
77	876236.0
78	876236.0
79	876236.0
80	453293.0
81	453293.0
82	453293.0
83	453293.0
84	453293.0
85	637320.0
86	637320.0
87	637320.0
88	637320.0
89	637320.0
90	832338.0
91	832338.0
92	832338.0
93	832338.0
94	832338.0
95	800287.0
96	800287.0
97	800287.0
98	800287.0
99	800287.0
100	487181.0
101	487181.0
102	487181.0
103	487181.0
104	487181.0
105	221790.0
106	221790.0
107	221790.0
108	221790.0
109	221790.0
110	869023.0
111	869023.0
112	869023.0
113	869023.0
114	869023.0
115	162577.0
116	162577.0
117	162577.0
118	162577.0
119	162577.0
120	650165.0
121	650165.0
122	650165.0
123	650165.0
124	650165.0
125	465245.0
126	465245.0
127	465245.0
128	465245.0
129	465245.0
130	323348.0
131	323348.0
132	323348.0
133	323348.0
134	323348.0
135	375185.0
136	375185.0
137	375185.0
138	375185.0
139	375185.0
140	375328.0
141	375328.0
142	375328.0
143	375328.0
144	375328.0
145	781762.0
146	781762.0
147	781762.0
148	781762.0
149	781762.0
150	626970.0
151	626970.0
152	626970.0
153	626970.0
154	626970.0
155	847986.0
156	847986.0
157	847986.0
158	847986.0
159	847986.0
160	583668.0
161	583668.0
162	583668.0
163	583668.0
164	583668.0
165	603769.0
166	603769.0
167	603769.0
168	603769.0
169	603769.0
170	368294.0
171	368294.0
172	368294.0
173	368294.0
174	368294.0
175	166080.0
176	166080.0
177	166080.0
178	166080.0
179	166080.0
180	185629.0
181	185629.0
182	185629.0
183	185629.0
184	185629.0
185	723714.0
186	723714.0
187	723714.0
188	723714.0
189	723714.0
190	494106.0
191	494106.0
192	494106.0
193	494106.0
194	494106.0
195	931074.0
196	931074.0
197	931074.0
198	931074.0
199	931074.0
200	490427.0
201	490427.0
202	490427.0
203	490427.0
204	490427.0
205	301822.0
206	301822.0
207	301822.0
208	301822.0
209	301822.0
210	938147.0
211	938147.0
212	938147.0
213	938147.0
214	938147.0
215	207273.0
216	207273.0
217	207273.0
218	207273.0
219	207273.0
220	752791.0
221	752791.0
222	752791.0
223	752791.0
224	752791.0
225	790014.0
226	790014.0
227	790014.0
228	790014.0
229	790014.0
230	918151.0
231	918151.0
232	918151.0
233	918151.0
234	918151.0
235	687403.0
236	687403.0
237	687403.0
238	687403.0
239	687403.0
240	120385.0
241	120385.0
242	120385.0
243	120385.0
244	120385.0
245	118921.0
246	118921.0
247	118921.0
248	118921.0
249	118921.0
