0	157023.0
1	157023.0
2	157023.0
3	157023.0
4	157023.0
5	404730.0
6	404730.0
7	404730.0
8	404730.0
9	404730.0
10	982657.0
11	982657.0
12	982657.0
13	982657.0
14	982657.0
15	929832.0
16	929832.0
17	929832.0
18	929832.0
19	929832.0
20	921420.0
21	921420.0
22	921420.0
23	921420.0
24	921420.0
25	324852.0
26	324852.0
27	324852.0
28	324852.0
29	324852.0
30	293181.0
31	293181.0
32	293181.0
33	293181.0
34	293181.0
35	469326.0
36	469326.0
37	469326.0
38	469326.0
39	469326.0
40	447320.0
41	447320.0
42	447320.0
43	447320.0
44	447320.0
45	212307.0
46	212307.0
47	212307.0
48	212307.0
49	212307.0
50	677037.0
51	677037.0
52	677037.0
53	677037.0
54	677037.0
55	839194.0
56	839194.0
57	839194.0
58	839194.0
59	839194.0
60	224393.0
61	224393.0
62	224393.0
63	224393.0
64	224393.0
65	150181.0
66	150181.0
67	150181.0
68	150181.0
69	150181.0
70	856162.0
71	856162.0
72	856162.0
73	856162.0
74	856162.0
75	221497.0
76	221497.0
77	221497.0
78	221497.0
79	221497.0
80	806168.0
81	806168.0
82	806168.0
83	806168.0
84	806168.0
85	484548.0
86	484548.0
87	484548.0
88	484548.0
89	484548.0
90	857465.0
91	857465.0
92	857465.0
93	857465.0
94	857465.0
95	490497.0
96	490497.0
97	490497.0
98	490497.0
99	490497.0
100	267255.0
101	267255.0
102	267255.0
103	267255.0
104	267255.0
105	91814.0
106	91814.0
107	91814.0
108	91814.0
109	91814.0
110	654114.0
111	654114.0
112	654114.0
113	654114.0
114	654114.0
115	320589.0
116	320589.0
117	320589.0
118	320589.0
119	320589.0
120	919886.0
121	919886.0
122	919886.0
123	919886.0
124	919886.0
125	941910.0
126	941910.0
127	941910.0
128	941910.0
129	941910.0
130	489992.0
131	489992.0
132	489992.0
133	489992.0
134	489992.0
135	781396.0
136	781396.0
137	781396.0
138	781396.0
139	781396.0
140	847943.0
141	847943.0
142	847943.0
143	847943.0
144	847943.0
145	59492.0
146	59492.0
147	59492.0
148	59492.0
149	59492.0
150	853901.0
151	853901.0
152	853901.0
153	853901.0
154	853901.0
155	343080.0
156	343080.0
157	343080.0
158	343080.0
159	343080.0
160	238804.0
161	238804.0
162	238804.0
163	238804.0
164	238804.0
165	849441.0
166	849441.0
167	849441.0
168	849441.0
169	849441.0
170	890926.0
171	890926.0
172	890926.0
173	890926.0
174	890926.0
175	102416.0
176	102416.0
177	102416.0
178	102416.0
179	102416.0
180	853220.0
181	853220.0
182	853220.0
183	853220.0
184	853220.0
185	873510.0
186	873510.0
187	873510.0
188	873510.0
189	873510.0
190	320792.0
191	320792.0
192	320792.0
193	320792.0
194	320792.0
195	394574.0
196	394574.0
197	394574.0
198	394574.0
199	394574.0
200	438581.0
201	438581.0
202	438581.0
203	438581.0
204	438581.0
205	584816.0
206	584816.0
207	584816.0
208	584816.0
209	584816.0
210	68340.0
211	68340.0
212	68340.0
213	68340.0
214	68340.0
215	937112.0
216	937112.0
217	937112.0
218	937112.0
219	937112.0
220	15670.0
221	15670.0
222	15670.0
223	15670.0
224	15670.0
225	265927.0
226	265927.0
227	265927.0
228	265927.0
229	265927.0
230	824722.0
231	824722.0
232	824722.0
233	824722.0
234	824722.0
235	760365.0
236	760365.0
237	760365.0
238	760365.0
239	760365.0
240	801197.0
241	801197.0
242	801197.0
243	801197.0
244	801197.0
245	399725.0
246	399725.0
247	399725.0
248	399725.0
249	399725.0
