0	166502.0
1	166502.0
2	166502.0
3	166502.0
4	166502.0
5	704152.0
6	704152.0
7	704152.0
8	704152.0
9	704152.0
10	425278.0
11	425278.0
12	425278.0
13	425278.0
14	425278.0
15	849723.0
16	849723.0
17	849723.0
18	849723.0
19	849723.0
20	693174.0
21	693174.0
22	693174.0
23	693174.0
24	693174.0
25	958329.0
26	958329.0
27	958329.0
28	958329.0
29	958329.0
30	557945.0
31	557945.0
32	557945.0
33	557945.0
34	557945.0
35	888730.0
36	888730.0
37	888730.0
38	888730.0
39	888730.0
40	681051.0
41	681051.0
42	681051.0
43	681051.0
44	681051.0
45	499243.0
46	499243.0
47	499243.0
48	499243.0
49	499243.0
50	171236.0
51	171236.0
52	171236.0
53	171236.0
54	171236.0
55	634582.0
56	634582.0
57	634582.0
58	634582.0
59	634582.0
60	268580.0
61	268580.0
62	268580.0
63	268580.0
64	268580.0
65	472000.0
66	472000.0
67	472000.0
68	472000.0
69	472000.0
70	856471.0
71	856471.0
72	856471.0
73	856471.0
74	856471.0
75	260467.0
76	260467.0
77	260467.0
78	260467.0
79	260467.0
80	748104.0
81	748104.0
82	748104.0
83	748104.0
84	748104.0
85	693165.0
86	693165.0
87	693165.0
88	693165.0
89	693165.0
90	604321.0
91	604321.0
92	604321.0
93	604321.0
94	604321.0
95	775479.0
96	775479.0
97	775479.0
98	775479.0
99	775479.0
100	877854.0
101	877854.0
102	877854.0
103	877854.0
104	877854.0
105	767449.0
106	767449.0
107	767449.0
108	767449.0
109	767449.0
110	376038.0
111	376038.0
112	376038.0
113	376038.0
114	376038.0
115	25234.0
116	25234.0
117	25234.0
118	25234.0
119	25234.0
120	599468.0
121	599468.0
122	599468.0
123	599468.0
124	599468.0
125	898920.0
126	898920.0
127	898920.0
128	898920.0
129	898920.0
130	461616.0
131	461616.0
132	461616.0
133	461616.0
134	461616.0
135	950710.0
136	950710.0
137	950710.0
138	950710.0
139	950710.0
140	592250.0
141	592250.0
142	592250.0
143	592250.0
144	592250.0
145	855898.0
146	855898.0
147	855898.0
148	855898.0
149	855898.0
150	125840.0
151	125840.0
152	125840.0
153	125840.0
154	125840.0
155	967855.0
156	967855.0
157	967855.0
158	967855.0
159	967855.0
160	71978.0
161	71978.0
162	71978.0
163	71978.0
164	71978.0
165	569619.0
166	569619.0
167	569619.0
168	569619.0
169	569619.0
170	100239.0
171	100239.0
172	100239.0
173	100239.0
174	100239.0
175	661382.0
176	661382.0
177	661382.0
178	661382.0
179	661382.0
180	687157.0
181	687157.0
182	687157.0
183	687157.0
184	687157.0
185	504149.0
186	504149.0
187	504149.0
188	504149.0
189	504149.0
190	981611.0
191	981611.0
192	981611.0
193	981611.0
194	981611.0
195	161571.0
196	161571.0
197	161571.0
198	161571.0
199	161571.0
200	863601.0
201	863601.0
202	863601.0
203	863601.0
204	863601.0
205	3508.0
206	3508.0
207	3508.0
208	3508.0
209	3508.0
210	28560.0
211	28560.0
212	28560.0
213	28560.0
214	28560.0
215	15048.0
216	15048.0
217	15048.0
218	15048.0
219	15048.0
220	96138.0
221	96138.0
222	96138.0
223	96138.0
224	96138.0
225	143367.0
226	143367.0
227	143367.0
228	143367.0
229	143367.0
230	330632.0
231	330632.0
232	330632.0
233	330632.0
234	330632.0
235	429316.0
236	429316.0
237	429316.0
238	429316.0
239	429316.0
240	556599.0
241	556599.0
242	556599.0
243	556599.0
244	556599.0
245	768712.0
246	768712.0
247	768712.0
248	768712.0
249	768712.0
