0	742136.0
1	742136.0
2	742136.0
3	742136.0
4	742136.0
5	327903.0
6	327903.0
7	327903.0
8	327903.0
9	327903.0
10	489219.0
11	489219.0
12	489219.0
13	489219.0
14	489219.0
15	11595.0
16	11595.0
17	11595.0
18	11595.0
19	11595.0
20	419846.0
21	419846.0
22	419846.0
23	419846.0
24	419846.0
25	262438.0
26	262438.0
27	262438.0
28	262438.0
29	262438.0
30	92439.0
31	92439.0
32	92439.0
33	92439.0
34	92439.0
35	198814.0
36	198814.0
37	198814.0
38	198814.0
39	198814.0
40	69429.0
41	69429.0
42	69429.0
43	69429.0
44	69429.0
45	966303.0
46	966303.0
47	966303.0
48	966303.0
49	966303.0
50	616369.0
51	616369.0
52	616369.0
53	616369.0
54	616369.0
55	197799.0
56	197799.0
57	197799.0
58	197799.0
59	197799.0
60	672247.0
61	672247.0
62	672247.0
63	672247.0
64	672247.0
65	215686.0
66	215686.0
67	215686.0
68	215686.0
69	215686.0
70	721500.0
71	721500.0
72	721500.0
73	721500.0
74	721500.0
75	601286.0
76	601286.0
77	601286.0
78	601286.0
79	601286.0
80	428444.0
81	428444.0
82	428444.0
83	428444.0
84	428444.0
85	617388.0
86	617388.0
87	617388.0
88	617388.0
89	617388.0
90	227958.0
91	227958.0
92	227958.0
93	227958.0
94	227958.0
95	189531.0
96	189531.0
97	189531.0
98	189531.0
99	189531.0
100	424518.0
101	424518.0
102	424518.0
103	424518.0
104	424518.0
105	874222.0
106	874222.0
107	874222.0
108	874222.0
109	874222.0
110	667998.0
111	667998.0
112	667998.0
113	667998.0
114	667998.0
115	461203.0
116	461203.0
117	461203.0
118	461203.0
119	461203.0
120	396657.0
121	396657.0
122	396657.0
123	396657.0
124	396657.0
125	933348.0
126	933348.0
127	933348.0
128	933348.0
129	933348.0
130	952372.0
131	952372.0
132	952372.0
133	952372.0
134	952372.0
135	705896.0
136	705896.0
137	705896.0
138	705896.0
139	705896.0
140	326726.0
141	326726.0
142	326726.0
143	326726.0
144	326726.0
145	895790.0
146	895790.0
147	895790.0
148	895790.0
149	895790.0
150	586000.0
151	586000.0
152	586000.0
153	586000.0
154	586000.0
155	416038.0
156	416038.0
157	416038.0
158	416038.0
159	416038.0
160	9910.0
161	9910.0
162	9910.0
163	9910.0
164	9910.0
165	919543.0
166	919543.0
167	919543.0
168	919543.0
169	919543.0
170	317289.0
171	317289.0
172	317289.0
173	317289.0
174	317289.0
175	189668.0
176	189668.0
177	189668.0
178	189668.0
179	189668.0
180	401823.0
181	401823.0
182	401823.0
183	401823.0
184	401823.0
185	131984.0
186	131984.0
187	131984.0
188	131984.0
189	131984.0
190	293081.0
191	293081.0
192	293081.0
193	293081.0
194	293081.0
195	363838.0
196	363838.0
197	363838.0
198	363838.0
199	363838.0
200	104347.0
201	104347.0
202	104347.0
203	104347.0
204	104347.0
205	51099.0
206	51099.0
207	51099.0
208	51099.0
209	51099.0
210	778956.0
211	778956.0
212	778956.0
213	778956.0
214	778956.0
215	123934.0
216	123934.0
217	123934.0
218	123934.0
219	123934.0
220	344583.0
221	344583.0
222	344583.0
223	344583.0
224	344583.0
225	472484.0
226	472484.0
227	472484.0
228	472484.0
229	472484.0
230	812615.0
231	812615.0
232	812615.0
233	812615.0
234	812615.0
235	872227.0
236	872227.0
237	872227.0
238	872227.0
239	872227.0
240	820220.0
241	820220.0
242	820220.0
243	820220.0
244	820220.0
245	433615.0
246	433615.0
247	433615.0
248	433615.0
249	433615.0
