0	279417.0
1	279417.0
2	279417.0
3	279417.0
4	279417.0
5	778327.0
6	778327.0
7	778327.0
8	778327.0
9	778327.0
10	826700.0
11	826700.0
12	826700.0
13	826700.0
14	826700.0
15	511652.0
16	511652.0
17	511652.0
18	511652.0
19	511652.0
20	172459.0
21	172459.0
22	172459.0
23	172459.0
24	172459.0
25	899727.0
26	899727.0
27	899727.0
28	899727.0
29	899727.0
30	572124.0
31	572124.0
32	572124.0
33	572124.0
34	572124.0
35	878814.0
36	878814.0
37	878814.0
38	878814.0
39	878814.0
40	58107.0
41	58107.0
42	58107.0
43	58107.0
44	58107.0
45	760597.0
46	760597.0
47	760597.0
48	760597.0
49	760597.0
50	80091.0
51	80091.0
52	80091.0
53	80091.0
54	80091.0
55	435649.0
56	435649.0
57	435649.0
58	435649.0
59	435649.0
60	641462.0
61	641462.0
62	641462.0
63	641462.0
64	641462.0
65	590506.0
66	590506.0
67	590506.0
68	590506.0
69	590506.0
70	877353.0
71	877353.0
72	877353.0
73	877353.0
74	877353.0
75	62458.0
76	62458.0
77	62458.0
78	62458.0
79	62458.0
80	748882.0
81	748882.0
82	748882.0
83	748882.0
84	748882.0
85	408715.0
86	408715.0
87	408715.0
88	408715.0
89	408715.0
90	922128.0
91	922128.0
92	922128.0
93	922128.0
94	922128.0
95	507917.0
96	507917.0
97	507917.0
98	507917.0
99	507917.0
100	499513.0
101	499513.0
102	499513.0
103	499513.0
104	499513.0
105	507002.0
106	507002.0
107	507002.0
108	507002.0
109	507002.0
110	350748.0
111	350748.0
112	350748.0
113	350748.0
114	350748.0
115	598186.0
116	598186.0
117	598186.0
118	598186.0
119	598186.0
120	702483.0
121	702483.0
122	702483.0
123	702483.0
124	702483.0
125	12362.0
126	12362.0
127	12362.0
128	12362.0
129	12362.0
130	269061.0
131	269061.0
132	269061.0
133	269061.0
134	269061.0
135	100785.0
136	100785.0
137	100785.0
138	100785.0
139	100785.0
140	964231.0
141	964231.0
142	964231.0
143	964231.0
144	964231.0
145	677897.0
146	677897.0
147	677897.0
148	677897.0
149	677897.0
150	891441.0
151	891441.0
152	891441.0
153	891441.0
154	891441.0
155	690887.0
156	690887.0
157	690887.0
158	690887.0
159	690887.0
160	285523.0
161	285523.0
162	285523.0
163	285523.0
164	285523.0
165	774374.0
166	774374.0
167	774374.0
168	774374.0
169	774374.0
170	76242.0
171	76242.0
172	76242.0
173	76242.0
174	76242.0
175	485441.0
176	485441.0
177	485441.0
178	485441.0
179	485441.0
180	571048.0
181	571048.0
182	571048.0
183	571048.0
184	571048.0
185	930388.0
186	930388.0
187	930388.0
188	930388.0
189	930388.0
190	122341.0
191	122341.0
192	122341.0
193	122341.0
194	122341.0
195	730085.0
196	730085.0
197	730085.0
198	730085.0
199	730085.0
200	51936.0
201	51936.0
202	51936.0
203	51936.0
204	51936.0
205	983650.0
206	983650.0
207	983650.0
208	983650.0
209	983650.0
210	848575.0
211	848575.0
212	848575.0
213	848575.0
214	848575.0
215	317677.0
216	317677.0
217	317677.0
218	317677.0
219	317677.0
220	647166.0
221	647166.0
222	647166.0
223	647166.0
224	647166.0
225	796070.0
226	796070.0
227	796070.0
228	796070.0
229	796070.0
230	220945.0
231	220945.0
232	220945.0
233	220945.0
234	220945.0
235	798184.0
236	798184.0
237	798184.0
238	798184.0
239	798184.0
240	970238.0
241	970238.0
242	970238.0
243	970238.0
244	970238.0
245	381916.0
246	381916.0
247	381916.0
248	381916.0
249	381916.0
