0	44211.0
1	44211.0
2	44211.0
3	44211.0
4	44211.0
5	241265.0
6	241265.0
7	241265.0
8	241265.0
9	241265.0
10	829569.0
11	829569.0
12	829569.0
13	829569.0
14	829569.0
15	896266.0
16	896266.0
17	896266.0
18	896266.0
19	896266.0
20	394195.0
21	394195.0
22	394195.0
23	394195.0
24	394195.0
25	656992.0
26	656992.0
27	656992.0
28	656992.0
29	656992.0
30	521338.0
31	521338.0
32	521338.0
33	521338.0
34	521338.0
35	519649.0
36	519649.0
37	519649.0
38	519649.0
39	519649.0
40	603335.0
41	603335.0
42	603335.0
43	603335.0
44	603335.0
45	865325.0
46	865325.0
47	865325.0
48	865325.0
49	865325.0
50	213464.0
51	213464.0
52	213464.0
53	213464.0
54	213464.0
55	309663.0
56	309663.0
57	309663.0
58	309663.0
59	309663.0
60	617774.0
61	617774.0
62	617774.0
63	617774.0
64	617774.0
65	448779.0
66	448779.0
67	448779.0
68	448779.0
69	448779.0
70	775231.0
71	775231.0
72	775231.0
73	775231.0
74	775231.0
75	239126.0
76	239126.0
77	239126.0
78	239126.0
79	239126.0
80	662213.0
81	662213.0
82	662213.0
83	662213.0
84	662213.0
85	398693.0
86	398693.0
87	398693.0
88	398693.0
89	398693.0
90	705444.0
91	705444.0
92	705444.0
93	705444.0
94	705444.0
95	545629.0
96	545629.0
97	545629.0
98	545629.0
99	545629.0
100	587614.0
101	587614.0
102	587614.0
103	587614.0
104	587614.0
105	79722.0
106	79722.0
107	79722.0
108	79722.0
109	79722.0
110	785632.0
111	785632.0
112	785632.0
113	785632.0
114	785632.0
115	174188.0
116	174188.0
117	174188.0
118	174188.0
119	174188.0
120	642995.0
121	642995.0
122	642995.0
123	642995.0
124	642995.0
125	188513.0
126	188513.0
127	188513.0
128	188513.0
129	188513.0
130	666455.0
131	666455.0
132	666455.0
133	666455.0
134	666455.0
135	436547.0
136	436547.0
137	436547.0
138	436547.0
139	436547.0
140	590589.0
141	590589.0
142	590589.0
143	590589.0
144	590589.0
145	292611.0
146	292611.0
147	292611.0
148	292611.0
149	292611.0
150	883595.0
151	883595.0
152	883595.0
153	883595.0
154	883595.0
155	277262.0
156	277262.0
157	277262.0
158	277262.0
159	277262.0
160	469695.0
161	469695.0
162	469695.0
163	469695.0
164	469695.0
165	762662.0
166	762662.0
167	762662.0
168	762662.0
169	762662.0
170	478932.0
171	478932.0
172	478932.0
173	478932.0
174	478932.0
175	950360.0
176	950360.0
177	950360.0
178	950360.0
179	950360.0
180	135911.0
181	135911.0
182	135911.0
183	135911.0
184	135911.0
185	828457.0
186	828457.0
187	828457.0
188	828457.0
189	828457.0
190	668777.0
191	668777.0
192	668777.0
193	668777.0
194	668777.0
195	405136.0
196	405136.0
197	405136.0
198	405136.0
199	405136.0
200	1742.0
201	1742.0
202	1742.0
203	1742.0
204	1742.0
205	537755.0
206	537755.0
207	537755.0
208	537755.0
209	537755.0
210	322449.0
211	322449.0
212	322449.0
213	322449.0
214	322449.0
215	619498.0
216	619498.0
217	619498.0
218	619498.0
219	619498.0
220	514820.0
221	514820.0
222	514820.0
223	514820.0
224	514820.0
225	15658.0
226	15658.0
227	15658.0
228	15658.0
229	15658.0
230	441561.0
231	441561.0
232	441561.0
233	441561.0
234	441561.0
235	910483.0
236	910483.0
237	910483.0
238	910483.0
239	910483.0
240	432565.0
241	432565.0
242	432565.0
243	432565.0
244	432565.0
245	341283.0
246	341283.0
247	341283.0
248	341283.0
249	341283.0
