0	967084.0
1	967084.0
2	967084.0
3	967084.0
4	967084.0
5	484068.0
6	484068.0
7	484068.0
8	484068.0
9	484068.0
10	488084.0
11	488084.0
12	488084.0
13	488084.0
14	488084.0
15	377745.0
16	377745.0
17	377745.0
18	377745.0
19	377745.0
20	96600.0
21	96600.0
22	96600.0
23	96600.0
24	96600.0
25	540475.0
26	540475.0
27	540475.0
28	540475.0
29	540475.0
30	564847.0
31	564847.0
32	564847.0
33	564847.0
34	564847.0
35	124894.0
36	124894.0
37	124894.0
38	124894.0
39	124894.0
40	656405.0
41	656405.0
42	656405.0
43	656405.0
44	656405.0
45	428664.0
46	428664.0
47	428664.0
48	428664.0
49	428664.0
50	482710.0
51	482710.0
52	482710.0
53	482710.0
54	482710.0
55	254823.0
56	254823.0
57	254823.0
58	254823.0
59	254823.0
60	547951.0
61	547951.0
62	547951.0
63	547951.0
64	547951.0
65	174315.0
66	174315.0
67	174315.0
68	174315.0
69	174315.0
70	76375.0
71	76375.0
72	76375.0
73	76375.0
74	76375.0
75	147536.0
76	147536.0
77	147536.0
78	147536.0
79	147536.0
80	105101.0
81	105101.0
82	105101.0
83	105101.0
84	105101.0
85	91962.0
86	91962.0
87	91962.0
88	91962.0
89	91962.0
90	507295.0
91	507295.0
92	507295.0
93	507295.0
94	507295.0
95	703783.0
96	703783.0
97	703783.0
98	703783.0
99	703783.0
100	292851.0
101	292851.0
102	292851.0
103	292851.0
104	292851.0
105	184807.0
106	184807.0
107	184807.0
108	184807.0
109	184807.0
110	71503.0
111	71503.0
112	71503.0
113	71503.0
114	71503.0
115	282762.0
116	282762.0
117	282762.0
118	282762.0
119	282762.0
120	472384.0
121	472384.0
122	472384.0
123	472384.0
124	472384.0
125	298979.0
126	298979.0
127	298979.0
128	298979.0
129	298979.0
130	686028.0
131	686028.0
132	686028.0
133	686028.0
134	686028.0
135	166474.0
136	166474.0
137	166474.0
138	166474.0
139	166474.0
140	752040.0
141	752040.0
142	752040.0
143	752040.0
144	752040.0
145	782103.0
146	782103.0
147	782103.0
148	782103.0
149	782103.0
150	421967.0
151	421967.0
152	421967.0
153	421967.0
154	421967.0
155	237169.0
156	237169.0
157	237169.0
158	237169.0
159	237169.0
160	639284.0
161	639284.0
162	639284.0
163	639284.0
164	639284.0
165	410416.0
166	410416.0
167	410416.0
168	410416.0
169	410416.0
170	720881.0
171	720881.0
172	720881.0
173	720881.0
174	720881.0
175	693268.0
176	693268.0
177	693268.0
178	693268.0
179	693268.0
180	683161.0
181	683161.0
182	683161.0
183	683161.0
184	683161.0
185	125881.0
186	125881.0
187	125881.0
188	125881.0
189	125881.0
190	316079.0
191	316079.0
192	316079.0
193	316079.0
194	316079.0
195	105107.0
196	105107.0
197	105107.0
198	105107.0
199	105107.0
200	320329.0
201	320329.0
202	320329.0
203	320329.0
204	320329.0
205	270366.0
206	270366.0
207	270366.0
208	270366.0
209	270366.0
210	120656.0
211	120656.0
212	120656.0
213	120656.0
214	120656.0
215	906531.0
216	906531.0
217	906531.0
218	906531.0
219	906531.0
220	624709.0
221	624709.0
222	624709.0
223	624709.0
224	624709.0
225	550353.0
226	550353.0
227	550353.0
228	550353.0
229	550353.0
230	659538.0
231	659538.0
232	659538.0
233	659538.0
234	659538.0
235	782438.0
236	782438.0
237	782438.0
238	782438.0
239	782438.0
240	193601.0
241	193601.0
242	193601.0
243	193601.0
244	193601.0
245	959232.0
246	959232.0
247	959232.0
248	959232.0
249	959232.0
