0	56547.0
1	56547.0
2	56547.0
3	56547.0
4	56547.0
5	42806.0
6	42806.0
7	42806.0
8	42806.0
9	42806.0
10	47933.0
11	47933.0
12	47933.0
13	47933.0
14	47933.0
15	78838.0
16	78838.0
17	78838.0
18	78838.0
19	78838.0
20	111130.0
21	111130.0
22	111130.0
23	111130.0
24	111130.0
25	35100.0
26	35100.0
27	35100.0
28	35100.0
29	35100.0
30	150436.0
31	150436.0
32	150436.0
33	150436.0
34	150436.0
35	96448.0
36	96448.0
37	96448.0
38	96448.0
39	96448.0
40	108201.0
41	108201.0
42	108201.0
43	108201.0
44	108201.0
45	138639.0
46	138639.0
47	138639.0
48	138639.0
49	138639.0
50	137583.0
51	137583.0
52	137583.0
53	137583.0
54	137583.0
55	94567.0
56	94567.0
57	94567.0
58	94567.0
59	94567.0
60	74322.0
61	74322.0
62	74322.0
63	74322.0
64	74322.0
65	150621.0
66	150621.0
67	150621.0
68	150621.0
69	150621.0
70	65313.0
71	65313.0
72	65313.0
73	65313.0
74	65313.0
75	81763.0
76	81763.0
77	81763.0
78	81763.0
79	81763.0
80	77604.0
81	77604.0
82	77604.0
83	77604.0
84	77604.0
85	70276.0
86	70276.0
87	70276.0
88	70276.0
89	70276.0
90	45149.0
91	45149.0
92	45149.0
93	45149.0
94	45149.0
95	15871.0
96	15871.0
97	15871.0
98	15871.0
99	15871.0
100	16235.0
101	16235.0
102	16235.0
103	16235.0
104	16235.0
105	59775.0
106	59775.0
107	59775.0
108	59775.0
109	59775.0
110	89154.0
111	89154.0
112	89154.0
113	89154.0
114	89154.0
115	131938.0
116	131938.0
117	131938.0
118	131938.0
119	131938.0
120	59796.0
121	59796.0
122	59796.0
123	59796.0
124	59796.0
125	16101.0
126	16101.0
127	16101.0
128	16101.0
129	16101.0
130	46545.0
131	46545.0
132	46545.0
133	46545.0
134	46545.0
135	25033.0
136	25033.0
137	25033.0
138	25033.0
139	25033.0
140	91405.0
141	91405.0
142	91405.0
143	91405.0
144	91405.0
145	23573.0
146	23573.0
147	23573.0
148	23573.0
149	23573.0
150	54131.0
151	54131.0
152	54131.0
153	54131.0
154	54131.0
155	50287.0
156	50287.0
157	50287.0
158	50287.0
159	50287.0
160	141508.0
161	141508.0
162	141508.0
163	141508.0
164	141508.0
165	143165.0
166	143165.0
167	143165.0
168	143165.0
169	143165.0
170	100546.0
171	100546.0
172	100546.0
173	100546.0
174	100546.0
175	149286.0
176	149286.0
177	149286.0
178	149286.0
179	149286.0
180	123700.0
181	123700.0
182	123700.0
183	123700.0
184	123700.0
185	122621.0
186	122621.0
187	122621.0
188	122621.0
189	122621.0
190	107924.0
191	107924.0
192	107924.0
193	107924.0
194	107924.0
195	142874.0
196	142874.0
197	142874.0
198	142874.0
199	142874.0
200	93505.0
201	93505.0
202	93505.0
203	93505.0
204	93505.0
205	21526.0
206	21526.0
207	21526.0
208	21526.0
209	21526.0
210	94151.0
211	94151.0
212	94151.0
213	94151.0
214	94151.0
215	9544.0
216	9544.0
217	9544.0
218	9544.0
219	9544.0
220	76623.0
221	76623.0
222	76623.0
223	76623.0
224	76623.0
225	71853.0
226	71853.0
227	71853.0
228	71853.0
229	71853.0
230	83353.0
231	83353.0
232	83353.0
233	83353.0
234	83353.0
235	110002.0
236	110002.0
237	110002.0
238	110002.0
239	110002.0
240	67931.0
241	67931.0
242	67931.0
243	67931.0
244	67931.0
245	126558.0
246	126558.0
247	126558.0
248	126558.0
249	126558.0
