0	24366.0
1	24366.0
2	24366.0
3	24366.0
4	24366.0
5	143179.0
6	143179.0
7	143179.0
8	143179.0
9	143179.0
10	139934.0
11	139934.0
12	139934.0
13	139934.0
14	139934.0
15	51654.0
16	51654.0
17	51654.0
18	51654.0
19	51654.0
20	107420.0
21	107420.0
22	107420.0
23	107420.0
24	107420.0
25	122939.0
26	122939.0
27	122939.0
28	122939.0
29	122939.0
30	111125.0
31	111125.0
32	111125.0
33	111125.0
34	111125.0
35	41892.0
36	41892.0
37	41892.0
38	41892.0
39	41892.0
40	43497.0
41	43497.0
42	43497.0
43	43497.0
44	43497.0
45	18136.0
46	18136.0
47	18136.0
48	18136.0
49	18136.0
50	123528.0
51	123528.0
52	123528.0
53	123528.0
54	123528.0
55	142499.0
56	142499.0
57	142499.0
58	142499.0
59	142499.0
60	96281.0
61	96281.0
62	96281.0
63	96281.0
64	96281.0
65	72582.0
66	72582.0
67	72582.0
68	72582.0
69	72582.0
70	114251.0
71	114251.0
72	114251.0
73	114251.0
74	114251.0
75	28549.0
76	28549.0
77	28549.0
78	28549.0
79	28549.0
80	116068.0
81	116068.0
82	116068.0
83	116068.0
84	116068.0
85	102104.0
86	102104.0
87	102104.0
88	102104.0
89	102104.0
90	85256.0
91	85256.0
92	85256.0
93	85256.0
94	85256.0
95	80827.0
96	80827.0
97	80827.0
98	80827.0
99	80827.0
100	104257.0
101	104257.0
102	104257.0
103	104257.0
104	104257.0
105	29247.0
106	29247.0
107	29247.0
108	29247.0
109	29247.0
110	118273.0
111	118273.0
112	118273.0
113	118273.0
114	118273.0
115	101013.0
116	101013.0
117	101013.0
118	101013.0
119	101013.0
120	58427.0
121	58427.0
122	58427.0
123	58427.0
124	58427.0
125	40537.0
126	40537.0
127	40537.0
128	40537.0
129	40537.0
130	34307.0
131	34307.0
132	34307.0
133	34307.0
134	34307.0
135	24648.0
136	24648.0
137	24648.0
138	24648.0
139	24648.0
140	62210.0
141	62210.0
142	62210.0
143	62210.0
144	62210.0
145	58594.0
146	58594.0
147	58594.0
148	58594.0
149	58594.0
150	21329.0
151	21329.0
152	21329.0
153	21329.0
154	21329.0
155	97412.0
156	97412.0
157	97412.0
158	97412.0
159	97412.0
160	34235.0
161	34235.0
162	34235.0
163	34235.0
164	34235.0
165	96862.0
166	96862.0
167	96862.0
168	96862.0
169	96862.0
170	17415.0
171	17415.0
172	17415.0
173	17415.0
174	17415.0
175	131573.0
176	131573.0
177	131573.0
178	131573.0
179	131573.0
180	94312.0
181	94312.0
182	94312.0
183	94312.0
184	94312.0
185	109025.0
186	109025.0
187	109025.0
188	109025.0
189	109025.0
190	17128.0
191	17128.0
192	17128.0
193	17128.0
194	17128.0
195	52009.0
196	52009.0
197	52009.0
198	52009.0
199	52009.0
200	146481.0
201	146481.0
202	146481.0
203	146481.0
204	146481.0
205	60299.0
206	60299.0
207	60299.0
208	60299.0
209	60299.0
210	62698.0
211	62698.0
212	62698.0
213	62698.0
214	62698.0
215	144404.0
216	144404.0
217	144404.0
218	144404.0
219	144404.0
220	150600.0
221	150600.0
222	150600.0
223	150600.0
224	150600.0
225	77210.0
226	77210.0
227	77210.0
228	77210.0
229	77210.0
230	127817.0
231	127817.0
232	127817.0
233	127817.0
234	127817.0
235	45446.0
236	45446.0
237	45446.0
238	45446.0
239	45446.0
240	29211.0
241	29211.0
242	29211.0
243	29211.0
244	29211.0
245	137229.0
246	137229.0
247	137229.0
248	137229.0
249	137229.0
