0	138020.0
1	138020.0
2	138020.0
3	138020.0
4	138020.0
5	66142.0
6	66142.0
7	66142.0
8	66142.0
9	66142.0
10	44451.0
11	44451.0
12	44451.0
13	44451.0
14	44451.0
15	28067.0
16	28067.0
17	28067.0
18	28067.0
19	28067.0
20	51670.0
21	51670.0
22	51670.0
23	51670.0
24	51670.0
25	11324.0
26	11324.0
27	11324.0
28	11324.0
29	11324.0
30	100769.0
31	100769.0
32	100769.0
33	100769.0
34	100769.0
35	140416.0
36	140416.0
37	140416.0
38	140416.0
39	140416.0
40	63698.0
41	63698.0
42	63698.0
43	63698.0
44	63698.0
45	136239.0
46	136239.0
47	136239.0
48	136239.0
49	136239.0
50	113558.0
51	113558.0
52	113558.0
53	113558.0
54	113558.0
55	126645.0
56	126645.0
57	126645.0
58	126645.0
59	126645.0
60	130610.0
61	130610.0
62	130610.0
63	130610.0
64	130610.0
65	119910.0
66	119910.0
67	119910.0
68	119910.0
69	119910.0
70	127657.0
71	127657.0
72	127657.0
73	127657.0
74	127657.0
75	30969.0
76	30969.0
77	30969.0
78	30969.0
79	30969.0
80	102462.0
81	102462.0
82	102462.0
83	102462.0
84	102462.0
85	33058.0
86	33058.0
87	33058.0
88	33058.0
89	33058.0
90	76791.0
91	76791.0
92	76791.0
93	76791.0
94	76791.0
95	53218.0
96	53218.0
97	53218.0
98	53218.0
99	53218.0
100	93934.0
101	93934.0
102	93934.0
103	93934.0
104	93934.0
105	112592.0
106	112592.0
107	112592.0
108	112592.0
109	112592.0
110	58304.0
111	58304.0
112	58304.0
113	58304.0
114	58304.0
115	57911.0
116	57911.0
117	57911.0
118	57911.0
119	57911.0
120	32486.0
121	32486.0
122	32486.0
123	32486.0
124	32486.0
125	43195.0
126	43195.0
127	43195.0
128	43195.0
129	43195.0
130	31244.0
131	31244.0
132	31244.0
133	31244.0
134	31244.0
135	20260.0
136	20260.0
137	20260.0
138	20260.0
139	20260.0
140	45415.0
141	45415.0
142	45415.0
143	45415.0
144	45415.0
145	56718.0
146	56718.0
147	56718.0
148	56718.0
149	56718.0
150	140722.0
151	140722.0
152	140722.0
153	140722.0
154	140722.0
155	41245.0
156	41245.0
157	41245.0
158	41245.0
159	41245.0
160	118300.0
161	118300.0
162	118300.0
163	118300.0
164	118300.0
165	105032.0
166	105032.0
167	105032.0
168	105032.0
169	105032.0
170	33603.0
171	33603.0
172	33603.0
173	33603.0
174	33603.0
175	141966.0
176	141966.0
177	141966.0
178	141966.0
179	141966.0
180	28242.0
181	28242.0
182	28242.0
183	28242.0
184	28242.0
185	44474.0
186	44474.0
187	44474.0
188	44474.0
189	44474.0
190	15093.0
191	15093.0
192	15093.0
193	15093.0
194	15093.0
195	135265.0
196	135265.0
197	135265.0
198	135265.0
199	135265.0
200	108303.0
201	108303.0
202	108303.0
203	108303.0
204	108303.0
205	41109.0
206	41109.0
207	41109.0
208	41109.0
209	41109.0
210	6.0
211	6.0
212	6.0
213	6.0
214	6.0
215	17250.0
216	17250.0
217	17250.0
218	17250.0
219	17250.0
220	136290.0
221	136290.0
222	136290.0
223	136290.0
224	136290.0
225	98116.0
226	98116.0
227	98116.0
228	98116.0
229	98116.0
230	146425.0
231	146425.0
232	146425.0
233	146425.0
234	146425.0
235	6474.0
236	6474.0
237	6474.0
238	6474.0
239	6474.0
240	20830.0
241	20830.0
242	20830.0
243	20830.0
244	20830.0
245	48834.0
246	48834.0
247	48834.0
248	48834.0
249	48834.0
