0	54246.0
1	54246.0
2	54246.0
3	54246.0
4	54246.0
5	128548.0
6	128548.0
7	128548.0
8	128548.0
9	128548.0
10	135318.0
11	135318.0
12	135318.0
13	135318.0
14	135318.0
15	85114.0
16	85114.0
17	85114.0
18	85114.0
19	85114.0
20	36399.0
21	36399.0
22	36399.0
23	36399.0
24	36399.0
25	8765.0
26	8765.0
27	8765.0
28	8765.0
29	8765.0
30	39417.0
31	39417.0
32	39417.0
33	39417.0
34	39417.0
35	22209.0
36	22209.0
37	22209.0
38	22209.0
39	22209.0
40	122586.0
41	122586.0
42	122586.0
43	122586.0
44	122586.0
45	62027.0
46	62027.0
47	62027.0
48	62027.0
49	62027.0
50	60156.0
51	60156.0
52	60156.0
53	60156.0
54	60156.0
55	27945.0
56	27945.0
57	27945.0
58	27945.0
59	27945.0
60	121972.0
61	121972.0
62	121972.0
63	121972.0
64	121972.0
65	94404.0
66	94404.0
67	94404.0
68	94404.0
69	94404.0
70	58566.0
71	58566.0
72	58566.0
73	58566.0
74	58566.0
75	37722.0
76	37722.0
77	37722.0
78	37722.0
79	37722.0
80	104385.0
81	104385.0
82	104385.0
83	104385.0
84	104385.0
85	33511.0
86	33511.0
87	33511.0
88	33511.0
89	33511.0
90	73985.0
91	73985.0
92	73985.0
93	73985.0
94	73985.0
95	78617.0
96	78617.0
97	78617.0
98	78617.0
99	78617.0
100	92658.0
101	92658.0
102	92658.0
103	92658.0
104	92658.0
105	113885.0
106	113885.0
107	113885.0
108	113885.0
109	113885.0
110	83445.0
111	83445.0
112	83445.0
113	83445.0
114	83445.0
115	20546.0
116	20546.0
117	20546.0
118	20546.0
119	20546.0
120	118643.0
121	118643.0
122	118643.0
123	118643.0
124	118643.0
125	100907.0
126	100907.0
127	100907.0
128	100907.0
129	100907.0
130	121870.0
131	121870.0
132	121870.0
133	121870.0
134	121870.0
135	71700.0
136	71700.0
137	71700.0
138	71700.0
139	71700.0
140	117233.0
141	117233.0
142	117233.0
143	117233.0
144	117233.0
145	99176.0
146	99176.0
147	99176.0
148	99176.0
149	99176.0
150	498.0
151	498.0
152	498.0
153	498.0
154	498.0
155	86512.0
156	86512.0
157	86512.0
158	86512.0
159	86512.0
160	123039.0
161	123039.0
162	123039.0
163	123039.0
164	123039.0
165	42753.0
166	42753.0
167	42753.0
168	42753.0
169	42753.0
170	63036.0
171	63036.0
172	63036.0
173	63036.0
174	63036.0
175	125186.0
176	125186.0
177	125186.0
178	125186.0
179	125186.0
180	25999.0
181	25999.0
182	25999.0
183	25999.0
184	25999.0
185	131577.0
186	131577.0
187	131577.0
188	131577.0
189	131577.0
190	8974.0
191	8974.0
192	8974.0
193	8974.0
194	8974.0
195	21283.0
196	21283.0
197	21283.0
198	21283.0
199	21283.0
200	122119.0
201	122119.0
202	122119.0
203	122119.0
204	122119.0
205	121561.0
206	121561.0
207	121561.0
208	121561.0
209	121561.0
210	150476.0
211	150476.0
212	150476.0
213	150476.0
214	150476.0
215	127439.0
216	127439.0
217	127439.0
218	127439.0
219	127439.0
220	131567.0
221	131567.0
222	131567.0
223	131567.0
224	131567.0
225	77083.0
226	77083.0
227	77083.0
228	77083.0
229	77083.0
230	124630.0
231	124630.0
232	124630.0
233	124630.0
234	124630.0
235	18242.0
236	18242.0
237	18242.0
238	18242.0
239	18242.0
240	138972.0
241	138972.0
242	138972.0
243	138972.0
244	138972.0
245	1683.0
246	1683.0
247	1683.0
248	1683.0
249	1683.0
