0	81325.0
1	81325.0
2	81325.0
3	81325.0
4	81325.0
5	38345.0
6	38345.0
7	38345.0
8	38345.0
9	38345.0
10	131892.0
11	131892.0
12	131892.0
13	131892.0
14	131892.0
15	22431.0
16	22431.0
17	22431.0
18	22431.0
19	22431.0
20	37997.0
21	37997.0
22	37997.0
23	37997.0
24	37997.0
25	49638.0
26	49638.0
27	49638.0
28	49638.0
29	49638.0
30	102027.0
31	102027.0
32	102027.0
33	102027.0
34	102027.0
35	139014.0
36	139014.0
37	139014.0
38	139014.0
39	139014.0
40	16160.0
41	16160.0
42	16160.0
43	16160.0
44	16160.0
45	85570.0
46	85570.0
47	85570.0
48	85570.0
49	85570.0
50	80888.0
51	80888.0
52	80888.0
53	80888.0
54	80888.0
55	36951.0
56	36951.0
57	36951.0
58	36951.0
59	36951.0
60	129707.0
61	129707.0
62	129707.0
63	129707.0
64	129707.0
65	86052.0
66	86052.0
67	86052.0
68	86052.0
69	86052.0
70	11353.0
71	11353.0
72	11353.0
73	11353.0
74	11353.0
75	111995.0
76	111995.0
77	111995.0
78	111995.0
79	111995.0
80	97067.0
81	97067.0
82	97067.0
83	97067.0
84	97067.0
85	77550.0
86	77550.0
87	77550.0
88	77550.0
89	77550.0
90	108149.0
91	108149.0
92	108149.0
93	108149.0
94	108149.0
95	81194.0
96	81194.0
97	81194.0
98	81194.0
99	81194.0
100	79400.0
101	79400.0
102	79400.0
103	79400.0
104	79400.0
105	101702.0
106	101702.0
107	101702.0
108	101702.0
109	101702.0
110	55062.0
111	55062.0
112	55062.0
113	55062.0
114	55062.0
115	140567.0
116	140567.0
117	140567.0
118	140567.0
119	140567.0
120	9253.0
121	9253.0
122	9253.0
123	9253.0
124	9253.0
125	143394.0
126	143394.0
127	143394.0
128	143394.0
129	143394.0
130	22680.0
131	22680.0
132	22680.0
133	22680.0
134	22680.0
135	30362.0
136	30362.0
137	30362.0
138	30362.0
139	30362.0
140	21167.0
141	21167.0
142	21167.0
143	21167.0
144	21167.0
145	7125.0
146	7125.0
147	7125.0
148	7125.0
149	7125.0
150	60270.0
151	60270.0
152	60270.0
153	60270.0
154	60270.0
155	122788.0
156	122788.0
157	122788.0
158	122788.0
159	122788.0
160	62590.0
161	62590.0
162	62590.0
163	62590.0
164	62590.0
165	72741.0
166	72741.0
167	72741.0
168	72741.0
169	72741.0
170	119005.0
171	119005.0
172	119005.0
173	119005.0
174	119005.0
175	6943.0
176	6943.0
177	6943.0
178	6943.0
179	6943.0
180	69508.0
181	69508.0
182	69508.0
183	69508.0
184	69508.0
185	67227.0
186	67227.0
187	67227.0
188	67227.0
189	67227.0
190	69729.0
191	69729.0
192	69729.0
193	69729.0
194	69729.0
195	76302.0
196	76302.0
197	76302.0
198	76302.0
199	76302.0
200	93836.0
201	93836.0
202	93836.0
203	93836.0
204	93836.0
205	62335.0
206	62335.0
207	62335.0
208	62335.0
209	62335.0
210	112049.0
211	112049.0
212	112049.0
213	112049.0
214	112049.0
215	61825.0
216	61825.0
217	61825.0
218	61825.0
219	61825.0
220	144920.0
221	144920.0
222	144920.0
223	144920.0
224	144920.0
225	52405.0
226	52405.0
227	52405.0
228	52405.0
229	52405.0
230	137779.0
231	137779.0
232	137779.0
233	137779.0
234	137779.0
235	39641.0
236	39641.0
237	39641.0
238	39641.0
239	39641.0
240	109560.0
241	109560.0
242	109560.0
243	109560.0
244	109560.0
245	146224.0
246	146224.0
247	146224.0
248	146224.0
249	146224.0
