0	70337.0
1	70337.0
2	70337.0
3	70337.0
4	70337.0
5	24414.0
6	24414.0
7	24414.0
8	24414.0
9	24414.0
10	4436.0
11	4436.0
12	4436.0
13	4436.0
14	4436.0
15	117249.0
16	117249.0
17	117249.0
18	117249.0
19	117249.0
20	105801.0
21	105801.0
22	105801.0
23	105801.0
24	105801.0
25	151809.0
26	151809.0
27	151809.0
28	151809.0
29	151809.0
30	8419.0
31	8419.0
32	8419.0
33	8419.0
34	8419.0
35	86750.0
36	86750.0
37	86750.0
38	86750.0
39	86750.0
40	126526.0
41	126526.0
42	126526.0
43	126526.0
44	126526.0
45	4544.0
46	4544.0
47	4544.0
48	4544.0
49	4544.0
50	64308.0
51	64308.0
52	64308.0
53	64308.0
54	64308.0
55	61206.0
56	61206.0
57	61206.0
58	61206.0
59	61206.0
60	148134.0
61	148134.0
62	148134.0
63	148134.0
64	148134.0
65	132915.0
66	132915.0
67	132915.0
68	132915.0
69	132915.0
70	103727.0
71	103727.0
72	103727.0
73	103727.0
74	103727.0
75	34192.0
76	34192.0
77	34192.0
78	34192.0
79	34192.0
80	66904.0
81	66904.0
82	66904.0
83	66904.0
84	66904.0
85	837.0
86	837.0
87	837.0
88	837.0
89	837.0
90	81337.0
91	81337.0
92	81337.0
93	81337.0
94	81337.0
95	105370.0
96	105370.0
97	105370.0
98	105370.0
99	105370.0
100	129133.0
101	129133.0
102	129133.0
103	129133.0
104	129133.0
105	7713.0
106	7713.0
107	7713.0
108	7713.0
109	7713.0
110	60396.0
111	60396.0
112	60396.0
113	60396.0
114	60396.0
115	141846.0
116	141846.0
117	141846.0
118	141846.0
119	141846.0
120	68526.0
121	68526.0
122	68526.0
123	68526.0
124	68526.0
125	23207.0
126	23207.0
127	23207.0
128	23207.0
129	23207.0
130	144252.0
131	144252.0
132	144252.0
133	144252.0
134	144252.0
135	145648.0
136	145648.0
137	145648.0
138	145648.0
139	145648.0
140	103974.0
141	103974.0
142	103974.0
143	103974.0
144	103974.0
145	79622.0
146	79622.0
147	79622.0
148	79622.0
149	79622.0
150	163615.0
151	163615.0
152	163615.0
153	163615.0
154	163615.0
155	160426.0
156	160426.0
157	160426.0
158	160426.0
159	160426.0
160	125906.0
161	125906.0
162	125906.0
163	125906.0
164	125906.0
165	170975.0
166	170975.0
167	170975.0
168	170975.0
169	170975.0
170	137427.0
171	137427.0
172	137427.0
173	137427.0
174	137427.0
175	166145.0
176	166145.0
177	166145.0
178	166145.0
179	166145.0
180	150364.0
181	150364.0
182	150364.0
183	150364.0
184	150364.0
185	162389.0
186	162389.0
187	162389.0
188	162389.0
189	162389.0
190	81867.0
191	81867.0
192	81867.0
193	81867.0
194	81867.0
195	38962.0
196	38962.0
197	38962.0
198	38962.0
199	38962.0
200	155877.0
201	155877.0
202	155877.0
203	155877.0
204	155877.0
205	8979.0
206	8979.0
207	8979.0
208	8979.0
209	8979.0
210	23812.0
211	23812.0
212	23812.0
213	23812.0
214	23812.0
215	161153.0
216	161153.0
217	161153.0
218	161153.0
219	161153.0
220	14702.0
221	14702.0
222	14702.0
223	14702.0
224	14702.0
225	121074.0
226	121074.0
227	121074.0
228	121074.0
229	121074.0
230	111694.0
231	111694.0
232	111694.0
233	111694.0
234	111694.0
235	86509.0
236	86509.0
237	86509.0
238	86509.0
239	86509.0
240	138346.0
241	138346.0
242	138346.0
243	138346.0
244	138346.0
245	27591.0
246	27591.0
247	27591.0
248	27591.0
249	27591.0
