0	98814.0
1	98814.0
2	98814.0
3	98814.0
4	98814.0
5	37983.0
6	37983.0
7	37983.0
8	37983.0
9	37983.0
10	62710.0
11	62710.0
12	62710.0
13	62710.0
14	62710.0
15	121378.0
16	121378.0
17	121378.0
18	121378.0
19	121378.0
20	146831.0
21	146831.0
22	146831.0
23	146831.0
24	146831.0
25	157449.0
26	157449.0
27	157449.0
28	157449.0
29	157449.0
30	7206.0
31	7206.0
32	7206.0
33	7206.0
34	7206.0
35	148493.0
36	148493.0
37	148493.0
38	148493.0
39	148493.0
40	83108.0
41	83108.0
42	83108.0
43	83108.0
44	83108.0
45	41058.0
46	41058.0
47	41058.0
48	41058.0
49	41058.0
50	8507.0
51	8507.0
52	8507.0
53	8507.0
54	8507.0
55	3946.0
56	3946.0
57	3946.0
58	3946.0
59	3946.0
60	133928.0
61	133928.0
62	133928.0
63	133928.0
64	133928.0
65	147011.0
66	147011.0
67	147011.0
68	147011.0
69	147011.0
70	144577.0
71	144577.0
72	144577.0
73	144577.0
74	144577.0
75	155831.0
76	155831.0
77	155831.0
78	155831.0
79	155831.0
80	169331.0
81	169331.0
82	169331.0
83	169331.0
84	169331.0
85	145114.0
86	145114.0
87	145114.0
88	145114.0
89	145114.0
90	138826.0
91	138826.0
92	138826.0
93	138826.0
94	138826.0
95	137640.0
96	137640.0
97	137640.0
98	137640.0
99	137640.0
100	57583.0
101	57583.0
102	57583.0
103	57583.0
104	57583.0
105	27502.0
106	27502.0
107	27502.0
108	27502.0
109	27502.0
110	126537.0
111	126537.0
112	126537.0
113	126537.0
114	126537.0
115	144086.0
116	144086.0
117	144086.0
118	144086.0
119	144086.0
120	113712.0
121	113712.0
122	113712.0
123	113712.0
124	113712.0
125	34046.0
126	34046.0
127	34046.0
128	34046.0
129	34046.0
130	140760.0
131	140760.0
132	140760.0
133	140760.0
134	140760.0
135	22733.0
136	22733.0
137	22733.0
138	22733.0
139	22733.0
140	38436.0
141	38436.0
142	38436.0
143	38436.0
144	38436.0
145	76883.0
146	76883.0
147	76883.0
148	76883.0
149	76883.0
150	163224.0
151	163224.0
152	163224.0
153	163224.0
154	163224.0
155	95775.0
156	95775.0
157	95775.0
158	95775.0
159	95775.0
160	132501.0
161	132501.0
162	132501.0
163	132501.0
164	132501.0
165	114210.0
166	114210.0
167	114210.0
168	114210.0
169	114210.0
170	71804.0
171	71804.0
172	71804.0
173	71804.0
174	71804.0
175	109824.0
176	109824.0
177	109824.0
178	109824.0
179	109824.0
180	55352.0
181	55352.0
182	55352.0
183	55352.0
184	55352.0
185	146975.0
186	146975.0
187	146975.0
188	146975.0
189	146975.0
190	88497.0
191	88497.0
192	88497.0
193	88497.0
194	88497.0
195	23554.0
196	23554.0
197	23554.0
198	23554.0
199	23554.0
200	89337.0
201	89337.0
202	89337.0
203	89337.0
204	89337.0
205	31243.0
206	31243.0
207	31243.0
208	31243.0
209	31243.0
210	96790.0
211	96790.0
212	96790.0
213	96790.0
214	96790.0
215	65971.0
216	65971.0
217	65971.0
218	65971.0
219	65971.0
220	90546.0
221	90546.0
222	90546.0
223	90546.0
224	90546.0
225	147318.0
226	147318.0
227	147318.0
228	147318.0
229	147318.0
230	114508.0
231	114508.0
232	114508.0
233	114508.0
234	114508.0
235	83361.0
236	83361.0
237	83361.0
238	83361.0
239	83361.0
240	145694.0
241	145694.0
242	145694.0
243	145694.0
244	145694.0
245	144276.0
246	144276.0
247	144276.0
248	144276.0
249	144276.0
