0	10369.0
1	10369.0
2	10369.0
3	10369.0
4	10369.0
5	4646.0
6	4646.0
7	4646.0
8	4646.0
9	4646.0
10	36361.0
11	36361.0
12	36361.0
13	36361.0
14	36361.0
15	71036.0
16	71036.0
17	71036.0
18	71036.0
19	71036.0
20	44440.0
21	44440.0
22	44440.0
23	44440.0
24	44440.0
25	151873.0
26	151873.0
27	151873.0
28	151873.0
29	151873.0
30	120299.0
31	120299.0
32	120299.0
33	120299.0
34	120299.0
35	26220.0
36	26220.0
37	26220.0
38	26220.0
39	26220.0
40	25347.0
41	25347.0
42	25347.0
43	25347.0
44	25347.0
45	100358.0
46	100358.0
47	100358.0
48	100358.0
49	100358.0
50	83285.0
51	83285.0
52	83285.0
53	83285.0
54	83285.0
55	74537.0
56	74537.0
57	74537.0
58	74537.0
59	74537.0
60	115090.0
61	115090.0
62	115090.0
63	115090.0
64	115090.0
65	17379.0
66	17379.0
67	17379.0
68	17379.0
69	17379.0
70	56476.0
71	56476.0
72	56476.0
73	56476.0
74	56476.0
75	139795.0
76	139795.0
77	139795.0
78	139795.0
79	139795.0
80	26678.0
81	26678.0
82	26678.0
83	26678.0
84	26678.0
85	141479.0
86	141479.0
87	141479.0
88	141479.0
89	141479.0
90	108757.0
91	108757.0
92	108757.0
93	108757.0
94	108757.0
95	126952.0
96	126952.0
97	126952.0
98	126952.0
99	126952.0
100	103782.0
101	103782.0
102	103782.0
103	103782.0
104	103782.0
105	156951.0
106	156951.0
107	156951.0
108	156951.0
109	156951.0
110	13793.0
111	13793.0
112	13793.0
113	13793.0
114	13793.0
115	122220.0
116	122220.0
117	122220.0
118	122220.0
119	122220.0
120	42658.0
121	42658.0
122	42658.0
123	42658.0
124	42658.0
125	116126.0
126	116126.0
127	116126.0
128	116126.0
129	116126.0
130	136387.0
131	136387.0
132	136387.0
133	136387.0
134	136387.0
135	162042.0
136	162042.0
137	162042.0
138	162042.0
139	162042.0
140	78802.0
141	78802.0
142	78802.0
143	78802.0
144	78802.0
145	78142.0
146	78142.0
147	78142.0
148	78142.0
149	78142.0
150	40812.0
151	40812.0
152	40812.0
153	40812.0
154	40812.0
155	166745.0
156	166745.0
157	166745.0
158	166745.0
159	166745.0
160	129937.0
161	129937.0
162	129937.0
163	129937.0
164	129937.0
165	67815.0
166	67815.0
167	67815.0
168	67815.0
169	67815.0
170	118177.0
171	118177.0
172	118177.0
173	118177.0
174	118177.0
175	108683.0
176	108683.0
177	108683.0
178	108683.0
179	108683.0
180	111035.0
181	111035.0
182	111035.0
183	111035.0
184	111035.0
185	161844.0
186	161844.0
187	161844.0
188	161844.0
189	161844.0
190	82069.0
191	82069.0
192	82069.0
193	82069.0
194	82069.0
195	167008.0
196	167008.0
197	167008.0
198	167008.0
199	167008.0
200	145555.0
201	145555.0
202	145555.0
203	145555.0
204	145555.0
205	67962.0
206	67962.0
207	67962.0
208	67962.0
209	67962.0
210	117724.0
211	117724.0
212	117724.0
213	117724.0
214	117724.0
215	166762.0
216	166762.0
217	166762.0
218	166762.0
219	166762.0
220	73406.0
221	73406.0
222	73406.0
223	73406.0
224	73406.0
225	59805.0
226	59805.0
227	59805.0
228	59805.0
229	59805.0
230	112205.0
231	112205.0
232	112205.0
233	112205.0
234	112205.0
235	33137.0
236	33137.0
237	33137.0
238	33137.0
239	33137.0
240	103168.0
241	103168.0
242	103168.0
243	103168.0
244	103168.0
245	95853.0
246	95853.0
247	95853.0
248	95853.0
249	95853.0
