0	16556.0
1	16556.0
2	16556.0
3	16556.0
4	16556.0
5	123838.0
6	123838.0
7	123838.0
8	123838.0
9	123838.0
10	56563.0
11	56563.0
12	56563.0
13	56563.0
14	56563.0
15	134341.0
16	134341.0
17	134341.0
18	134341.0
19	134341.0
20	108405.0
21	108405.0
22	108405.0
23	108405.0
24	108405.0
25	90806.0
26	90806.0
27	90806.0
28	90806.0
29	90806.0
30	62529.0
31	62529.0
32	62529.0
33	62529.0
34	62529.0
35	52227.0
36	52227.0
37	52227.0
38	52227.0
39	52227.0
40	117134.0
41	117134.0
42	117134.0
43	117134.0
44	117134.0
45	33586.0
46	33586.0
47	33586.0
48	33586.0
49	33586.0
50	98379.0
51	98379.0
52	98379.0
53	98379.0
54	98379.0
55	6724.0
56	6724.0
57	6724.0
58	6724.0
59	6724.0
60	124685.0
61	124685.0
62	124685.0
63	124685.0
64	124685.0
65	8220.0
66	8220.0
67	8220.0
68	8220.0
69	8220.0
70	112067.0
71	112067.0
72	112067.0
73	112067.0
74	112067.0
75	141870.0
76	141870.0
77	141870.0
78	141870.0
79	141870.0
80	78535.0
81	78535.0
82	78535.0
83	78535.0
84	78535.0
85	25673.0
86	25673.0
87	25673.0
88	25673.0
89	25673.0
90	110419.0
91	110419.0
92	110419.0
93	110419.0
94	110419.0
95	59452.0
96	59452.0
97	59452.0
98	59452.0
99	59452.0
100	61535.0
101	61535.0
102	61535.0
103	61535.0
104	61535.0
105	61299.0
106	61299.0
107	61299.0
108	61299.0
109	61299.0
110	128927.0
111	128927.0
112	128927.0
113	128927.0
114	128927.0
115	134316.0
116	134316.0
117	134316.0
118	134316.0
119	134316.0
120	56967.0
121	56967.0
122	56967.0
123	56967.0
124	56967.0
125	125698.0
126	125698.0
127	125698.0
128	125698.0
129	125698.0
130	79629.0
131	79629.0
132	79629.0
133	79629.0
134	79629.0
135	129083.0
136	129083.0
137	129083.0
138	129083.0
139	129083.0
140	148091.0
141	148091.0
142	148091.0
143	148091.0
144	148091.0
145	33976.0
146	33976.0
147	33976.0
148	33976.0
149	33976.0
150	96085.0
151	96085.0
152	96085.0
153	96085.0
154	96085.0
155	13845.0
156	13845.0
157	13845.0
158	13845.0
159	13845.0
160	143967.0
161	143967.0
162	143967.0
163	143967.0
164	143967.0
165	65833.0
166	65833.0
167	65833.0
168	65833.0
169	65833.0
170	61983.0
171	61983.0
172	61983.0
173	61983.0
174	61983.0
175	47185.0
176	47185.0
177	47185.0
178	47185.0
179	47185.0
180	110658.0
181	110658.0
182	110658.0
183	110658.0
184	110658.0
185	45020.0
186	45020.0
187	45020.0
188	45020.0
189	45020.0
190	103924.0
191	103924.0
192	103924.0
193	103924.0
194	103924.0
195	142086.0
196	142086.0
197	142086.0
198	142086.0
199	142086.0
200	38146.0
201	38146.0
202	38146.0
203	38146.0
204	38146.0
205	130025.0
206	130025.0
207	130025.0
208	130025.0
209	130025.0
210	7702.0
211	7702.0
212	7702.0
213	7702.0
214	7702.0
215	33524.0
216	33524.0
217	33524.0
218	33524.0
219	33524.0
220	76610.0
221	76610.0
222	76610.0
223	76610.0
224	76610.0
225	49921.0
226	49921.0
227	49921.0
228	49921.0
229	49921.0
230	38953.0
231	38953.0
232	38953.0
233	38953.0
234	38953.0
235	148637.0
236	148637.0
237	148637.0
238	148637.0
239	148637.0
240	55041.0
241	55041.0
242	55041.0
243	55041.0
244	55041.0
245	6294.0
246	6294.0
247	6294.0
248	6294.0
249	6294.0
