0	129591.0
1	129591.0
2	129591.0
3	129591.0
4	129591.0
5	77872.0
6	77872.0
7	77872.0
8	77872.0
9	77872.0
10	136165.0
11	136165.0
12	136165.0
13	136165.0
14	136165.0
15	167519.0
16	167519.0
17	167519.0
18	167519.0
19	167519.0
20	89845.0
21	89845.0
22	89845.0
23	89845.0
24	89845.0
25	83863.0
26	83863.0
27	83863.0
28	83863.0
29	83863.0
30	66055.0
31	66055.0
32	66055.0
33	66055.0
34	66055.0
35	64978.0
36	64978.0
37	64978.0
38	64978.0
39	64978.0
40	60909.0
41	60909.0
42	60909.0
43	60909.0
44	60909.0
45	60790.0
46	60790.0
47	60790.0
48	60790.0
49	60790.0
50	140823.0
51	140823.0
52	140823.0
53	140823.0
54	140823.0
55	48366.0
56	48366.0
57	48366.0
58	48366.0
59	48366.0
60	46647.0
61	46647.0
62	46647.0
63	46647.0
64	46647.0
65	165830.0
66	165830.0
67	165830.0
68	165830.0
69	165830.0
70	65278.0
71	65278.0
72	65278.0
73	65278.0
74	65278.0
75	166692.0
76	166692.0
77	166692.0
78	166692.0
79	166692.0
80	70652.0
81	70652.0
82	70652.0
83	70652.0
84	70652.0
85	118527.0
86	118527.0
87	118527.0
88	118527.0
89	118527.0
90	20462.0
91	20462.0
92	20462.0
93	20462.0
94	20462.0
95	119766.0
96	119766.0
97	119766.0
98	119766.0
99	119766.0
100	35494.0
101	35494.0
102	35494.0
103	35494.0
104	35494.0
105	155747.0
106	155747.0
107	155747.0
108	155747.0
109	155747.0
110	119558.0
111	119558.0
112	119558.0
113	119558.0
114	119558.0
115	23213.0
116	23213.0
117	23213.0
118	23213.0
119	23213.0
120	13313.0
121	13313.0
122	13313.0
123	13313.0
124	13313.0
125	166365.0
126	166365.0
127	166365.0
128	166365.0
129	166365.0
130	77889.0
131	77889.0
132	77889.0
133	77889.0
134	77889.0
135	43890.0
136	43890.0
137	43890.0
138	43890.0
139	43890.0
140	69219.0
141	69219.0
142	69219.0
143	69219.0
144	69219.0
145	87462.0
146	87462.0
147	87462.0
148	87462.0
149	87462.0
150	67414.0
151	67414.0
152	67414.0
153	67414.0
154	67414.0
155	54423.0
156	54423.0
157	54423.0
158	54423.0
159	54423.0
160	80324.0
161	80324.0
162	80324.0
163	80324.0
164	80324.0
165	40116.0
166	40116.0
167	40116.0
168	40116.0
169	40116.0
170	82050.0
171	82050.0
172	82050.0
173	82050.0
174	82050.0
175	134378.0
176	134378.0
177	134378.0
178	134378.0
179	134378.0
180	147845.0
181	147845.0
182	147845.0
183	147845.0
184	147845.0
185	104577.0
186	104577.0
187	104577.0
188	104577.0
189	104577.0
190	130577.0
191	130577.0
192	130577.0
193	130577.0
194	130577.0
195	163460.0
196	163460.0
197	163460.0
198	163460.0
199	163460.0
200	51007.0
201	51007.0
202	51007.0
203	51007.0
204	51007.0
205	53754.0
206	53754.0
207	53754.0
208	53754.0
209	53754.0
210	143403.0
211	143403.0
212	143403.0
213	143403.0
214	143403.0
215	24790.0
216	24790.0
217	24790.0
218	24790.0
219	24790.0
220	15878.0
221	15878.0
222	15878.0
223	15878.0
224	15878.0
225	83830.0
226	83830.0
227	83830.0
228	83830.0
229	83830.0
230	128029.0
231	128029.0
232	128029.0
233	128029.0
234	128029.0
235	102155.0
236	102155.0
237	102155.0
238	102155.0
239	102155.0
240	14533.0
241	14533.0
242	14533.0
243	14533.0
244	14533.0
245	124744.0
246	124744.0
247	124744.0
248	124744.0
249	124744.0
