0	26612.0
1	26612.0
2	26612.0
3	26612.0
4	26612.0
5	128778.0
6	128778.0
7	128778.0
8	128778.0
9	128778.0
10	56775.0
11	56775.0
12	56775.0
13	56775.0
14	56775.0
15	128687.0
16	128687.0
17	128687.0
18	128687.0
19	128687.0
20	162362.0
21	162362.0
22	162362.0
23	162362.0
24	162362.0
25	17445.0
26	17445.0
27	17445.0
28	17445.0
29	17445.0
30	114036.0
31	114036.0
32	114036.0
33	114036.0
34	114036.0
35	128998.0
36	128998.0
37	128998.0
38	128998.0
39	128998.0
40	92826.0
41	92826.0
42	92826.0
43	92826.0
44	92826.0
45	144123.0
46	144123.0
47	144123.0
48	144123.0
49	144123.0
50	114767.0
51	114767.0
52	114767.0
53	114767.0
54	114767.0
55	122126.0
56	122126.0
57	122126.0
58	122126.0
59	122126.0
60	55915.0
61	55915.0
62	55915.0
63	55915.0
64	55915.0
65	46130.0
66	46130.0
67	46130.0
68	46130.0
69	46130.0
70	111963.0
71	111963.0
72	111963.0
73	111963.0
74	111963.0
75	26803.0
76	26803.0
77	26803.0
78	26803.0
79	26803.0
80	111903.0
81	111903.0
82	111903.0
83	111903.0
84	111903.0
85	25430.0
86	25430.0
87	25430.0
88	25430.0
89	25430.0
90	58826.0
91	58826.0
92	58826.0
93	58826.0
94	58826.0
95	39642.0
96	39642.0
97	39642.0
98	39642.0
99	39642.0
100	27891.0
101	27891.0
102	27891.0
103	27891.0
104	27891.0
105	62813.0
106	62813.0
107	62813.0
108	62813.0
109	62813.0
110	81440.0
111	81440.0
112	81440.0
113	81440.0
114	81440.0
115	32781.0
116	32781.0
117	32781.0
118	32781.0
119	32781.0
120	115404.0
121	115404.0
122	115404.0
123	115404.0
124	115404.0
125	100509.0
126	100509.0
127	100509.0
128	100509.0
129	100509.0
130	101741.0
131	101741.0
132	101741.0
133	101741.0
134	101741.0
135	167145.0
136	167145.0
137	167145.0
138	167145.0
139	167145.0
140	121141.0
141	121141.0
142	121141.0
143	121141.0
144	121141.0
145	111677.0
146	111677.0
147	111677.0
148	111677.0
149	111677.0
150	114617.0
151	114617.0
152	114617.0
153	114617.0
154	114617.0
155	152338.0
156	152338.0
157	152338.0
158	152338.0
159	152338.0
160	89574.0
161	89574.0
162	89574.0
163	89574.0
164	89574.0
165	133222.0
166	133222.0
167	133222.0
168	133222.0
169	133222.0
170	85060.0
171	85060.0
172	85060.0
173	85060.0
174	85060.0
175	92533.0
176	92533.0
177	92533.0
178	92533.0
179	92533.0
180	166650.0
181	166650.0
182	166650.0
183	166650.0
184	166650.0
185	71172.0
186	71172.0
187	71172.0
188	71172.0
189	71172.0
190	146722.0
191	146722.0
192	146722.0
193	146722.0
194	146722.0
195	166708.0
196	166708.0
197	166708.0
198	166708.0
199	166708.0
200	156350.0
201	156350.0
202	156350.0
203	156350.0
204	156350.0
205	106038.0
206	106038.0
207	106038.0
208	106038.0
209	106038.0
210	34137.0
211	34137.0
212	34137.0
213	34137.0
214	34137.0
215	62468.0
216	62468.0
217	62468.0
218	62468.0
219	62468.0
220	8888.0
221	8888.0
222	8888.0
223	8888.0
224	8888.0
225	32459.0
226	32459.0
227	32459.0
228	32459.0
229	32459.0
230	51967.0
231	51967.0
232	51967.0
233	51967.0
234	51967.0
235	135841.0
236	135841.0
237	135841.0
238	135841.0
239	135841.0
240	89003.0
241	89003.0
242	89003.0
243	89003.0
244	89003.0
245	137030.0
246	137030.0
247	137030.0
248	137030.0
249	137030.0
