0	166005.0
1	166005.0
2	166005.0
3	166005.0
4	166005.0
5	44413.0
6	44413.0
7	44413.0
8	44413.0
9	44413.0
10	38152.0
11	38152.0
12	38152.0
13	38152.0
14	38152.0
15	6766.0
16	6766.0
17	6766.0
18	6766.0
19	6766.0
20	30293.0
21	30293.0
22	30293.0
23	30293.0
24	30293.0
25	56624.0
26	56624.0
27	56624.0
28	56624.0
29	56624.0
30	61893.0
31	61893.0
32	61893.0
33	61893.0
34	61893.0
35	94519.0
36	94519.0
37	94519.0
38	94519.0
39	94519.0
40	242347.0
41	242347.0
42	242347.0
43	242347.0
44	242347.0
45	202639.0
46	202639.0
47	202639.0
48	202639.0
49	202639.0
50	2515.0
51	2515.0
52	2515.0
53	2515.0
54	2515.0
55	215550.0
56	215550.0
57	215550.0
58	215550.0
59	215550.0
60	212295.0
61	212295.0
62	212295.0
63	212295.0
64	212295.0
65	101356.0
66	101356.0
67	101356.0
68	101356.0
69	101356.0
70	89561.0
71	89561.0
72	89561.0
73	89561.0
74	89561.0
75	186058.0
76	186058.0
77	186058.0
78	186058.0
79	186058.0
80	105185.0
81	105185.0
82	105185.0
83	105185.0
84	105185.0
85	32873.0
86	32873.0
87	32873.0
88	32873.0
89	32873.0
90	82352.0
91	82352.0
92	82352.0
93	82352.0
94	82352.0
95	114575.0
96	114575.0
97	114575.0
98	114575.0
99	114575.0
100	70975.0
101	70975.0
102	70975.0
103	70975.0
104	70975.0
105	16779.0
106	16779.0
107	16779.0
108	16779.0
109	16779.0
110	184470.0
111	184470.0
112	184470.0
113	184470.0
114	184470.0
115	126944.0
116	126944.0
117	126944.0
118	126944.0
119	126944.0
120	198830.0
121	198830.0
122	198830.0
123	198830.0
124	198830.0
125	22656.0
126	22656.0
127	22656.0
128	22656.0
129	22656.0
130	80935.0
131	80935.0
132	80935.0
133	80935.0
134	80935.0
135	167234.0
136	167234.0
137	167234.0
138	167234.0
139	167234.0
140	125632.0
141	125632.0
142	125632.0
143	125632.0
144	125632.0
145	193054.0
146	193054.0
147	193054.0
148	193054.0
149	193054.0
150	101524.0
151	101524.0
152	101524.0
153	101524.0
154	101524.0
155	238440.0
156	238440.0
157	238440.0
158	238440.0
159	238440.0
160	66457.0
161	66457.0
162	66457.0
163	66457.0
164	66457.0
165	199677.0
166	199677.0
167	199677.0
168	199677.0
169	199677.0
170	222817.0
171	222817.0
172	222817.0
173	222817.0
174	222817.0
175	170024.0
176	170024.0
177	170024.0
178	170024.0
179	170024.0
180	103416.0
181	103416.0
182	103416.0
183	103416.0
184	103416.0
185	214158.0
186	214158.0
187	214158.0
188	214158.0
189	214158.0
190	210692.0
191	210692.0
192	210692.0
193	210692.0
194	210692.0
195	159910.0
196	159910.0
197	159910.0
198	159910.0
199	159910.0
200	215869.0
201	215869.0
202	215869.0
203	215869.0
204	215869.0
205	194503.0
206	194503.0
207	194503.0
208	194503.0
209	194503.0
210	120560.0
211	120560.0
212	120560.0
213	120560.0
214	120560.0
215	121017.0
216	121017.0
217	121017.0
218	121017.0
219	121017.0
220	162017.0
221	162017.0
222	162017.0
223	162017.0
224	162017.0
225	167113.0
226	167113.0
227	167113.0
228	167113.0
229	167113.0
230	118108.0
231	118108.0
232	118108.0
233	118108.0
234	118108.0
235	130572.0
236	130572.0
237	130572.0
238	130572.0
239	130572.0
240	80324.0
241	80324.0
242	80324.0
243	80324.0
244	80324.0
245	221989.0
246	221989.0
247	221989.0
248	221989.0
249	221989.0
