0	51824.0
1	51824.0
2	51824.0
3	51824.0
4	51824.0
5	136793.0
6	136793.0
7	136793.0
8	136793.0
9	136793.0
10	1181.0
11	1181.0
12	1181.0
13	1181.0
14	1181.0
15	1251.0
16	1251.0
17	1251.0
18	1251.0
19	1251.0
20	173843.0
21	173843.0
22	173843.0
23	173843.0
24	173843.0
25	153369.0
26	153369.0
27	153369.0
28	153369.0
29	153369.0
30	216292.0
31	216292.0
32	216292.0
33	216292.0
34	216292.0
35	70676.0
36	70676.0
37	70676.0
38	70676.0
39	70676.0
40	93115.0
41	93115.0
42	93115.0
43	93115.0
44	93115.0
45	122619.0
46	122619.0
47	122619.0
48	122619.0
49	122619.0
50	5242.0
51	5242.0
52	5242.0
53	5242.0
54	5242.0
55	35450.0
56	35450.0
57	35450.0
58	35450.0
59	35450.0
60	199496.0
61	199496.0
62	199496.0
63	199496.0
64	199496.0
65	231002.0
66	231002.0
67	231002.0
68	231002.0
69	231002.0
70	48367.0
71	48367.0
72	48367.0
73	48367.0
74	48367.0
75	189075.0
76	189075.0
77	189075.0
78	189075.0
79	189075.0
80	109698.0
81	109698.0
82	109698.0
83	109698.0
84	109698.0
85	131176.0
86	131176.0
87	131176.0
88	131176.0
89	131176.0
90	100487.0
91	100487.0
92	100487.0
93	100487.0
94	100487.0
95	68934.0
96	68934.0
97	68934.0
98	68934.0
99	68934.0
100	109625.0
101	109625.0
102	109625.0
103	109625.0
104	109625.0
105	82702.0
106	82702.0
107	82702.0
108	82702.0
109	82702.0
110	20040.0
111	20040.0
112	20040.0
113	20040.0
114	20040.0
115	142935.0
116	142935.0
117	142935.0
118	142935.0
119	142935.0
120	131604.0
121	131604.0
122	131604.0
123	131604.0
124	131604.0
125	214995.0
126	214995.0
127	214995.0
128	214995.0
129	214995.0
130	151019.0
131	151019.0
132	151019.0
133	151019.0
134	151019.0
135	16129.0
136	16129.0
137	16129.0
138	16129.0
139	16129.0
140	53416.0
141	53416.0
142	53416.0
143	53416.0
144	53416.0
145	6254.0
146	6254.0
147	6254.0
148	6254.0
149	6254.0
150	221205.0
151	221205.0
152	221205.0
153	221205.0
154	221205.0
155	81385.0
156	81385.0
157	81385.0
158	81385.0
159	81385.0
160	89382.0
161	89382.0
162	89382.0
163	89382.0
164	89382.0
165	60236.0
166	60236.0
167	60236.0
168	60236.0
169	60236.0
170	153874.0
171	153874.0
172	153874.0
173	153874.0
174	153874.0
175	173781.0
176	173781.0
177	173781.0
178	173781.0
179	173781.0
180	164618.0
181	164618.0
182	164618.0
183	164618.0
184	164618.0
185	99442.0
186	99442.0
187	99442.0
188	99442.0
189	99442.0
190	149247.0
191	149247.0
192	149247.0
193	149247.0
194	149247.0
195	61255.0
196	61255.0
197	61255.0
198	61255.0
199	61255.0
200	110836.0
201	110836.0
202	110836.0
203	110836.0
204	110836.0
205	201233.0
206	201233.0
207	201233.0
208	201233.0
209	201233.0
210	201085.0
211	201085.0
212	201085.0
213	201085.0
214	201085.0
215	217972.0
216	217972.0
217	217972.0
218	217972.0
219	217972.0
220	88242.0
221	88242.0
222	88242.0
223	88242.0
224	88242.0
225	155735.0
226	155735.0
227	155735.0
228	155735.0
229	155735.0
230	35918.0
231	35918.0
232	35918.0
233	35918.0
234	35918.0
235	11981.0
236	11981.0
237	11981.0
238	11981.0
239	11981.0
240	166681.0
241	166681.0
242	166681.0
243	166681.0
244	166681.0
245	70721.0
246	70721.0
247	70721.0
248	70721.0
249	70721.0
