0	6603.0
1	6603.0
2	6603.0
3	6603.0
4	6603.0
5	77996.0
6	77996.0
7	77996.0
8	77996.0
9	77996.0
10	89932.0
11	89932.0
12	89932.0
13	89932.0
14	89932.0
15	79792.0
16	79792.0
17	79792.0
18	79792.0
19	79792.0
20	86626.0
21	86626.0
22	86626.0
23	86626.0
24	86626.0
25	187972.0
26	187972.0
27	187972.0
28	187972.0
29	187972.0
30	168781.0
31	168781.0
32	168781.0
33	168781.0
34	168781.0
35	58068.0
36	58068.0
37	58068.0
38	58068.0
39	58068.0
40	242025.0
41	242025.0
42	242025.0
43	242025.0
44	242025.0
45	27216.0
46	27216.0
47	27216.0
48	27216.0
49	27216.0
50	97890.0
51	97890.0
52	97890.0
53	97890.0
54	97890.0
55	214203.0
56	214203.0
57	214203.0
58	214203.0
59	214203.0
60	52609.0
61	52609.0
62	52609.0
63	52609.0
64	52609.0
65	9172.0
66	9172.0
67	9172.0
68	9172.0
69	9172.0
70	238164.0
71	238164.0
72	238164.0
73	238164.0
74	238164.0
75	177799.0
76	177799.0
77	177799.0
78	177799.0
79	177799.0
80	18698.0
81	18698.0
82	18698.0
83	18698.0
84	18698.0
85	179410.0
86	179410.0
87	179410.0
88	179410.0
89	179410.0
90	149293.0
91	149293.0
92	149293.0
93	149293.0
94	149293.0
95	141651.0
96	141651.0
97	141651.0
98	141651.0
99	141651.0
100	79401.0
101	79401.0
102	79401.0
103	79401.0
104	79401.0
105	48786.0
106	48786.0
107	48786.0
108	48786.0
109	48786.0
110	85950.0
111	85950.0
112	85950.0
113	85950.0
114	85950.0
115	118383.0
116	118383.0
117	118383.0
118	118383.0
119	118383.0
120	34901.0
121	34901.0
122	34901.0
123	34901.0
124	34901.0
125	106375.0
126	106375.0
127	106375.0
128	106375.0
129	106375.0
130	118050.0
131	118050.0
132	118050.0
133	118050.0
134	118050.0
135	2489.0
136	2489.0
137	2489.0
138	2489.0
139	2489.0
140	238873.0
141	238873.0
142	238873.0
143	238873.0
144	238873.0
145	79268.0
146	79268.0
147	79268.0
148	79268.0
149	79268.0
150	100276.0
151	100276.0
152	100276.0
153	100276.0
154	100276.0
155	55828.0
156	55828.0
157	55828.0
158	55828.0
159	55828.0
160	97602.0
161	97602.0
162	97602.0
163	97602.0
164	97602.0
165	62058.0
166	62058.0
167	62058.0
168	62058.0
169	62058.0
170	27681.0
171	27681.0
172	27681.0
173	27681.0
174	27681.0
175	206461.0
176	206461.0
177	206461.0
178	206461.0
179	206461.0
180	21117.0
181	21117.0
182	21117.0
183	21117.0
184	21117.0
185	186835.0
186	186835.0
187	186835.0
188	186835.0
189	186835.0
190	190148.0
191	190148.0
192	190148.0
193	190148.0
194	190148.0
195	61827.0
196	61827.0
197	61827.0
198	61827.0
199	61827.0
200	188284.0
201	188284.0
202	188284.0
203	188284.0
204	188284.0
205	14814.0
206	14814.0
207	14814.0
208	14814.0
209	14814.0
210	149342.0
211	149342.0
212	149342.0
213	149342.0
214	149342.0
215	52725.0
216	52725.0
217	52725.0
218	52725.0
219	52725.0
220	209466.0
221	209466.0
222	209466.0
223	209466.0
224	209466.0
225	191732.0
226	191732.0
227	191732.0
228	191732.0
229	191732.0
230	102735.0
231	102735.0
232	102735.0
233	102735.0
234	102735.0
235	144173.0
236	144173.0
237	144173.0
238	144173.0
239	144173.0
240	102334.0
241	102334.0
242	102334.0
243	102334.0
244	102334.0
245	23617.0
246	23617.0
247	23617.0
248	23617.0
249	23617.0
