0	102313.0
1	102313.0
2	102313.0
3	102313.0
4	102313.0
5	204626.0
6	204626.0
7	204626.0
8	204626.0
9	204626.0
10	101834.0
11	101834.0
12	101834.0
13	101834.0
14	101834.0
15	72077.0
16	72077.0
17	72077.0
18	72077.0
19	72077.0
20	2114.0
21	2114.0
22	2114.0
23	2114.0
24	2114.0
25	49893.0
26	49893.0
27	49893.0
28	49893.0
29	49893.0
30	94383.0
31	94383.0
32	94383.0
33	94383.0
34	94383.0
35	97838.0
36	97838.0
37	97838.0
38	97838.0
39	97838.0
40	95496.0
41	95496.0
42	95496.0
43	95496.0
44	95496.0
45	80524.0
46	80524.0
47	80524.0
48	80524.0
49	80524.0
50	204280.0
51	204280.0
52	204280.0
53	204280.0
54	204280.0
55	161381.0
56	161381.0
57	161381.0
58	161381.0
59	161381.0
60	32817.0
61	32817.0
62	32817.0
63	32817.0
64	32817.0
65	31040.0
66	31040.0
67	31040.0
68	31040.0
69	31040.0
70	213141.0
71	213141.0
72	213141.0
73	213141.0
74	213141.0
75	39009.0
76	39009.0
77	39009.0
78	39009.0
79	39009.0
80	9194.0
81	9194.0
82	9194.0
83	9194.0
84	9194.0
85	223063.0
86	223063.0
87	223063.0
88	223063.0
89	223063.0
90	65125.0
91	65125.0
92	65125.0
93	65125.0
94	65125.0
95	203114.0
96	203114.0
97	203114.0
98	203114.0
99	203114.0
100	75068.0
101	75068.0
102	75068.0
103	75068.0
104	75068.0
105	65419.0
106	65419.0
107	65419.0
108	65419.0
109	65419.0
110	186985.0
111	186985.0
112	186985.0
113	186985.0
114	186985.0
115	104615.0
116	104615.0
117	104615.0
118	104615.0
119	104615.0
120	134773.0
121	134773.0
122	134773.0
123	134773.0
124	134773.0
125	168353.0
126	168353.0
127	168353.0
128	168353.0
129	168353.0
130	23424.0
131	23424.0
132	23424.0
133	23424.0
134	23424.0
135	31789.0
136	31789.0
137	31789.0
138	31789.0
139	31789.0
140	20591.0
141	20591.0
142	20591.0
143	20591.0
144	20591.0
145	438.0
146	438.0
147	438.0
148	438.0
149	438.0
150	67183.0
151	67183.0
152	67183.0
153	67183.0
154	67183.0
155	129630.0
156	129630.0
157	129630.0
158	129630.0
159	129630.0
160	205644.0
161	205644.0
162	205644.0
163	205644.0
164	205644.0
165	39971.0
166	39971.0
167	39971.0
168	39971.0
169	39971.0
170	217307.0
171	217307.0
172	217307.0
173	217307.0
174	217307.0
175	91391.0
176	91391.0
177	91391.0
178	91391.0
179	91391.0
180	161625.0
181	161625.0
182	161625.0
183	161625.0
184	161625.0
185	179981.0
186	179981.0
187	179981.0
188	179981.0
189	179981.0
190	204146.0
191	204146.0
192	204146.0
193	204146.0
194	204146.0
195	139035.0
196	139035.0
197	139035.0
198	139035.0
199	139035.0
200	232749.0
201	232749.0
202	232749.0
203	232749.0
204	232749.0
205	237123.0
206	237123.0
207	237123.0
208	237123.0
209	237123.0
210	95047.0
211	95047.0
212	95047.0
213	95047.0
214	95047.0
215	102071.0
216	102071.0
217	102071.0
218	102071.0
219	102071.0
220	211421.0
221	211421.0
222	211421.0
223	211421.0
224	211421.0
225	26571.0
226	26571.0
227	26571.0
228	26571.0
229	26571.0
230	194097.0
231	194097.0
232	194097.0
233	194097.0
234	194097.0
235	223487.0
236	223487.0
237	223487.0
238	223487.0
239	223487.0
240	212973.0
241	212973.0
242	212973.0
243	212973.0
244	212973.0
245	29579.0
246	29579.0
247	29579.0
248	29579.0
249	29579.0
