0	165548.0
1	165548.0
2	165548.0
3	165548.0
4	165548.0
5	138889.0
6	138889.0
7	138889.0
8	138889.0
9	138889.0
10	26106.0
11	26106.0
12	26106.0
13	26106.0
14	26106.0
15	156475.0
16	156475.0
17	156475.0
18	156475.0
19	156475.0
20	104706.0
21	104706.0
22	104706.0
23	104706.0
24	104706.0
25	211325.0
26	211325.0
27	211325.0
28	211325.0
29	211325.0
30	149392.0
31	149392.0
32	149392.0
33	149392.0
34	149392.0
35	234630.0
36	234630.0
37	234630.0
38	234630.0
39	234630.0
40	207550.0
41	207550.0
42	207550.0
43	207550.0
44	207550.0
45	136882.0
46	136882.0
47	136882.0
48	136882.0
49	136882.0
50	74375.0
51	74375.0
52	74375.0
53	74375.0
54	74375.0
55	206148.0
56	206148.0
57	206148.0
58	206148.0
59	206148.0
60	220416.0
61	220416.0
62	220416.0
63	220416.0
64	220416.0
65	80987.0
66	80987.0
67	80987.0
68	80987.0
69	80987.0
70	100066.0
71	100066.0
72	100066.0
73	100066.0
74	100066.0
75	78352.0
76	78352.0
77	78352.0
78	78352.0
79	78352.0
80	165738.0
81	165738.0
82	165738.0
83	165738.0
84	165738.0
85	96453.0
86	96453.0
87	96453.0
88	96453.0
89	96453.0
90	162347.0
91	162347.0
92	162347.0
93	162347.0
94	162347.0
95	97158.0
96	97158.0
97	97158.0
98	97158.0
99	97158.0
100	96227.0
101	96227.0
102	96227.0
103	96227.0
104	96227.0
105	23103.0
106	23103.0
107	23103.0
108	23103.0
109	23103.0
110	76731.0
111	76731.0
112	76731.0
113	76731.0
114	76731.0
115	57257.0
116	57257.0
117	57257.0
118	57257.0
119	57257.0
120	192508.0
121	192508.0
122	192508.0
123	192508.0
124	192508.0
125	27987.0
126	27987.0
127	27987.0
128	27987.0
129	27987.0
130	94851.0
131	94851.0
132	94851.0
133	94851.0
134	94851.0
135	35586.0
136	35586.0
137	35586.0
138	35586.0
139	35586.0
140	201461.0
141	201461.0
142	201461.0
143	201461.0
144	201461.0
145	74117.0
146	74117.0
147	74117.0
148	74117.0
149	74117.0
150	41255.0
151	41255.0
152	41255.0
153	41255.0
154	41255.0
155	23138.0
156	23138.0
157	23138.0
158	23138.0
159	23138.0
160	180118.0
161	180118.0
162	180118.0
163	180118.0
164	180118.0
165	77427.0
166	77427.0
167	77427.0
168	77427.0
169	77427.0
170	139659.0
171	139659.0
172	139659.0
173	139659.0
174	139659.0
175	114521.0
176	114521.0
177	114521.0
178	114521.0
179	114521.0
180	68050.0
181	68050.0
182	68050.0
183	68050.0
184	68050.0
185	102786.0
186	102786.0
187	102786.0
188	102786.0
189	102786.0
190	235717.0
191	235717.0
192	235717.0
193	235717.0
194	235717.0
195	89630.0
196	89630.0
197	89630.0
198	89630.0
199	89630.0
200	155046.0
201	155046.0
202	155046.0
203	155046.0
204	155046.0
205	204286.0
206	204286.0
207	204286.0
208	204286.0
209	204286.0
210	7303.0
211	7303.0
212	7303.0
213	7303.0
214	7303.0
215	181543.0
216	181543.0
217	181543.0
218	181543.0
219	181543.0
220	216790.0
221	216790.0
222	216790.0
223	216790.0
224	216790.0
225	157113.0
226	157113.0
227	157113.0
228	157113.0
229	157113.0
230	178690.0
231	178690.0
232	178690.0
233	178690.0
234	178690.0
235	149185.0
236	149185.0
237	149185.0
238	149185.0
239	149185.0
240	44123.0
241	44123.0
242	44123.0
243	44123.0
244	44123.0
245	102998.0
246	102998.0
247	102998.0
248	102998.0
249	102998.0
