0	220723.0
1	220723.0
2	220723.0
3	220723.0
4	220723.0
5	186742.0
6	186742.0
7	186742.0
8	186742.0
9	186742.0
10	42510.0
11	42510.0
12	42510.0
13	42510.0
14	42510.0
15	158714.0
16	158714.0
17	158714.0
18	158714.0
19	158714.0
20	97209.0
21	97209.0
22	97209.0
23	97209.0
24	97209.0
25	122797.0
26	122797.0
27	122797.0
28	122797.0
29	122797.0
30	147052.0
31	147052.0
32	147052.0
33	147052.0
34	147052.0
35	189206.0
36	189206.0
37	189206.0
38	189206.0
39	189206.0
40	83857.0
41	83857.0
42	83857.0
43	83857.0
44	83857.0
45	148628.0
46	148628.0
47	148628.0
48	148628.0
49	148628.0
50	27121.0
51	27121.0
52	27121.0
53	27121.0
54	27121.0
55	212454.0
56	212454.0
57	212454.0
58	212454.0
59	212454.0
60	234912.0
61	234912.0
62	234912.0
63	234912.0
64	234912.0
65	204533.0
66	204533.0
67	204533.0
68	204533.0
69	204533.0
70	37547.0
71	37547.0
72	37547.0
73	37547.0
74	37547.0
75	165183.0
76	165183.0
77	165183.0
78	165183.0
79	165183.0
80	162884.0
81	162884.0
82	162884.0
83	162884.0
84	162884.0
85	198766.0
86	198766.0
87	198766.0
88	198766.0
89	198766.0
90	37583.0
91	37583.0
92	37583.0
93	37583.0
94	37583.0
95	7558.0
96	7558.0
97	7558.0
98	7558.0
99	7558.0
100	184638.0
101	184638.0
102	184638.0
103	184638.0
104	184638.0
105	92595.0
106	92595.0
107	92595.0
108	92595.0
109	92595.0
110	9658.0
111	9658.0
112	9658.0
113	9658.0
114	9658.0
115	185092.0
116	185092.0
117	185092.0
118	185092.0
119	185092.0
120	103084.0
121	103084.0
122	103084.0
123	103084.0
124	103084.0
125	145110.0
126	145110.0
127	145110.0
128	145110.0
129	145110.0
130	199740.0
131	199740.0
132	199740.0
133	199740.0
134	199740.0
135	109015.0
136	109015.0
137	109015.0
138	109015.0
139	109015.0
140	139602.0
141	139602.0
142	139602.0
143	139602.0
144	139602.0
145	30204.0
146	30204.0
147	30204.0
148	30204.0
149	30204.0
150	172871.0
151	172871.0
152	172871.0
153	172871.0
154	172871.0
155	157636.0
156	157636.0
157	157636.0
158	157636.0
159	157636.0
160	202718.0
161	202718.0
162	202718.0
163	202718.0
164	202718.0
165	55719.0
166	55719.0
167	55719.0
168	55719.0
169	55719.0
170	83370.0
171	83370.0
172	83370.0
173	83370.0
174	83370.0
175	83910.0
176	83910.0
177	83910.0
178	83910.0
179	83910.0
180	166652.0
181	166652.0
182	166652.0
183	166652.0
184	166652.0
185	116702.0
186	116702.0
187	116702.0
188	116702.0
189	116702.0
190	173348.0
191	173348.0
192	173348.0
193	173348.0
194	173348.0
195	102507.0
196	102507.0
197	102507.0
198	102507.0
199	102507.0
200	125679.0
201	125679.0
202	125679.0
203	125679.0
204	125679.0
205	69024.0
206	69024.0
207	69024.0
208	69024.0
209	69024.0
210	159606.0
211	159606.0
212	159606.0
213	159606.0
214	159606.0
215	119411.0
216	119411.0
217	119411.0
218	119411.0
219	119411.0
220	30110.0
221	30110.0
222	30110.0
223	30110.0
224	30110.0
225	103580.0
226	103580.0
227	103580.0
228	103580.0
229	103580.0
230	145793.0
231	145793.0
232	145793.0
233	145793.0
234	145793.0
235	56008.0
236	56008.0
237	56008.0
238	56008.0
239	56008.0
240	221931.0
241	221931.0
242	221931.0
243	221931.0
244	221931.0
245	240215.0
246	240215.0
247	240215.0
248	240215.0
249	240215.0
