0	241637.0
1	241637.0
2	241637.0
3	241637.0
4	241637.0
5	109712.0
6	109712.0
7	109712.0
8	109712.0
9	109712.0
10	211990.0
11	211990.0
12	211990.0
13	211990.0
14	211990.0
15	5999.0
16	5999.0
17	5999.0
18	5999.0
19	5999.0
20	218302.0
21	218302.0
22	218302.0
23	218302.0
24	218302.0
25	93685.0
26	93685.0
27	93685.0
28	93685.0
29	93685.0
30	110340.0
31	110340.0
32	110340.0
33	110340.0
34	110340.0
35	155281.0
36	155281.0
37	155281.0
38	155281.0
39	155281.0
40	17067.0
41	17067.0
42	17067.0
43	17067.0
44	17067.0
45	222289.0
46	222289.0
47	222289.0
48	222289.0
49	222289.0
50	67823.0
51	67823.0
52	67823.0
53	67823.0
54	67823.0
55	208929.0
56	208929.0
57	208929.0
58	208929.0
59	208929.0
60	203457.0
61	203457.0
62	203457.0
63	203457.0
64	203457.0
65	109274.0
66	109274.0
67	109274.0
68	109274.0
69	109274.0
70	222439.0
71	222439.0
72	222439.0
73	222439.0
74	222439.0
75	231221.0
76	231221.0
77	231221.0
78	231221.0
79	231221.0
80	191601.0
81	191601.0
82	191601.0
83	191601.0
84	191601.0
85	7393.0
86	7393.0
87	7393.0
88	7393.0
89	7393.0
90	42485.0
91	42485.0
92	42485.0
93	42485.0
94	42485.0
95	208193.0
96	208193.0
97	208193.0
98	208193.0
99	208193.0
100	225570.0
101	225570.0
102	225570.0
103	225570.0
104	225570.0
105	228735.0
106	228735.0
107	228735.0
108	228735.0
109	228735.0
110	175843.0
111	175843.0
112	175843.0
113	175843.0
114	175843.0
115	91311.0
116	91311.0
117	91311.0
118	91311.0
119	91311.0
120	111353.0
121	111353.0
122	111353.0
123	111353.0
124	111353.0
125	44467.0
126	44467.0
127	44467.0
128	44467.0
129	44467.0
130	50200.0
131	50200.0
132	50200.0
133	50200.0
134	50200.0
135	114328.0
136	114328.0
137	114328.0
138	114328.0
139	114328.0
140	224236.0
141	224236.0
142	224236.0
143	224236.0
144	224236.0
145	4024.0
146	4024.0
147	4024.0
148	4024.0
149	4024.0
150	35196.0
151	35196.0
152	35196.0
153	35196.0
154	35196.0
155	95953.0
156	95953.0
157	95953.0
158	95953.0
159	95953.0
160	73153.0
161	73153.0
162	73153.0
163	73153.0
164	73153.0
165	77976.0
166	77976.0
167	77976.0
168	77976.0
169	77976.0
170	127853.0
171	127853.0
172	127853.0
173	127853.0
174	127853.0
175	198076.0
176	198076.0
177	198076.0
178	198076.0
179	198076.0
180	73043.0
181	73043.0
182	73043.0
183	73043.0
184	73043.0
185	207472.0
186	207472.0
187	207472.0
188	207472.0
189	207472.0
190	214091.0
191	214091.0
192	214091.0
193	214091.0
194	214091.0
195	218656.0
196	218656.0
197	218656.0
198	218656.0
199	218656.0
200	153557.0
201	153557.0
202	153557.0
203	153557.0
204	153557.0
205	193188.0
206	193188.0
207	193188.0
208	193188.0
209	193188.0
210	142859.0
211	142859.0
212	142859.0
213	142859.0
214	142859.0
215	205476.0
216	205476.0
217	205476.0
218	205476.0
219	205476.0
220	170773.0
221	170773.0
222	170773.0
223	170773.0
224	170773.0
225	194563.0
226	194563.0
227	194563.0
228	194563.0
229	194563.0
230	30578.0
231	30578.0
232	30578.0
233	30578.0
234	30578.0
235	209909.0
236	209909.0
237	209909.0
238	209909.0
239	209909.0
240	92428.0
241	92428.0
242	92428.0
243	92428.0
244	92428.0
245	114030.0
246	114030.0
247	114030.0
248	114030.0
249	114030.0
