0	1240.0
1	1240.0
2	1240.0
3	1240.0
4	1240.0
5	23128.0
6	23128.0
7	23128.0
8	23128.0
9	23128.0
10	413013.0
11	413013.0
12	413013.0
13	413013.0
14	413013.0
15	362200.0
16	362200.0
17	362200.0
18	362200.0
19	362200.0
20	226692.0
21	226692.0
22	226692.0
23	226692.0
24	226692.0
25	629722.0
26	629722.0
27	629722.0
28	629722.0
29	629722.0
30	551670.0
31	551670.0
32	551670.0
33	551670.0
34	551670.0
35	627242.0
36	627242.0
37	627242.0
38	627242.0
39	627242.0
40	1700.0
41	1700.0
42	1700.0
43	1700.0
44	1700.0
45	883372.0
46	883372.0
47	883372.0
48	883372.0
49	883372.0
50	658750.0
51	658750.0
52	658750.0
53	658750.0
54	658750.0
55	762999.0
56	762999.0
57	762999.0
58	762999.0
59	762999.0
60	187695.0
61	187695.0
62	187695.0
63	187695.0
64	187695.0
65	490630.0
66	490630.0
67	490630.0
68	490630.0
69	490630.0
70	341237.0
71	341237.0
72	341237.0
73	341237.0
74	341237.0
75	189791.0
76	189791.0
77	189791.0
78	189791.0
79	189791.0
80	80907.0
81	80907.0
82	80907.0
83	80907.0
84	80907.0
85	818047.0
86	818047.0
87	818047.0
88	818047.0
89	818047.0
90	761886.0
91	761886.0
92	761886.0
93	761886.0
94	761886.0
95	125759.0
96	125759.0
97	125759.0
98	125759.0
99	125759.0
100	679774.0
101	679774.0
102	679774.0
103	679774.0
104	679774.0
105	454776.0
106	454776.0
107	454776.0
108	454776.0
109	454776.0
110	438101.0
111	438101.0
112	438101.0
113	438101.0
114	438101.0
115	38907.0
116	38907.0
117	38907.0
118	38907.0
119	38907.0
120	415295.0
121	415295.0
122	415295.0
123	415295.0
124	415295.0
125	723567.0
126	723567.0
127	723567.0
128	723567.0
129	723567.0
130	125148.0
131	125148.0
132	125148.0
133	125148.0
134	125148.0
135	47483.0
136	47483.0
137	47483.0
138	47483.0
139	47483.0
140	188052.0
141	188052.0
142	188052.0
143	188052.0
144	188052.0
145	90499.0
146	90499.0
147	90499.0
148	90499.0
149	90499.0
150	735844.0
151	735844.0
152	735844.0
153	735844.0
154	735844.0
155	883665.0
156	883665.0
157	883665.0
158	883665.0
159	883665.0
160	502816.0
161	502816.0
162	502816.0
163	502816.0
164	502816.0
165	603865.0
166	603865.0
167	603865.0
168	603865.0
169	603865.0
170	33910.0
171	33910.0
172	33910.0
173	33910.0
174	33910.0
175	764504.0
176	764504.0
177	764504.0
178	764504.0
179	764504.0
180	285993.0
181	285993.0
182	285993.0
183	285993.0
184	285993.0
185	137451.0
186	137451.0
187	137451.0
188	137451.0
189	137451.0
190	547206.0
191	547206.0
192	547206.0
193	547206.0
194	547206.0
195	237148.0
196	237148.0
197	237148.0
198	237148.0
199	237148.0
200	327202.0
201	327202.0
202	327202.0
203	327202.0
204	327202.0
205	885467.0
206	885467.0
207	885467.0
208	885467.0
209	885467.0
210	611030.0
211	611030.0
212	611030.0
213	611030.0
214	611030.0
215	459125.0
216	459125.0
217	459125.0
218	459125.0
219	459125.0
220	668769.0
221	668769.0
222	668769.0
223	668769.0
224	668769.0
225	757594.0
226	757594.0
227	757594.0
228	757594.0
229	757594.0
230	299893.0
231	299893.0
232	299893.0
233	299893.0
234	299893.0
235	488498.0
236	488498.0
237	488498.0
238	488498.0
239	488498.0
240	192702.0
241	192702.0
242	192702.0
243	192702.0
244	192702.0
245	631600.0
246	631600.0
247	631600.0
248	631600.0
249	631600.0
