0	100070.0
1	100070.0
2	100070.0
3	100070.0
4	100070.0
5	502945.0
6	502945.0
7	502945.0
8	502945.0
9	502945.0
10	881957.0
11	881957.0
12	881957.0
13	881957.0
14	881957.0
15	545277.0
16	545277.0
17	545277.0
18	545277.0
19	545277.0
20	780130.0
21	780130.0
22	780130.0
23	780130.0
24	780130.0
25	238702.0
26	238702.0
27	238702.0
28	238702.0
29	238702.0
30	419883.0
31	419883.0
32	419883.0
33	419883.0
34	419883.0
35	587528.0
36	587528.0
37	587528.0
38	587528.0
39	587528.0
40	465605.0
41	465605.0
42	465605.0
43	465605.0
44	465605.0
45	343228.0
46	343228.0
47	343228.0
48	343228.0
49	343228.0
50	380134.0
51	380134.0
52	380134.0
53	380134.0
54	380134.0
55	362847.0
56	362847.0
57	362847.0
58	362847.0
59	362847.0
60	446041.0
61	446041.0
62	446041.0
63	446041.0
64	446041.0
65	153482.0
66	153482.0
67	153482.0
68	153482.0
69	153482.0
70	633099.0
71	633099.0
72	633099.0
73	633099.0
74	633099.0
75	1663.0
76	1663.0
77	1663.0
78	1663.0
79	1663.0
80	190754.0
81	190754.0
82	190754.0
83	190754.0
84	190754.0
85	887227.0
86	887227.0
87	887227.0
88	887227.0
89	887227.0
90	814028.0
91	814028.0
92	814028.0
93	814028.0
94	814028.0
95	139162.0
96	139162.0
97	139162.0
98	139162.0
99	139162.0
100	350533.0
101	350533.0
102	350533.0
103	350533.0
104	350533.0
105	549751.0
106	549751.0
107	549751.0
108	549751.0
109	549751.0
110	472378.0
111	472378.0
112	472378.0
113	472378.0
114	472378.0
115	7921.0
116	7921.0
117	7921.0
118	7921.0
119	7921.0
120	857826.0
121	857826.0
122	857826.0
123	857826.0
124	857826.0
125	872394.0
126	872394.0
127	872394.0
128	872394.0
129	872394.0
130	140098.0
131	140098.0
132	140098.0
133	140098.0
134	140098.0
135	554039.0
136	554039.0
137	554039.0
138	554039.0
139	554039.0
140	795348.0
141	795348.0
142	795348.0
143	795348.0
144	795348.0
145	104800.0
146	104800.0
147	104800.0
148	104800.0
149	104800.0
150	236155.0
151	236155.0
152	236155.0
153	236155.0
154	236155.0
155	457726.0
156	457726.0
157	457726.0
158	457726.0
159	457726.0
160	737356.0
161	737356.0
162	737356.0
163	737356.0
164	737356.0
165	572478.0
166	572478.0
167	572478.0
168	572478.0
169	572478.0
170	11564.0
171	11564.0
172	11564.0
173	11564.0
174	11564.0
175	4157.0
176	4157.0
177	4157.0
178	4157.0
179	4157.0
180	346636.0
181	346636.0
182	346636.0
183	346636.0
184	346636.0
185	546014.0
186	546014.0
187	546014.0
188	546014.0
189	546014.0
190	773157.0
191	773157.0
192	773157.0
193	773157.0
194	773157.0
195	30010.0
196	30010.0
197	30010.0
198	30010.0
199	30010.0
200	886106.0
201	886106.0
202	886106.0
203	886106.0
204	886106.0
205	887234.0
206	887234.0
207	887234.0
208	887234.0
209	887234.0
210	692842.0
211	692842.0
212	692842.0
213	692842.0
214	692842.0
215	797931.0
216	797931.0
217	797931.0
218	797931.0
219	797931.0
220	305622.0
221	305622.0
222	305622.0
223	305622.0
224	305622.0
225	616238.0
226	616238.0
227	616238.0
228	616238.0
229	616238.0
230	888289.0
231	888289.0
232	888289.0
233	888289.0
234	888289.0
235	433043.0
236	433043.0
237	433043.0
238	433043.0
239	433043.0
240	437725.0
241	437725.0
242	437725.0
243	437725.0
244	437725.0
245	863021.0
246	863021.0
247	863021.0
248	863021.0
249	863021.0
