0	869843.0
1	869843.0
2	869843.0
3	869843.0
4	869843.0
5	29709.0
6	29709.0
7	29709.0
8	29709.0
9	29709.0
10	61860.0
11	61860.0
12	61860.0
13	61860.0
14	61860.0
15	286886.0
16	286886.0
17	286886.0
18	286886.0
19	286886.0
20	375017.0
21	375017.0
22	375017.0
23	375017.0
24	375017.0
25	48532.0
26	48532.0
27	48532.0
28	48532.0
29	48532.0
30	403618.0
31	403618.0
32	403618.0
33	403618.0
34	403618.0
35	897775.0
36	897775.0
37	897775.0
38	897775.0
39	897775.0
40	208044.0
41	208044.0
42	208044.0
43	208044.0
44	208044.0
45	267113.0
46	267113.0
47	267113.0
48	267113.0
49	267113.0
50	524146.0
51	524146.0
52	524146.0
53	524146.0
54	524146.0
55	287354.0
56	287354.0
57	287354.0
58	287354.0
59	287354.0
60	446490.0
61	446490.0
62	446490.0
63	446490.0
64	446490.0
65	498949.0
66	498949.0
67	498949.0
68	498949.0
69	498949.0
70	10193.0
71	10193.0
72	10193.0
73	10193.0
74	10193.0
75	817278.0
76	817278.0
77	817278.0
78	817278.0
79	817278.0
80	276074.0
81	276074.0
82	276074.0
83	276074.0
84	276074.0
85	493053.0
86	493053.0
87	493053.0
88	493053.0
89	493053.0
90	473246.0
91	473246.0
92	473246.0
93	473246.0
94	473246.0
95	649509.0
96	649509.0
97	649509.0
98	649509.0
99	649509.0
100	555791.0
101	555791.0
102	555791.0
103	555791.0
104	555791.0
105	395092.0
106	395092.0
107	395092.0
108	395092.0
109	395092.0
110	55955.0
111	55955.0
112	55955.0
113	55955.0
114	55955.0
115	347322.0
116	347322.0
117	347322.0
118	347322.0
119	347322.0
120	549854.0
121	549854.0
122	549854.0
123	549854.0
124	549854.0
125	7677.0
126	7677.0
127	7677.0
128	7677.0
129	7677.0
130	396717.0
131	396717.0
132	396717.0
133	396717.0
134	396717.0
135	322137.0
136	322137.0
137	322137.0
138	322137.0
139	322137.0
140	377427.0
141	377427.0
142	377427.0
143	377427.0
144	377427.0
145	786381.0
146	786381.0
147	786381.0
148	786381.0
149	786381.0
150	387720.0
151	387720.0
152	387720.0
153	387720.0
154	387720.0
155	175731.0
156	175731.0
157	175731.0
158	175731.0
159	175731.0
160	594876.0
161	594876.0
162	594876.0
163	594876.0
164	594876.0
165	501245.0
166	501245.0
167	501245.0
168	501245.0
169	501245.0
170	259381.0
171	259381.0
172	259381.0
173	259381.0
174	259381.0
175	397021.0
176	397021.0
177	397021.0
178	397021.0
179	397021.0
180	319119.0
181	319119.0
182	319119.0
183	319119.0
184	319119.0
185	158217.0
186	158217.0
187	158217.0
188	158217.0
189	158217.0
190	666448.0
191	666448.0
192	666448.0
193	666448.0
194	666448.0
195	262068.0
196	262068.0
197	262068.0
198	262068.0
199	262068.0
200	48611.0
201	48611.0
202	48611.0
203	48611.0
204	48611.0
205	53086.0
206	53086.0
207	53086.0
208	53086.0
209	53086.0
210	78721.0
211	78721.0
212	78721.0
213	78721.0
214	78721.0
215	62859.0
216	62859.0
217	62859.0
218	62859.0
219	62859.0
220	720529.0
221	720529.0
222	720529.0
223	720529.0
224	720529.0
225	136293.0
226	136293.0
227	136293.0
228	136293.0
229	136293.0
230	265277.0
231	265277.0
232	265277.0
233	265277.0
234	265277.0
235	123565.0
236	123565.0
237	123565.0
238	123565.0
239	123565.0
240	276118.0
241	276118.0
242	276118.0
243	276118.0
244	276118.0
245	146730.0
246	146730.0
247	146730.0
248	146730.0
249	146730.0
