0	216339.0
1	216339.0
2	216339.0
3	216339.0
4	216339.0
5	329552.0
6	329552.0
7	329552.0
8	329552.0
9	329552.0
10	75494.0
11	75494.0
12	75494.0
13	75494.0
14	75494.0
15	298512.0
16	298512.0
17	298512.0
18	298512.0
19	298512.0
20	59799.0
21	59799.0
22	59799.0
23	59799.0
24	59799.0
25	171818.0
26	171818.0
27	171818.0
28	171818.0
29	171818.0
30	105445.0
31	105445.0
32	105445.0
33	105445.0
34	105445.0
35	126842.0
36	126842.0
37	126842.0
38	126842.0
39	126842.0
40	285858.0
41	285858.0
42	285858.0
43	285858.0
44	285858.0
45	246782.0
46	246782.0
47	246782.0
48	246782.0
49	246782.0
50	9492.0
51	9492.0
52	9492.0
53	9492.0
54	9492.0
55	157844.0
56	157844.0
57	157844.0
58	157844.0
59	157844.0
60	307148.0
61	307148.0
62	307148.0
63	307148.0
64	307148.0
65	258917.0
66	258917.0
67	258917.0
68	258917.0
69	258917.0
70	206606.0
71	206606.0
72	206606.0
73	206606.0
74	206606.0
75	192914.0
76	192914.0
77	192914.0
78	192914.0
79	192914.0
80	103138.0
81	103138.0
82	103138.0
83	103138.0
84	103138.0
85	142889.0
86	142889.0
87	142889.0
88	142889.0
89	142889.0
90	67762.0
91	67762.0
92	67762.0
93	67762.0
94	67762.0
95	24414.0
96	24414.0
97	24414.0
98	24414.0
99	24414.0
100	313671.0
101	313671.0
102	313671.0
103	313671.0
104	313671.0
105	158107.0
106	158107.0
107	158107.0
108	158107.0
109	158107.0
110	2251.0
111	2251.0
112	2251.0
113	2251.0
114	2251.0
115	269646.0
116	269646.0
117	269646.0
118	269646.0
119	269646.0
120	122354.0
121	122354.0
122	122354.0
123	122354.0
124	122354.0
125	130261.0
126	130261.0
127	130261.0
128	130261.0
129	130261.0
130	96599.0
131	96599.0
132	96599.0
133	96599.0
134	96599.0
135	205467.0
136	205467.0
137	205467.0
138	205467.0
139	205467.0
140	33895.0
141	33895.0
142	33895.0
143	33895.0
144	33895.0
145	156724.0
146	156724.0
147	156724.0
148	156724.0
149	156724.0
150	221718.0
151	221718.0
152	221718.0
153	221718.0
154	221718.0
155	317749.0
156	317749.0
157	317749.0
158	317749.0
159	317749.0
160	36281.0
161	36281.0
162	36281.0
163	36281.0
164	36281.0
165	208679.0
166	208679.0
167	208679.0
168	208679.0
169	208679.0
170	192129.0
171	192129.0
172	192129.0
173	192129.0
174	192129.0
175	42628.0
176	42628.0
177	42628.0
178	42628.0
179	42628.0
180	29991.0
181	29991.0
182	29991.0
183	29991.0
184	29991.0
185	51339.0
186	51339.0
187	51339.0
188	51339.0
189	51339.0
190	312220.0
191	312220.0
192	312220.0
193	312220.0
194	312220.0
195	323499.0
196	323499.0
197	323499.0
198	323499.0
199	323499.0
200	222897.0
201	222897.0
202	222897.0
203	222897.0
204	222897.0
205	170474.0
206	170474.0
207	170474.0
208	170474.0
209	170474.0
210	73822.0
211	73822.0
212	73822.0
213	73822.0
214	73822.0
215	110342.0
216	110342.0
217	110342.0
218	110342.0
219	110342.0
220	26768.0
221	26768.0
222	26768.0
223	26768.0
224	26768.0
225	309179.0
226	309179.0
227	309179.0
228	309179.0
229	309179.0
230	146005.0
231	146005.0
232	146005.0
233	146005.0
234	146005.0
235	60198.0
236	60198.0
237	60198.0
238	60198.0
239	60198.0
240	110092.0
241	110092.0
242	110092.0
243	110092.0
244	110092.0
245	138835.0
246	138835.0
247	138835.0
248	138835.0
249	138835.0
