0	59981.0
1	59981.0
2	59981.0
3	59981.0
4	59981.0
5	12877.0
6	12877.0
7	12877.0
8	12877.0
9	12877.0
10	205724.0
11	205724.0
12	205724.0
13	205724.0
14	205724.0
15	301126.0
16	301126.0
17	301126.0
18	301126.0
19	301126.0
20	101607.0
21	101607.0
22	101607.0
23	101607.0
24	101607.0
25	302417.0
26	302417.0
27	302417.0
28	302417.0
29	302417.0
30	276779.0
31	276779.0
32	276779.0
33	276779.0
34	276779.0
35	199548.0
36	199548.0
37	199548.0
38	199548.0
39	199548.0
40	95955.0
41	95955.0
42	95955.0
43	95955.0
44	95955.0
45	50665.0
46	50665.0
47	50665.0
48	50665.0
49	50665.0
50	98220.0
51	98220.0
52	98220.0
53	98220.0
54	98220.0
55	211437.0
56	211437.0
57	211437.0
58	211437.0
59	211437.0
60	324304.0
61	324304.0
62	324304.0
63	324304.0
64	324304.0
65	184728.0
66	184728.0
67	184728.0
68	184728.0
69	184728.0
70	241600.0
71	241600.0
72	241600.0
73	241600.0
74	241600.0
75	296862.0
76	296862.0
77	296862.0
78	296862.0
79	296862.0
80	240650.0
81	240650.0
82	240650.0
83	240650.0
84	240650.0
85	236018.0
86	236018.0
87	236018.0
88	236018.0
89	236018.0
90	201053.0
91	201053.0
92	201053.0
93	201053.0
94	201053.0
95	295083.0
96	295083.0
97	295083.0
98	295083.0
99	295083.0
100	83070.0
101	83070.0
102	83070.0
103	83070.0
104	83070.0
105	254019.0
106	254019.0
107	254019.0
108	254019.0
109	254019.0
110	146508.0
111	146508.0
112	146508.0
113	146508.0
114	146508.0
115	201115.0
116	201115.0
117	201115.0
118	201115.0
119	201115.0
120	53224.0
121	53224.0
122	53224.0
123	53224.0
124	53224.0
125	44369.0
126	44369.0
127	44369.0
128	44369.0
129	44369.0
130	191544.0
131	191544.0
132	191544.0
133	191544.0
134	191544.0
135	177919.0
136	177919.0
137	177919.0
138	177919.0
139	177919.0
140	327469.0
141	327469.0
142	327469.0
143	327469.0
144	327469.0
145	198097.0
146	198097.0
147	198097.0
148	198097.0
149	198097.0
150	133299.0
151	133299.0
152	133299.0
153	133299.0
154	133299.0
155	141057.0
156	141057.0
157	141057.0
158	141057.0
159	141057.0
160	311598.0
161	311598.0
162	311598.0
163	311598.0
164	311598.0
165	62183.0
166	62183.0
167	62183.0
168	62183.0
169	62183.0
170	146505.0
171	146505.0
172	146505.0
173	146505.0
174	146505.0
175	212675.0
176	212675.0
177	212675.0
178	212675.0
179	212675.0
180	250136.0
181	250136.0
182	250136.0
183	250136.0
184	250136.0
185	196907.0
186	196907.0
187	196907.0
188	196907.0
189	196907.0
190	20302.0
191	20302.0
192	20302.0
193	20302.0
194	20302.0
195	295321.0
196	295321.0
197	295321.0
198	295321.0
199	295321.0
200	83755.0
201	83755.0
202	83755.0
203	83755.0
204	83755.0
205	344061.0
206	344061.0
207	344061.0
208	344061.0
209	344061.0
210	295725.0
211	295725.0
212	295725.0
213	295725.0
214	295725.0
215	313931.0
216	313931.0
217	313931.0
218	313931.0
219	313931.0
220	42149.0
221	42149.0
222	42149.0
223	42149.0
224	42149.0
225	153615.0
226	153615.0
227	153615.0
228	153615.0
229	153615.0
230	43486.0
231	43486.0
232	43486.0
233	43486.0
234	43486.0
235	262131.0
236	262131.0
237	262131.0
238	262131.0
239	262131.0
240	304568.0
241	304568.0
242	304568.0
243	304568.0
244	304568.0
245	283552.0
246	283552.0
247	283552.0
248	283552.0
249	283552.0
