0	279464.0
1	279464.0
2	279464.0
3	279464.0
4	279464.0
5	219023.0
6	219023.0
7	219023.0
8	219023.0
9	219023.0
10	92671.0
11	92671.0
12	92671.0
13	92671.0
14	92671.0
15	70000.0
16	70000.0
17	70000.0
18	70000.0
19	70000.0
20	170174.0
21	170174.0
22	170174.0
23	170174.0
24	170174.0
25	293835.0
26	293835.0
27	293835.0
28	293835.0
29	293835.0
30	252952.0
31	252952.0
32	252952.0
33	252952.0
34	252952.0
35	94133.0
36	94133.0
37	94133.0
38	94133.0
39	94133.0
40	303736.0
41	303736.0
42	303736.0
43	303736.0
44	303736.0
45	36898.0
46	36898.0
47	36898.0
48	36898.0
49	36898.0
50	81169.0
51	81169.0
52	81169.0
53	81169.0
54	81169.0
55	50609.0
56	50609.0
57	50609.0
58	50609.0
59	50609.0
60	303802.0
61	303802.0
62	303802.0
63	303802.0
64	303802.0
65	149971.0
66	149971.0
67	149971.0
68	149971.0
69	149971.0
70	162438.0
71	162438.0
72	162438.0
73	162438.0
74	162438.0
75	185853.0
76	185853.0
77	185853.0
78	185853.0
79	185853.0
80	12143.0
81	12143.0
82	12143.0
83	12143.0
84	12143.0
85	178514.0
86	178514.0
87	178514.0
88	178514.0
89	178514.0
90	316031.0
91	316031.0
92	316031.0
93	316031.0
94	316031.0
95	127981.0
96	127981.0
97	127981.0
98	127981.0
99	127981.0
100	280330.0
101	280330.0
102	280330.0
103	280330.0
104	280330.0
105	218890.0
106	218890.0
107	218890.0
108	218890.0
109	218890.0
110	230909.0
111	230909.0
112	230909.0
113	230909.0
114	230909.0
115	96283.0
116	96283.0
117	96283.0
118	96283.0
119	96283.0
120	19349.0
121	19349.0
122	19349.0
123	19349.0
124	19349.0
125	125688.0
126	125688.0
127	125688.0
128	125688.0
129	125688.0
130	305773.0
131	305773.0
132	305773.0
133	305773.0
134	305773.0
135	200767.0
136	200767.0
137	200767.0
138	200767.0
139	200767.0
140	275380.0
141	275380.0
142	275380.0
143	275380.0
144	275380.0
145	3947.0
146	3947.0
147	3947.0
148	3947.0
149	3947.0
150	170525.0
151	170525.0
152	170525.0
153	170525.0
154	170525.0
155	67883.0
156	67883.0
157	67883.0
158	67883.0
159	67883.0
160	183910.0
161	183910.0
162	183910.0
163	183910.0
164	183910.0
165	21181.0
166	21181.0
167	21181.0
168	21181.0
169	21181.0
170	83863.0
171	83863.0
172	83863.0
173	83863.0
174	83863.0
175	327182.0
176	327182.0
177	327182.0
178	327182.0
179	327182.0
180	46718.0
181	46718.0
182	46718.0
183	46718.0
184	46718.0
185	108566.0
186	108566.0
187	108566.0
188	108566.0
189	108566.0
190	195944.0
191	195944.0
192	195944.0
193	195944.0
194	195944.0
195	85990.0
196	85990.0
197	85990.0
198	85990.0
199	85990.0
200	115808.0
201	115808.0
202	115808.0
203	115808.0
204	115808.0
205	142369.0
206	142369.0
207	142369.0
208	142369.0
209	142369.0
210	166099.0
211	166099.0
212	166099.0
213	166099.0
214	166099.0
215	264014.0
216	264014.0
217	264014.0
218	264014.0
219	264014.0
220	224439.0
221	224439.0
222	224439.0
223	224439.0
224	224439.0
225	158517.0
226	158517.0
227	158517.0
228	158517.0
229	158517.0
230	51092.0
231	51092.0
232	51092.0
233	51092.0
234	51092.0
235	99111.0
236	99111.0
237	99111.0
238	99111.0
239	99111.0
240	82605.0
241	82605.0
242	82605.0
243	82605.0
244	82605.0
245	117527.0
246	117527.0
247	117527.0
248	117527.0
249	117527.0
