0	266774.0
1	266774.0
2	266774.0
3	266774.0
4	266774.0
5	325602.0
6	325602.0
7	325602.0
8	325602.0
9	325602.0
10	318530.0
11	318530.0
12	318530.0
13	318530.0
14	318530.0
15	40639.0
16	40639.0
17	40639.0
18	40639.0
19	40639.0
20	86033.0
21	86033.0
22	86033.0
23	86033.0
24	86033.0
25	91328.0
26	91328.0
27	91328.0
28	91328.0
29	91328.0
30	224937.0
31	224937.0
32	224937.0
33	224937.0
34	224937.0
35	141193.0
36	141193.0
37	141193.0
38	141193.0
39	141193.0
40	282065.0
41	282065.0
42	282065.0
43	282065.0
44	282065.0
45	18663.0
46	18663.0
47	18663.0
48	18663.0
49	18663.0
50	11161.0
51	11161.0
52	11161.0
53	11161.0
54	11161.0
55	46860.0
56	46860.0
57	46860.0
58	46860.0
59	46860.0
60	102647.0
61	102647.0
62	102647.0
63	102647.0
64	102647.0
65	77953.0
66	77953.0
67	77953.0
68	77953.0
69	77953.0
70	8487.0
71	8487.0
72	8487.0
73	8487.0
74	8487.0
75	314643.0
76	314643.0
77	314643.0
78	314643.0
79	314643.0
80	309727.0
81	309727.0
82	309727.0
83	309727.0
84	309727.0
85	152659.0
86	152659.0
87	152659.0
88	152659.0
89	152659.0
90	186799.0
91	186799.0
92	186799.0
93	186799.0
94	186799.0
95	174927.0
96	174927.0
97	174927.0
98	174927.0
99	174927.0
100	228221.0
101	228221.0
102	228221.0
103	228221.0
104	228221.0
105	83159.0
106	83159.0
107	83159.0
108	83159.0
109	83159.0
110	199260.0
111	199260.0
112	199260.0
113	199260.0
114	199260.0
115	239262.0
116	239262.0
117	239262.0
118	239262.0
119	239262.0
120	102778.0
121	102778.0
122	102778.0
123	102778.0
124	102778.0
125	260638.0
126	260638.0
127	260638.0
128	260638.0
129	260638.0
130	303549.0
131	303549.0
132	303549.0
133	303549.0
134	303549.0
135	71462.0
136	71462.0
137	71462.0
138	71462.0
139	71462.0
140	313831.0
141	313831.0
142	313831.0
143	313831.0
144	313831.0
145	186808.0
146	186808.0
147	186808.0
148	186808.0
149	186808.0
150	95702.0
151	95702.0
152	95702.0
153	95702.0
154	95702.0
155	107955.0
156	107955.0
157	107955.0
158	107955.0
159	107955.0
160	108177.0
161	108177.0
162	108177.0
163	108177.0
164	108177.0
165	121227.0
166	121227.0
167	121227.0
168	121227.0
169	121227.0
170	78232.0
171	78232.0
172	78232.0
173	78232.0
174	78232.0
175	281318.0
176	281318.0
177	281318.0
178	281318.0
179	281318.0
180	242111.0
181	242111.0
182	242111.0
183	242111.0
184	242111.0
185	220825.0
186	220825.0
187	220825.0
188	220825.0
189	220825.0
190	89394.0
191	89394.0
192	89394.0
193	89394.0
194	89394.0
195	239332.0
196	239332.0
197	239332.0
198	239332.0
199	239332.0
200	97434.0
201	97434.0
202	97434.0
203	97434.0
204	97434.0
205	63375.0
206	63375.0
207	63375.0
208	63375.0
209	63375.0
210	30976.0
211	30976.0
212	30976.0
213	30976.0
214	30976.0
215	94552.0
216	94552.0
217	94552.0
218	94552.0
219	94552.0
220	321803.0
221	321803.0
222	321803.0
223	321803.0
224	321803.0
225	190427.0
226	190427.0
227	190427.0
228	190427.0
229	190427.0
230	240998.0
231	240998.0
232	240998.0
233	240998.0
234	240998.0
235	333900.0
236	333900.0
237	333900.0
238	333900.0
239	333900.0
240	76017.0
241	76017.0
242	76017.0
243	76017.0
244	76017.0
245	325688.0
246	325688.0
247	325688.0
248	325688.0
249	325688.0
