0	90749.0
1	90749.0
2	90749.0
3	90749.0
4	90749.0
5	28122.0
6	28122.0
7	28122.0
8	28122.0
9	28122.0
10	157705.0
11	157705.0
12	157705.0
13	157705.0
14	157705.0
15	16470.0
16	16470.0
17	16470.0
18	16470.0
19	16470.0
20	56424.0
21	56424.0
22	56424.0
23	56424.0
24	56424.0
25	294297.0
26	294297.0
27	294297.0
28	294297.0
29	294297.0
30	279887.0
31	279887.0
32	279887.0
33	279887.0
34	279887.0
35	58708.0
36	58708.0
37	58708.0
38	58708.0
39	58708.0
40	328844.0
41	328844.0
42	328844.0
43	328844.0
44	328844.0
45	116619.0
46	116619.0
47	116619.0
48	116619.0
49	116619.0
50	257920.0
51	257920.0
52	257920.0
53	257920.0
54	257920.0
55	194142.0
56	194142.0
57	194142.0
58	194142.0
59	194142.0
60	309638.0
61	309638.0
62	309638.0
63	309638.0
64	309638.0
65	255454.0
66	255454.0
67	255454.0
68	255454.0
69	255454.0
70	76485.0
71	76485.0
72	76485.0
73	76485.0
74	76485.0
75	155852.0
76	155852.0
77	155852.0
78	155852.0
79	155852.0
80	127031.0
81	127031.0
82	127031.0
83	127031.0
84	127031.0
85	251574.0
86	251574.0
87	251574.0
88	251574.0
89	251574.0
90	309211.0
91	309211.0
92	309211.0
93	309211.0
94	309211.0
95	179122.0
96	179122.0
97	179122.0
98	179122.0
99	179122.0
100	79763.0
101	79763.0
102	79763.0
103	79763.0
104	79763.0
105	174301.0
106	174301.0
107	174301.0
108	174301.0
109	174301.0
110	94846.0
111	94846.0
112	94846.0
113	94846.0
114	94846.0
115	268370.0
116	268370.0
117	268370.0
118	268370.0
119	268370.0
120	201764.0
121	201764.0
122	201764.0
123	201764.0
124	201764.0
125	278604.0
126	278604.0
127	278604.0
128	278604.0
129	278604.0
130	72256.0
131	72256.0
132	72256.0
133	72256.0
134	72256.0
135	180574.0
136	180574.0
137	180574.0
138	180574.0
139	180574.0
140	25277.0
141	25277.0
142	25277.0
143	25277.0
144	25277.0
145	111064.0
146	111064.0
147	111064.0
148	111064.0
149	111064.0
150	172598.0
151	172598.0
152	172598.0
153	172598.0
154	172598.0
155	323153.0
156	323153.0
157	323153.0
158	323153.0
159	323153.0
160	252595.0
161	252595.0
162	252595.0
163	252595.0
164	252595.0
165	23666.0
166	23666.0
167	23666.0
168	23666.0
169	23666.0
170	141913.0
171	141913.0
172	141913.0
173	141913.0
174	141913.0
175	159349.0
176	159349.0
177	159349.0
178	159349.0
179	159349.0
180	130963.0
181	130963.0
182	130963.0
183	130963.0
184	130963.0
185	147230.0
186	147230.0
187	147230.0
188	147230.0
189	147230.0
190	151052.0
191	151052.0
192	151052.0
193	151052.0
194	151052.0
195	1623.0
196	1623.0
197	1623.0
198	1623.0
199	1623.0
200	213396.0
201	213396.0
202	213396.0
203	213396.0
204	213396.0
205	94829.0
206	94829.0
207	94829.0
208	94829.0
209	94829.0
210	205572.0
211	205572.0
212	205572.0
213	205572.0
214	205572.0
215	77504.0
216	77504.0
217	77504.0
218	77504.0
219	77504.0
220	155775.0
221	155775.0
222	155775.0
223	155775.0
224	155775.0
225	111131.0
226	111131.0
227	111131.0
228	111131.0
229	111131.0
230	77475.0
231	77475.0
232	77475.0
233	77475.0
234	77475.0
235	36462.0
236	36462.0
237	36462.0
238	36462.0
239	36462.0
240	92396.0
241	92396.0
242	92396.0
243	92396.0
244	92396.0
245	96049.0
246	96049.0
247	96049.0
248	96049.0
249	96049.0
