0	37367.0
1	37367.0
2	37367.0
3	37367.0
4	37367.0
5	227152.0
6	227152.0
7	227152.0
8	227152.0
9	227152.0
10	127256.0
11	127256.0
12	127256.0
13	127256.0
14	127256.0
15	65324.0
16	65324.0
17	65324.0
18	65324.0
19	65324.0
20	23027.0
21	23027.0
22	23027.0
23	23027.0
24	23027.0
25	185740.0
26	185740.0
27	185740.0
28	185740.0
29	185740.0
30	22764.0
31	22764.0
32	22764.0
33	22764.0
34	22764.0
35	195055.0
36	195055.0
37	195055.0
38	195055.0
39	195055.0
40	220272.0
41	220272.0
42	220272.0
43	220272.0
44	220272.0
45	75220.0
46	75220.0
47	75220.0
48	75220.0
49	75220.0
50	227618.0
51	227618.0
52	227618.0
53	227618.0
54	227618.0
55	256350.0
56	256350.0
57	256350.0
58	256350.0
59	256350.0
60	241424.0
61	241424.0
62	241424.0
63	241424.0
64	241424.0
65	207264.0
66	207264.0
67	207264.0
68	207264.0
69	207264.0
70	108807.0
71	108807.0
72	108807.0
73	108807.0
74	108807.0
75	18518.0
76	18518.0
77	18518.0
78	18518.0
79	18518.0
80	70165.0
81	70165.0
82	70165.0
83	70165.0
84	70165.0
85	154285.0
86	154285.0
87	154285.0
88	154285.0
89	154285.0
90	145856.0
91	145856.0
92	145856.0
93	145856.0
94	145856.0
95	78805.0
96	78805.0
97	78805.0
98	78805.0
99	78805.0
100	217432.0
101	217432.0
102	217432.0
103	217432.0
104	217432.0
105	62385.0
106	62385.0
107	62385.0
108	62385.0
109	62385.0
110	195729.0
111	195729.0
112	195729.0
113	195729.0
114	195729.0
115	236811.0
116	236811.0
117	236811.0
118	236811.0
119	236811.0
120	168733.0
121	168733.0
122	168733.0
123	168733.0
124	168733.0
125	144014.0
126	144014.0
127	144014.0
128	144014.0
129	144014.0
130	230417.0
131	230417.0
132	230417.0
133	230417.0
134	230417.0
135	185698.0
136	185698.0
137	185698.0
138	185698.0
139	185698.0
140	147499.0
141	147499.0
142	147499.0
143	147499.0
144	147499.0
145	186382.0
146	186382.0
147	186382.0
148	186382.0
149	186382.0
150	247165.0
151	247165.0
152	247165.0
153	247165.0
154	247165.0
155	88987.0
156	88987.0
157	88987.0
158	88987.0
159	88987.0
160	63133.0
161	63133.0
162	63133.0
163	63133.0
164	63133.0
165	258103.0
166	258103.0
167	258103.0
168	258103.0
169	258103.0
170	224349.0
171	224349.0
172	224349.0
173	224349.0
174	224349.0
175	189517.0
176	189517.0
177	189517.0
178	189517.0
179	189517.0
180	87367.0
181	87367.0
182	87367.0
183	87367.0
184	87367.0
185	109588.0
186	109588.0
187	109588.0
188	109588.0
189	109588.0
190	194764.0
191	194764.0
192	194764.0
193	194764.0
194	194764.0
195	181430.0
196	181430.0
197	181430.0
198	181430.0
199	181430.0
200	154855.0
201	154855.0
202	154855.0
203	154855.0
204	154855.0
205	68603.0
206	68603.0
207	68603.0
208	68603.0
209	68603.0
210	77190.0
211	77190.0
212	77190.0
213	77190.0
214	77190.0
215	155237.0
216	155237.0
217	155237.0
218	155237.0
219	155237.0
220	8666.0
221	8666.0
222	8666.0
223	8666.0
224	8666.0
225	183540.0
226	183540.0
227	183540.0
228	183540.0
229	183540.0
230	67406.0
231	67406.0
232	67406.0
233	67406.0
234	67406.0
235	125449.0
236	125449.0
237	125449.0
238	125449.0
239	125449.0
240	102626.0
241	102626.0
242	102626.0
243	102626.0
244	102626.0
245	77837.0
246	77837.0
247	77837.0
248	77837.0
249	77837.0
