0	297240.0
1	297240.0
2	297240.0
3	297240.0
4	297240.0
5	140618.0
6	140618.0
7	140618.0
8	140618.0
9	140618.0
10	351999.0
11	351999.0
12	351999.0
13	351999.0
14	351999.0
15	275909.0
16	275909.0
17	275909.0
18	275909.0
19	275909.0
20	227467.0
21	227467.0
22	227467.0
23	227467.0
24	227467.0
25	54781.0
26	54781.0
27	54781.0
28	54781.0
29	54781.0
30	219262.0
31	219262.0
32	219262.0
33	219262.0
34	219262.0
35	45029.0
36	45029.0
37	45029.0
38	45029.0
39	45029.0
40	258752.0
41	258752.0
42	258752.0
43	258752.0
44	258752.0
45	102488.0
46	102488.0
47	102488.0
48	102488.0
49	102488.0
50	59066.0
51	59066.0
52	59066.0
53	59066.0
54	59066.0
55	252575.0
56	252575.0
57	252575.0
58	252575.0
59	252575.0
60	207348.0
61	207348.0
62	207348.0
63	207348.0
64	207348.0
65	409244.0
66	409244.0
67	409244.0
68	409244.0
69	409244.0
70	434674.0
71	434674.0
72	434674.0
73	434674.0
74	434674.0
75	508958.0
76	508958.0
77	508958.0
78	508958.0
79	508958.0
80	276348.0
81	276348.0
82	276348.0
83	276348.0
84	276348.0
85	207177.0
86	207177.0
87	207177.0
88	207177.0
89	207177.0
90	205497.0
91	205497.0
92	205497.0
93	205497.0
94	205497.0
95	183962.0
96	183962.0
97	183962.0
98	183962.0
99	183962.0
100	550581.0
101	550581.0
102	550581.0
103	550581.0
104	550581.0
105	329700.0
106	329700.0
107	329700.0
108	329700.0
109	329700.0
110	111454.0
111	111454.0
112	111454.0
113	111454.0
114	111454.0
115	413910.0
116	413910.0
117	413910.0
118	413910.0
119	413910.0
120	319448.0
121	319448.0
122	319448.0
123	319448.0
124	319448.0
125	246711.0
126	246711.0
127	246711.0
128	246711.0
129	246711.0
130	64646.0
131	64646.0
132	64646.0
133	64646.0
134	64646.0
135	232761.0
136	232761.0
137	232761.0
138	232761.0
139	232761.0
140	569383.0
141	569383.0
142	569383.0
143	569383.0
144	569383.0
145	286728.0
146	286728.0
147	286728.0
148	286728.0
149	286728.0
150	136687.0
151	136687.0
152	136687.0
153	136687.0
154	136687.0
155	510212.0
156	510212.0
157	510212.0
158	510212.0
159	510212.0
160	69576.0
161	69576.0
162	69576.0
163	69576.0
164	69576.0
165	44078.0
166	44078.0
167	44078.0
168	44078.0
169	44078.0
170	487239.0
171	487239.0
172	487239.0
173	487239.0
174	487239.0
175	9269.0
176	9269.0
177	9269.0
178	9269.0
179	9269.0
180	531732.0
181	531732.0
182	531732.0
183	531732.0
184	531732.0
185	271320.0
186	271320.0
187	271320.0
188	271320.0
189	271320.0
190	271833.0
191	271833.0
192	271833.0
193	271833.0
194	271833.0
195	370901.0
196	370901.0
197	370901.0
198	370901.0
199	370901.0
200	110717.0
201	110717.0
202	110717.0
203	110717.0
204	110717.0
205	388918.0
206	388918.0
207	388918.0
208	388918.0
209	388918.0
210	81662.0
211	81662.0
212	81662.0
213	81662.0
214	81662.0
215	426845.0
216	426845.0
217	426845.0
218	426845.0
219	426845.0
220	119723.0
221	119723.0
222	119723.0
223	119723.0
224	119723.0
225	139834.0
226	139834.0
227	139834.0
228	139834.0
229	139834.0
230	237109.0
231	237109.0
232	237109.0
233	237109.0
234	237109.0
235	583459.0
236	583459.0
237	583459.0
238	583459.0
239	583459.0
240	173652.0
241	173652.0
242	173652.0
243	173652.0
244	173652.0
245	20970.0
246	20970.0
247	20970.0
248	20970.0
249	20970.0
