0	594630.0
1	594630.0
2	594630.0
3	594630.0
4	594630.0
5	140401.0
6	140401.0
7	140401.0
8	140401.0
9	140401.0
10	515722.0
11	515722.0
12	515722.0
13	515722.0
14	515722.0
15	491636.0
16	491636.0
17	491636.0
18	491636.0
19	491636.0
20	263465.0
21	263465.0
22	263465.0
23	263465.0
24	263465.0
25	71371.0
26	71371.0
27	71371.0
28	71371.0
29	71371.0
30	554248.0
31	554248.0
32	554248.0
33	554248.0
34	554248.0
35	486361.0
36	486361.0
37	486361.0
38	486361.0
39	486361.0
40	430007.0
41	430007.0
42	430007.0
43	430007.0
44	430007.0
45	475130.0
46	475130.0
47	475130.0
48	475130.0
49	475130.0
50	60451.0
51	60451.0
52	60451.0
53	60451.0
54	60451.0
55	414373.0
56	414373.0
57	414373.0
58	414373.0
59	414373.0
60	579330.0
61	579330.0
62	579330.0
63	579330.0
64	579330.0
65	22658.0
66	22658.0
67	22658.0
68	22658.0
69	22658.0
70	126965.0
71	126965.0
72	126965.0
73	126965.0
74	126965.0
75	457139.0
76	457139.0
77	457139.0
78	457139.0
79	457139.0
80	444006.0
81	444006.0
82	444006.0
83	444006.0
84	444006.0
85	265357.0
86	265357.0
87	265357.0
88	265357.0
89	265357.0
90	368126.0
91	368126.0
92	368126.0
93	368126.0
94	368126.0
95	555486.0
96	555486.0
97	555486.0
98	555486.0
99	555486.0
100	83618.0
101	83618.0
102	83618.0
103	83618.0
104	83618.0
105	352175.0
106	352175.0
107	352175.0
108	352175.0
109	352175.0
110	105409.0
111	105409.0
112	105409.0
113	105409.0
114	105409.0
115	308136.0
116	308136.0
117	308136.0
118	308136.0
119	308136.0
120	461627.0
121	461627.0
122	461627.0
123	461627.0
124	461627.0
125	122362.0
126	122362.0
127	122362.0
128	122362.0
129	122362.0
130	26651.0
131	26651.0
132	26651.0
133	26651.0
134	26651.0
135	42944.0
136	42944.0
137	42944.0
138	42944.0
139	42944.0
140	45573.0
141	45573.0
142	45573.0
143	45573.0
144	45573.0
145	426456.0
146	426456.0
147	426456.0
148	426456.0
149	426456.0
150	573844.0
151	573844.0
152	573844.0
153	573844.0
154	573844.0
155	354377.0
156	354377.0
157	354377.0
158	354377.0
159	354377.0
160	53939.0
161	53939.0
162	53939.0
163	53939.0
164	53939.0
165	601280.0
166	601280.0
167	601280.0
168	601280.0
169	601280.0
170	353610.0
171	353610.0
172	353610.0
173	353610.0
174	353610.0
175	419112.0
176	419112.0
177	419112.0
178	419112.0
179	419112.0
180	553929.0
181	553929.0
182	553929.0
183	553929.0
184	553929.0
185	130780.0
186	130780.0
187	130780.0
188	130780.0
189	130780.0
190	169785.0
191	169785.0
192	169785.0
193	169785.0
194	169785.0
195	37390.0
196	37390.0
197	37390.0
198	37390.0
199	37390.0
200	267667.0
201	267667.0
202	267667.0
203	267667.0
204	267667.0
205	34663.0
206	34663.0
207	34663.0
208	34663.0
209	34663.0
210	174832.0
211	174832.0
212	174832.0
213	174832.0
214	174832.0
215	496125.0
216	496125.0
217	496125.0
218	496125.0
219	496125.0
220	400459.0
221	400459.0
222	400459.0
223	400459.0
224	400459.0
225	424662.0
226	424662.0
227	424662.0
228	424662.0
229	424662.0
230	533050.0
231	533050.0
232	533050.0
233	533050.0
234	533050.0
235	415269.0
236	415269.0
237	415269.0
238	415269.0
239	415269.0
240	322824.0
241	322824.0
242	322824.0
243	322824.0
244	322824.0
245	18383.0
246	18383.0
247	18383.0
248	18383.0
249	18383.0
