0	280047.0
1	280047.0
2	280047.0
3	280047.0
4	280047.0
5	58886.0
6	58886.0
7	58886.0
8	58886.0
9	58886.0
10	50075.0
11	50075.0
12	50075.0
13	50075.0
14	50075.0
15	190596.0
16	190596.0
17	190596.0
18	190596.0
19	190596.0
20	250345.0
21	250345.0
22	250345.0
23	250345.0
24	250345.0
25	246050.0
26	246050.0
27	246050.0
28	246050.0
29	246050.0
30	546005.0
31	546005.0
32	546005.0
33	546005.0
34	546005.0
35	531805.0
36	531805.0
37	531805.0
38	531805.0
39	531805.0
40	443030.0
41	443030.0
42	443030.0
43	443030.0
44	443030.0
45	160387.0
46	160387.0
47	160387.0
48	160387.0
49	160387.0
50	542699.0
51	542699.0
52	542699.0
53	542699.0
54	542699.0
55	150911.0
56	150911.0
57	150911.0
58	150911.0
59	150911.0
60	339675.0
61	339675.0
62	339675.0
63	339675.0
64	339675.0
65	89048.0
66	89048.0
67	89048.0
68	89048.0
69	89048.0
70	337269.0
71	337269.0
72	337269.0
73	337269.0
74	337269.0
75	359453.0
76	359453.0
77	359453.0
78	359453.0
79	359453.0
80	138522.0
81	138522.0
82	138522.0
83	138522.0
84	138522.0
85	272964.0
86	272964.0
87	272964.0
88	272964.0
89	272964.0
90	546129.0
91	546129.0
92	546129.0
93	546129.0
94	546129.0
95	249541.0
96	249541.0
97	249541.0
98	249541.0
99	249541.0
100	174423.0
101	174423.0
102	174423.0
103	174423.0
104	174423.0
105	391879.0
106	391879.0
107	391879.0
108	391879.0
109	391879.0
110	27232.0
111	27232.0
112	27232.0
113	27232.0
114	27232.0
115	282423.0
116	282423.0
117	282423.0
118	282423.0
119	282423.0
120	306464.0
121	306464.0
122	306464.0
123	306464.0
124	306464.0
125	360934.0
126	360934.0
127	360934.0
128	360934.0
129	360934.0
130	62114.0
131	62114.0
132	62114.0
133	62114.0
134	62114.0
135	86862.0
136	86862.0
137	86862.0
138	86862.0
139	86862.0
140	234139.0
141	234139.0
142	234139.0
143	234139.0
144	234139.0
145	175233.0
146	175233.0
147	175233.0
148	175233.0
149	175233.0
150	208972.0
151	208972.0
152	208972.0
153	208972.0
154	208972.0
155	64283.0
156	64283.0
157	64283.0
158	64283.0
159	64283.0
160	335013.0
161	335013.0
162	335013.0
163	335013.0
164	335013.0
165	321895.0
166	321895.0
167	321895.0
168	321895.0
169	321895.0
170	394410.0
171	394410.0
172	394410.0
173	394410.0
174	394410.0
175	416774.0
176	416774.0
177	416774.0
178	416774.0
179	416774.0
180	150702.0
181	150702.0
182	150702.0
183	150702.0
184	150702.0
185	66569.0
186	66569.0
187	66569.0
188	66569.0
189	66569.0
190	347148.0
191	347148.0
192	347148.0
193	347148.0
194	347148.0
195	280100.0
196	280100.0
197	280100.0
198	280100.0
199	280100.0
200	569109.0
201	569109.0
202	569109.0
203	569109.0
204	569109.0
205	564898.0
206	564898.0
207	564898.0
208	564898.0
209	564898.0
210	489388.0
211	489388.0
212	489388.0
213	489388.0
214	489388.0
215	442699.0
216	442699.0
217	442699.0
218	442699.0
219	442699.0
220	475471.0
221	475471.0
222	475471.0
223	475471.0
224	475471.0
225	511559.0
226	511559.0
227	511559.0
228	511559.0
229	511559.0
230	485157.0
231	485157.0
232	485157.0
233	485157.0
234	485157.0
235	233127.0
236	233127.0
237	233127.0
238	233127.0
239	233127.0
240	78282.0
241	78282.0
242	78282.0
243	78282.0
244	78282.0
245	399179.0
246	399179.0
247	399179.0
248	399179.0
249	399179.0
