0	236425.0
1	236425.0
2	236425.0
3	236425.0
4	236425.0
5	45183.0
6	45183.0
7	45183.0
8	45183.0
9	45183.0
10	195072.0
11	195072.0
12	195072.0
13	195072.0
14	195072.0
15	586325.0
16	586325.0
17	586325.0
18	586325.0
19	586325.0
20	600703.0
21	600703.0
22	600703.0
23	600703.0
24	600703.0
25	272535.0
26	272535.0
27	272535.0
28	272535.0
29	272535.0
30	448247.0
31	448247.0
32	448247.0
33	448247.0
34	448247.0
35	355916.0
36	355916.0
37	355916.0
38	355916.0
39	355916.0
40	362974.0
41	362974.0
42	362974.0
43	362974.0
44	362974.0
45	33818.0
46	33818.0
47	33818.0
48	33818.0
49	33818.0
50	306664.0
51	306664.0
52	306664.0
53	306664.0
54	306664.0
55	559211.0
56	559211.0
57	559211.0
58	559211.0
59	559211.0
60	303442.0
61	303442.0
62	303442.0
63	303442.0
64	303442.0
65	175013.0
66	175013.0
67	175013.0
68	175013.0
69	175013.0
70	199866.0
71	199866.0
72	199866.0
73	199866.0
74	199866.0
75	121820.0
76	121820.0
77	121820.0
78	121820.0
79	121820.0
80	242119.0
81	242119.0
82	242119.0
83	242119.0
84	242119.0
85	63644.0
86	63644.0
87	63644.0
88	63644.0
89	63644.0
90	420388.0
91	420388.0
92	420388.0
93	420388.0
94	420388.0
95	393413.0
96	393413.0
97	393413.0
98	393413.0
99	393413.0
100	208446.0
101	208446.0
102	208446.0
103	208446.0
104	208446.0
105	197336.0
106	197336.0
107	197336.0
108	197336.0
109	197336.0
110	154732.0
111	154732.0
112	154732.0
113	154732.0
114	154732.0
115	186648.0
116	186648.0
117	186648.0
118	186648.0
119	186648.0
120	28744.0
121	28744.0
122	28744.0
123	28744.0
124	28744.0
125	434337.0
126	434337.0
127	434337.0
128	434337.0
129	434337.0
130	188514.0
131	188514.0
132	188514.0
133	188514.0
134	188514.0
135	241024.0
136	241024.0
137	241024.0
138	241024.0
139	241024.0
140	527132.0
141	527132.0
142	527132.0
143	527132.0
144	527132.0
145	271001.0
146	271001.0
147	271001.0
148	271001.0
149	271001.0
150	454304.0
151	454304.0
152	454304.0
153	454304.0
154	454304.0
155	411016.0
156	411016.0
157	411016.0
158	411016.0
159	411016.0
160	159549.0
161	159549.0
162	159549.0
163	159549.0
164	159549.0
165	14498.0
166	14498.0
167	14498.0
168	14498.0
169	14498.0
170	300517.0
171	300517.0
172	300517.0
173	300517.0
174	300517.0
175	44694.0
176	44694.0
177	44694.0
178	44694.0
179	44694.0
180	267605.0
181	267605.0
182	267605.0
183	267605.0
184	267605.0
185	27482.0
186	27482.0
187	27482.0
188	27482.0
189	27482.0
190	535337.0
191	535337.0
192	535337.0
193	535337.0
194	535337.0
195	422416.0
196	422416.0
197	422416.0
198	422416.0
199	422416.0
200	554962.0
201	554962.0
202	554962.0
203	554962.0
204	554962.0
205	84638.0
206	84638.0
207	84638.0
208	84638.0
209	84638.0
210	383659.0
211	383659.0
212	383659.0
213	383659.0
214	383659.0
215	478138.0
216	478138.0
217	478138.0
218	478138.0
219	478138.0
220	111897.0
221	111897.0
222	111897.0
223	111897.0
224	111897.0
225	350363.0
226	350363.0
227	350363.0
228	350363.0
229	350363.0
230	407832.0
231	407832.0
232	407832.0
233	407832.0
234	407832.0
235	300231.0
236	300231.0
237	300231.0
238	300231.0
239	300231.0
240	264709.0
241	264709.0
242	264709.0
243	264709.0
244	264709.0
245	195432.0
246	195432.0
247	195432.0
248	195432.0
249	195432.0
