0	142125.0
1	142125.0
2	142125.0
3	142125.0
4	142125.0
5	602953.0
6	602953.0
7	602953.0
8	602953.0
9	602953.0
10	242245.0
11	242245.0
12	242245.0
13	242245.0
14	242245.0
15	448654.0
16	448654.0
17	448654.0
18	448654.0
19	448654.0
20	346943.0
21	346943.0
22	346943.0
23	346943.0
24	346943.0
25	420752.0
26	420752.0
27	420752.0
28	420752.0
29	420752.0
30	189545.0
31	189545.0
32	189545.0
33	189545.0
34	189545.0
35	19936.0
36	19936.0
37	19936.0
38	19936.0
39	19936.0
40	91773.0
41	91773.0
42	91773.0
43	91773.0
44	91773.0
45	385937.0
46	385937.0
47	385937.0
48	385937.0
49	385937.0
50	449650.0
51	449650.0
52	449650.0
53	449650.0
54	449650.0
55	203568.0
56	203568.0
57	203568.0
58	203568.0
59	203568.0
60	258107.0
61	258107.0
62	258107.0
63	258107.0
64	258107.0
65	415251.0
66	415251.0
67	415251.0
68	415251.0
69	415251.0
70	163325.0
71	163325.0
72	163325.0
73	163325.0
74	163325.0
75	11824.0
76	11824.0
77	11824.0
78	11824.0
79	11824.0
80	350875.0
81	350875.0
82	350875.0
83	350875.0
84	350875.0
85	315267.0
86	315267.0
87	315267.0
88	315267.0
89	315267.0
90	507012.0
91	507012.0
92	507012.0
93	507012.0
94	507012.0
95	552119.0
96	552119.0
97	552119.0
98	552119.0
99	552119.0
100	259091.0
101	259091.0
102	259091.0
103	259091.0
104	259091.0
105	581131.0
106	581131.0
107	581131.0
108	581131.0
109	581131.0
110	431833.0
111	431833.0
112	431833.0
113	431833.0
114	431833.0
115	371458.0
116	371458.0
117	371458.0
118	371458.0
119	371458.0
120	277096.0
121	277096.0
122	277096.0
123	277096.0
124	277096.0
125	26701.0
126	26701.0
127	26701.0
128	26701.0
129	26701.0
130	235787.0
131	235787.0
132	235787.0
133	235787.0
134	235787.0
135	87923.0
136	87923.0
137	87923.0
138	87923.0
139	87923.0
140	33430.0
141	33430.0
142	33430.0
143	33430.0
144	33430.0
145	461850.0
146	461850.0
147	461850.0
148	461850.0
149	461850.0
150	234825.0
151	234825.0
152	234825.0
153	234825.0
154	234825.0
155	435207.0
156	435207.0
157	435207.0
158	435207.0
159	435207.0
160	232257.0
161	232257.0
162	232257.0
163	232257.0
164	232257.0
165	29350.0
166	29350.0
167	29350.0
168	29350.0
169	29350.0
170	48277.0
171	48277.0
172	48277.0
173	48277.0
174	48277.0
175	578833.0
176	578833.0
177	578833.0
178	578833.0
179	578833.0
180	593913.0
181	593913.0
182	593913.0
183	593913.0
184	593913.0
185	516814.0
186	516814.0
187	516814.0
188	516814.0
189	516814.0
190	105998.0
191	105998.0
192	105998.0
193	105998.0
194	105998.0
195	498734.0
196	498734.0
197	498734.0
198	498734.0
199	498734.0
200	69677.0
201	69677.0
202	69677.0
203	69677.0
204	69677.0
205	22116.0
206	22116.0
207	22116.0
208	22116.0
209	22116.0
210	370701.0
211	370701.0
212	370701.0
213	370701.0
214	370701.0
215	359642.0
216	359642.0
217	359642.0
218	359642.0
219	359642.0
220	90704.0
221	90704.0
222	90704.0
223	90704.0
224	90704.0
225	97231.0
226	97231.0
227	97231.0
228	97231.0
229	97231.0
230	145254.0
231	145254.0
232	145254.0
233	145254.0
234	145254.0
235	570671.0
236	570671.0
237	570671.0
238	570671.0
239	570671.0
240	150626.0
241	150626.0
242	150626.0
243	150626.0
244	150626.0
245	277519.0
246	277519.0
247	277519.0
248	277519.0
249	277519.0
