0	119682.0
1	119682.0
2	119682.0
3	119682.0
4	119682.0
5	95476.0
6	95476.0
7	95476.0
8	95476.0
9	95476.0
10	262366.0
11	262366.0
12	262366.0
13	262366.0
14	262366.0
15	2242.0
16	2242.0
17	2242.0
18	2242.0
19	2242.0
20	349950.0
21	349950.0
22	349950.0
23	349950.0
24	349950.0
25	18094.0
26	18094.0
27	18094.0
28	18094.0
29	18094.0
30	96166.0
31	96166.0
32	96166.0
33	96166.0
34	96166.0
35	370751.0
36	370751.0
37	370751.0
38	370751.0
39	370751.0
40	263527.0
41	263527.0
42	263527.0
43	263527.0
44	263527.0
45	19421.0
46	19421.0
47	19421.0
48	19421.0
49	19421.0
50	46382.0
51	46382.0
52	46382.0
53	46382.0
54	46382.0
55	308513.0
56	308513.0
57	308513.0
58	308513.0
59	308513.0
60	527513.0
61	527513.0
62	527513.0
63	527513.0
64	527513.0
65	336930.0
66	336930.0
67	336930.0
68	336930.0
69	336930.0
70	61824.0
71	61824.0
72	61824.0
73	61824.0
74	61824.0
75	15660.0
76	15660.0
77	15660.0
78	15660.0
79	15660.0
80	429141.0
81	429141.0
82	429141.0
83	429141.0
84	429141.0
85	508640.0
86	508640.0
87	508640.0
88	508640.0
89	508640.0
90	334948.0
91	334948.0
92	334948.0
93	334948.0
94	334948.0
95	143729.0
96	143729.0
97	143729.0
98	143729.0
99	143729.0
100	251977.0
101	251977.0
102	251977.0
103	251977.0
104	251977.0
105	544082.0
106	544082.0
107	544082.0
108	544082.0
109	544082.0
110	158554.0
111	158554.0
112	158554.0
113	158554.0
114	158554.0
115	502791.0
116	502791.0
117	502791.0
118	502791.0
119	502791.0
120	510881.0
121	510881.0
122	510881.0
123	510881.0
124	510881.0
125	364542.0
126	364542.0
127	364542.0
128	364542.0
129	364542.0
130	257201.0
131	257201.0
132	257201.0
133	257201.0
134	257201.0
135	118524.0
136	118524.0
137	118524.0
138	118524.0
139	118524.0
140	295534.0
141	295534.0
142	295534.0
143	295534.0
144	295534.0
145	373144.0
146	373144.0
147	373144.0
148	373144.0
149	373144.0
150	243205.0
151	243205.0
152	243205.0
153	243205.0
154	243205.0
155	250127.0
156	250127.0
157	250127.0
158	250127.0
159	250127.0
160	201781.0
161	201781.0
162	201781.0
163	201781.0
164	201781.0
165	519591.0
166	519591.0
167	519591.0
168	519591.0
169	519591.0
170	146901.0
171	146901.0
172	146901.0
173	146901.0
174	146901.0
175	17491.0
176	17491.0
177	17491.0
178	17491.0
179	17491.0
180	8687.0
181	8687.0
182	8687.0
183	8687.0
184	8687.0
185	586686.0
186	586686.0
187	586686.0
188	586686.0
189	586686.0
190	16099.0
191	16099.0
192	16099.0
193	16099.0
194	16099.0
195	356553.0
196	356553.0
197	356553.0
198	356553.0
199	356553.0
200	52389.0
201	52389.0
202	52389.0
203	52389.0
204	52389.0
205	12529.0
206	12529.0
207	12529.0
208	12529.0
209	12529.0
210	309448.0
211	309448.0
212	309448.0
213	309448.0
214	309448.0
215	441606.0
216	441606.0
217	441606.0
218	441606.0
219	441606.0
220	270184.0
221	270184.0
222	270184.0
223	270184.0
224	270184.0
225	47584.0
226	47584.0
227	47584.0
228	47584.0
229	47584.0
230	322579.0
231	322579.0
232	322579.0
233	322579.0
234	322579.0
235	138102.0
236	138102.0
237	138102.0
238	138102.0
239	138102.0
240	233652.0
241	233652.0
242	233652.0
243	233652.0
244	233652.0
245	248350.0
246	248350.0
247	248350.0
248	248350.0
249	248350.0
