0	354610.0
1	354610.0
2	354610.0
3	354610.0
4	354610.0
5	475791.0
6	475791.0
7	475791.0
8	475791.0
9	475791.0
10	623985.0
11	623985.0
12	623985.0
13	623985.0
14	623985.0
15	24615.0
16	24615.0
17	24615.0
18	24615.0
19	24615.0
20	333953.0
21	333953.0
22	333953.0
23	333953.0
24	333953.0
25	579165.0
26	579165.0
27	579165.0
28	579165.0
29	579165.0
30	695506.0
31	695506.0
32	695506.0
33	695506.0
34	695506.0
35	457675.0
36	457675.0
37	457675.0
38	457675.0
39	457675.0
40	783384.0
41	783384.0
42	783384.0
43	783384.0
44	783384.0
45	309207.0
46	309207.0
47	309207.0
48	309207.0
49	309207.0
50	678106.0
51	678106.0
52	678106.0
53	678106.0
54	678106.0
55	22439.0
56	22439.0
57	22439.0
58	22439.0
59	22439.0
60	508728.0
61	508728.0
62	508728.0
63	508728.0
64	508728.0
65	668453.0
66	668453.0
67	668453.0
68	668453.0
69	668453.0
70	772126.0
71	772126.0
72	772126.0
73	772126.0
74	772126.0
75	398323.0
76	398323.0
77	398323.0
78	398323.0
79	398323.0
80	417653.0
81	417653.0
82	417653.0
83	417653.0
84	417653.0
85	613110.0
86	613110.0
87	613110.0
88	613110.0
89	613110.0
90	761430.0
91	761430.0
92	761430.0
93	761430.0
94	761430.0
95	138761.0
96	138761.0
97	138761.0
98	138761.0
99	138761.0
100	213708.0
101	213708.0
102	213708.0
103	213708.0
104	213708.0
105	607219.0
106	607219.0
107	607219.0
108	607219.0
109	607219.0
110	825092.0
111	825092.0
112	825092.0
113	825092.0
114	825092.0
115	573031.0
116	573031.0
117	573031.0
118	573031.0
119	573031.0
120	342276.0
121	342276.0
122	342276.0
123	342276.0
124	342276.0
125	541149.0
126	541149.0
127	541149.0
128	541149.0
129	541149.0
130	551675.0
131	551675.0
132	551675.0
133	551675.0
134	551675.0
135	705587.0
136	705587.0
137	705587.0
138	705587.0
139	705587.0
140	439148.0
141	439148.0
142	439148.0
143	439148.0
144	439148.0
145	17690.0
146	17690.0
147	17690.0
148	17690.0
149	17690.0
150	806121.0
151	806121.0
152	806121.0
153	806121.0
154	806121.0
155	171072.0
156	171072.0
157	171072.0
158	171072.0
159	171072.0
160	295890.0
161	295890.0
162	295890.0
163	295890.0
164	295890.0
165	274265.0
166	274265.0
167	274265.0
168	274265.0
169	274265.0
170	531869.0
171	531869.0
172	531869.0
173	531869.0
174	531869.0
175	103442.0
176	103442.0
177	103442.0
178	103442.0
179	103442.0
180	826995.0
181	826995.0
182	826995.0
183	826995.0
184	826995.0
185	589430.0
186	589430.0
187	589430.0
188	589430.0
189	589430.0
190	825159.0
191	825159.0
192	825159.0
193	825159.0
194	825159.0
195	27178.0
196	27178.0
197	27178.0
198	27178.0
199	27178.0
200	171765.0
201	171765.0
202	171765.0
203	171765.0
204	171765.0
205	226379.0
206	226379.0
207	226379.0
208	226379.0
209	226379.0
210	333361.0
211	333361.0
212	333361.0
213	333361.0
214	333361.0
215	396167.0
216	396167.0
217	396167.0
218	396167.0
219	396167.0
220	272234.0
221	272234.0
222	272234.0
223	272234.0
224	272234.0
225	507027.0
226	507027.0
227	507027.0
228	507027.0
229	507027.0
230	160103.0
231	160103.0
232	160103.0
233	160103.0
234	160103.0
235	306496.0
236	306496.0
237	306496.0
238	306496.0
239	306496.0
240	463920.0
241	463920.0
242	463920.0
243	463920.0
244	463920.0
245	110438.0
246	110438.0
247	110438.0
248	110438.0
249	110438.0
