0	59974.0
1	59974.0
2	59974.0
3	59974.0
4	59974.0
5	221681.0
6	221681.0
7	221681.0
8	221681.0
9	221681.0
10	191606.0
11	191606.0
12	191606.0
13	191606.0
14	191606.0
15	506871.0
16	506871.0
17	506871.0
18	506871.0
19	506871.0
20	787824.0
21	787824.0
22	787824.0
23	787824.0
24	787824.0
25	188002.0
26	188002.0
27	188002.0
28	188002.0
29	188002.0
30	300784.0
31	300784.0
32	300784.0
33	300784.0
34	300784.0
35	69837.0
36	69837.0
37	69837.0
38	69837.0
39	69837.0
40	84189.0
41	84189.0
42	84189.0
43	84189.0
44	84189.0
45	9687.0
46	9687.0
47	9687.0
48	9687.0
49	9687.0
50	432568.0
51	432568.0
52	432568.0
53	432568.0
54	432568.0
55	746333.0
56	746333.0
57	746333.0
58	746333.0
59	746333.0
60	629123.0
61	629123.0
62	629123.0
63	629123.0
64	629123.0
65	808198.0
66	808198.0
67	808198.0
68	808198.0
69	808198.0
70	375703.0
71	375703.0
72	375703.0
73	375703.0
74	375703.0
75	174721.0
76	174721.0
77	174721.0
78	174721.0
79	174721.0
80	249215.0
81	249215.0
82	249215.0
83	249215.0
84	249215.0
85	722857.0
86	722857.0
87	722857.0
88	722857.0
89	722857.0
90	801820.0
91	801820.0
92	801820.0
93	801820.0
94	801820.0
95	408410.0
96	408410.0
97	408410.0
98	408410.0
99	408410.0
100	826354.0
101	826354.0
102	826354.0
103	826354.0
104	826354.0
105	571023.0
106	571023.0
107	571023.0
108	571023.0
109	571023.0
110	829743.0
111	829743.0
112	829743.0
113	829743.0
114	829743.0
115	138953.0
116	138953.0
117	138953.0
118	138953.0
119	138953.0
120	802630.0
121	802630.0
122	802630.0
123	802630.0
124	802630.0
125	377665.0
126	377665.0
127	377665.0
128	377665.0
129	377665.0
130	793868.0
131	793868.0
132	793868.0
133	793868.0
134	793868.0
135	687613.0
136	687613.0
137	687613.0
138	687613.0
139	687613.0
140	829747.0
141	829747.0
142	829747.0
143	829747.0
144	829747.0
145	288528.0
146	288528.0
147	288528.0
148	288528.0
149	288528.0
150	595546.0
151	595546.0
152	595546.0
153	595546.0
154	595546.0
155	414939.0
156	414939.0
157	414939.0
158	414939.0
159	414939.0
160	779193.0
161	779193.0
162	779193.0
163	779193.0
164	779193.0
165	768811.0
166	768811.0
167	768811.0
168	768811.0
169	768811.0
170	646658.0
171	646658.0
172	646658.0
173	646658.0
174	646658.0
175	347023.0
176	347023.0
177	347023.0
178	347023.0
179	347023.0
180	346586.0
181	346586.0
182	346586.0
183	346586.0
184	346586.0
185	777752.0
186	777752.0
187	777752.0
188	777752.0
189	777752.0
190	202681.0
191	202681.0
192	202681.0
193	202681.0
194	202681.0
195	630347.0
196	630347.0
197	630347.0
198	630347.0
199	630347.0
200	413977.0
201	413977.0
202	413977.0
203	413977.0
204	413977.0
205	831675.0
206	831675.0
207	831675.0
208	831675.0
209	831675.0
210	431650.0
211	431650.0
212	431650.0
213	431650.0
214	431650.0
215	781572.0
216	781572.0
217	781572.0
218	781572.0
219	781572.0
220	694985.0
221	694985.0
222	694985.0
223	694985.0
224	694985.0
225	204794.0
226	204794.0
227	204794.0
228	204794.0
229	204794.0
230	727339.0
231	727339.0
232	727339.0
233	727339.0
234	727339.0
235	441508.0
236	441508.0
237	441508.0
238	441508.0
239	441508.0
240	66000.0
241	66000.0
242	66000.0
243	66000.0
244	66000.0
245	636007.0
246	636007.0
247	636007.0
248	636007.0
249	636007.0
