0	769095.0
1	769095.0
2	769095.0
3	769095.0
4	769095.0
5	802058.0
6	802058.0
7	802058.0
8	802058.0
9	802058.0
10	389003.0
11	389003.0
12	389003.0
13	389003.0
14	389003.0
15	710969.0
16	710969.0
17	710969.0
18	710969.0
19	710969.0
20	710284.0
21	710284.0
22	710284.0
23	710284.0
24	710284.0
25	119394.0
26	119394.0
27	119394.0
28	119394.0
29	119394.0
30	66875.0
31	66875.0
32	66875.0
33	66875.0
34	66875.0
35	97831.0
36	97831.0
37	97831.0
38	97831.0
39	97831.0
40	401806.0
41	401806.0
42	401806.0
43	401806.0
44	401806.0
45	412146.0
46	412146.0
47	412146.0
48	412146.0
49	412146.0
50	191689.0
51	191689.0
52	191689.0
53	191689.0
54	191689.0
55	611589.0
56	611589.0
57	611589.0
58	611589.0
59	611589.0
60	551035.0
61	551035.0
62	551035.0
63	551035.0
64	551035.0
65	649658.0
66	649658.0
67	649658.0
68	649658.0
69	649658.0
70	539781.0
71	539781.0
72	539781.0
73	539781.0
74	539781.0
75	433090.0
76	433090.0
77	433090.0
78	433090.0
79	433090.0
80	376491.0
81	376491.0
82	376491.0
83	376491.0
84	376491.0
85	20977.0
86	20977.0
87	20977.0
88	20977.0
89	20977.0
90	11847.0
91	11847.0
92	11847.0
93	11847.0
94	11847.0
95	675636.0
96	675636.0
97	675636.0
98	675636.0
99	675636.0
100	95347.0
101	95347.0
102	95347.0
103	95347.0
104	95347.0
105	591260.0
106	591260.0
107	591260.0
108	591260.0
109	591260.0
110	481060.0
111	481060.0
112	481060.0
113	481060.0
114	481060.0
115	690500.0
116	690500.0
117	690500.0
118	690500.0
119	690500.0
120	622935.0
121	622935.0
122	622935.0
123	622935.0
124	622935.0
125	384614.0
126	384614.0
127	384614.0
128	384614.0
129	384614.0
130	122361.0
131	122361.0
132	122361.0
133	122361.0
134	122361.0
135	365765.0
136	365765.0
137	365765.0
138	365765.0
139	365765.0
140	360099.0
141	360099.0
142	360099.0
143	360099.0
144	360099.0
145	119405.0
146	119405.0
147	119405.0
148	119405.0
149	119405.0
150	816767.0
151	816767.0
152	816767.0
153	816767.0
154	816767.0
155	223537.0
156	223537.0
157	223537.0
158	223537.0
159	223537.0
160	720628.0
161	720628.0
162	720628.0
163	720628.0
164	720628.0
165	718674.0
166	718674.0
167	718674.0
168	718674.0
169	718674.0
170	791680.0
171	791680.0
172	791680.0
173	791680.0
174	791680.0
175	552253.0
176	552253.0
177	552253.0
178	552253.0
179	552253.0
180	608528.0
181	608528.0
182	608528.0
183	608528.0
184	608528.0
185	262735.0
186	262735.0
187	262735.0
188	262735.0
189	262735.0
190	36583.0
191	36583.0
192	36583.0
193	36583.0
194	36583.0
195	440207.0
196	440207.0
197	440207.0
198	440207.0
199	440207.0
200	410380.0
201	410380.0
202	410380.0
203	410380.0
204	410380.0
205	1235.0
206	1235.0
207	1235.0
208	1235.0
209	1235.0
210	384533.0
211	384533.0
212	384533.0
213	384533.0
214	384533.0
215	350645.0
216	350645.0
217	350645.0
218	350645.0
219	350645.0
220	627498.0
221	627498.0
222	627498.0
223	627498.0
224	627498.0
225	570572.0
226	570572.0
227	570572.0
228	570572.0
229	570572.0
230	703146.0
231	703146.0
232	703146.0
233	703146.0
234	703146.0
235	337597.0
236	337597.0
237	337597.0
238	337597.0
239	337597.0
240	285926.0
241	285926.0
242	285926.0
243	285926.0
244	285926.0
245	811124.0
246	811124.0
247	811124.0
248	811124.0
249	811124.0
