0	693884.0
1	693884.0
2	693884.0
3	693884.0
4	693884.0
5	359395.0
6	359395.0
7	359395.0
8	359395.0
9	359395.0
10	100094.0
11	100094.0
12	100094.0
13	100094.0
14	100094.0
15	727667.0
16	727667.0
17	727667.0
18	727667.0
19	727667.0
20	699591.0
21	699591.0
22	699591.0
23	699591.0
24	699591.0
25	349751.0
26	349751.0
27	349751.0
28	349751.0
29	349751.0
30	314058.0
31	314058.0
32	314058.0
33	314058.0
34	314058.0
35	499758.0
36	499758.0
37	499758.0
38	499758.0
39	499758.0
40	291434.0
41	291434.0
42	291434.0
43	291434.0
44	291434.0
45	828389.0
46	828389.0
47	828389.0
48	828389.0
49	828389.0
50	184218.0
51	184218.0
52	184218.0
53	184218.0
54	184218.0
55	475609.0
56	475609.0
57	475609.0
58	475609.0
59	475609.0
60	806464.0
61	806464.0
62	806464.0
63	806464.0
64	806464.0
65	60942.0
66	60942.0
67	60942.0
68	60942.0
69	60942.0
70	447093.0
71	447093.0
72	447093.0
73	447093.0
74	447093.0
75	697626.0
76	697626.0
77	697626.0
78	697626.0
79	697626.0
80	249885.0
81	249885.0
82	249885.0
83	249885.0
84	249885.0
85	149590.0
86	149590.0
87	149590.0
88	149590.0
89	149590.0
90	710814.0
91	710814.0
92	710814.0
93	710814.0
94	710814.0
95	529036.0
96	529036.0
97	529036.0
98	529036.0
99	529036.0
100	104137.0
101	104137.0
102	104137.0
103	104137.0
104	104137.0
105	616244.0
106	616244.0
107	616244.0
108	616244.0
109	616244.0
110	824481.0
111	824481.0
112	824481.0
113	824481.0
114	824481.0
115	817084.0
116	817084.0
117	817084.0
118	817084.0
119	817084.0
120	281109.0
121	281109.0
122	281109.0
123	281109.0
124	281109.0
125	740177.0
126	740177.0
127	740177.0
128	740177.0
129	740177.0
130	215072.0
131	215072.0
132	215072.0
133	215072.0
134	215072.0
135	798618.0
136	798618.0
137	798618.0
138	798618.0
139	798618.0
140	664278.0
141	664278.0
142	664278.0
143	664278.0
144	664278.0
145	408900.0
146	408900.0
147	408900.0
148	408900.0
149	408900.0
150	115705.0
151	115705.0
152	115705.0
153	115705.0
154	115705.0
155	70722.0
156	70722.0
157	70722.0
158	70722.0
159	70722.0
160	352143.0
161	352143.0
162	352143.0
163	352143.0
164	352143.0
165	265169.0
166	265169.0
167	265169.0
168	265169.0
169	265169.0
170	49498.0
171	49498.0
172	49498.0
173	49498.0
174	49498.0
175	386577.0
176	386577.0
177	386577.0
178	386577.0
179	386577.0
180	26187.0
181	26187.0
182	26187.0
183	26187.0
184	26187.0
185	542508.0
186	542508.0
187	542508.0
188	542508.0
189	542508.0
190	412916.0
191	412916.0
192	412916.0
193	412916.0
194	412916.0
195	509693.0
196	509693.0
197	509693.0
198	509693.0
199	509693.0
200	681275.0
201	681275.0
202	681275.0
203	681275.0
204	681275.0
205	60928.0
206	60928.0
207	60928.0
208	60928.0
209	60928.0
210	738931.0
211	738931.0
212	738931.0
213	738931.0
214	738931.0
215	332637.0
216	332637.0
217	332637.0
218	332637.0
219	332637.0
220	621389.0
221	621389.0
222	621389.0
223	621389.0
224	621389.0
225	783803.0
226	783803.0
227	783803.0
228	783803.0
229	783803.0
230	269629.0
231	269629.0
232	269629.0
233	269629.0
234	269629.0
235	676343.0
236	676343.0
237	676343.0
238	676343.0
239	676343.0
240	649506.0
241	649506.0
242	649506.0
243	649506.0
244	649506.0
245	131001.0
246	131001.0
247	131001.0
248	131001.0
249	131001.0
