0	513889.0
1	513889.0
2	513889.0
3	513889.0
4	513889.0
5	62865.0
6	62865.0
7	62865.0
8	62865.0
9	62865.0
10	37836.0
11	37836.0
12	37836.0
13	37836.0
14	37836.0
15	93186.0
16	93186.0
17	93186.0
18	93186.0
19	93186.0
20	177981.0
21	177981.0
22	177981.0
23	177981.0
24	177981.0
25	568694.0
26	568694.0
27	568694.0
28	568694.0
29	568694.0
30	31994.0
31	31994.0
32	31994.0
33	31994.0
34	31994.0
35	509557.0
36	509557.0
37	509557.0
38	509557.0
39	509557.0
40	462366.0
41	462366.0
42	462366.0
43	462366.0
44	462366.0
45	280443.0
46	280443.0
47	280443.0
48	280443.0
49	280443.0
50	288631.0
51	288631.0
52	288631.0
53	288631.0
54	288631.0
55	55133.0
56	55133.0
57	55133.0
58	55133.0
59	55133.0
60	354272.0
61	354272.0
62	354272.0
63	354272.0
64	354272.0
65	468426.0
66	468426.0
67	468426.0
68	468426.0
69	468426.0
70	411750.0
71	411750.0
72	411750.0
73	411750.0
74	411750.0
75	261994.0
76	261994.0
77	261994.0
78	261994.0
79	261994.0
80	95540.0
81	95540.0
82	95540.0
83	95540.0
84	95540.0
85	363105.0
86	363105.0
87	363105.0
88	363105.0
89	363105.0
90	420268.0
91	420268.0
92	420268.0
93	420268.0
94	420268.0
95	173005.0
96	173005.0
97	173005.0
98	173005.0
99	173005.0
100	604535.0
101	604535.0
102	604535.0
103	604535.0
104	604535.0
105	219611.0
106	219611.0
107	219611.0
108	219611.0
109	219611.0
110	507477.0
111	507477.0
112	507477.0
113	507477.0
114	507477.0
115	366095.0
116	366095.0
117	366095.0
118	366095.0
119	366095.0
120	639656.0
121	639656.0
122	639656.0
123	639656.0
124	639656.0
125	105315.0
126	105315.0
127	105315.0
128	105315.0
129	105315.0
130	266305.0
131	266305.0
132	266305.0
133	266305.0
134	266305.0
135	623277.0
136	623277.0
137	623277.0
138	623277.0
139	623277.0
140	483787.0
141	483787.0
142	483787.0
143	483787.0
144	483787.0
145	91613.0
146	91613.0
147	91613.0
148	91613.0
149	91613.0
150	271769.0
151	271769.0
152	271769.0
153	271769.0
154	271769.0
155	826875.0
156	826875.0
157	826875.0
158	826875.0
159	826875.0
160	509848.0
161	509848.0
162	509848.0
163	509848.0
164	509848.0
165	82313.0
166	82313.0
167	82313.0
168	82313.0
169	82313.0
170	230566.0
171	230566.0
172	230566.0
173	230566.0
174	230566.0
175	568578.0
176	568578.0
177	568578.0
178	568578.0
179	568578.0
180	704478.0
181	704478.0
182	704478.0
183	704478.0
184	704478.0
185	290254.0
186	290254.0
187	290254.0
188	290254.0
189	290254.0
190	16998.0
191	16998.0
192	16998.0
193	16998.0
194	16998.0
195	630981.0
196	630981.0
197	630981.0
198	630981.0
199	630981.0
200	261261.0
201	261261.0
202	261261.0
203	261261.0
204	261261.0
205	415584.0
206	415584.0
207	415584.0
208	415584.0
209	415584.0
210	701422.0
211	701422.0
212	701422.0
213	701422.0
214	701422.0
215	80762.0
216	80762.0
217	80762.0
218	80762.0
219	80762.0
220	521771.0
221	521771.0
222	521771.0
223	521771.0
224	521771.0
225	368323.0
226	368323.0
227	368323.0
228	368323.0
229	368323.0
230	159644.0
231	159644.0
232	159644.0
233	159644.0
234	159644.0
235	692498.0
236	692498.0
237	692498.0
238	692498.0
239	692498.0
240	666408.0
241	666408.0
242	666408.0
243	666408.0
244	666408.0
245	438587.0
246	438587.0
247	438587.0
248	438587.0
249	438587.0
