0	164724.0
1	164724.0
2	164724.0
3	164724.0
4	164724.0
5	95808.0
6	95808.0
7	95808.0
8	95808.0
9	95808.0
10	119200.0
11	119200.0
12	119200.0
13	119200.0
14	119200.0
15	186895.0
16	186895.0
17	186895.0
18	186895.0
19	186895.0
20	96579.0
21	96579.0
22	96579.0
23	96579.0
24	96579.0
25	122393.0
26	122393.0
27	122393.0
28	122393.0
29	122393.0
30	278486.0
31	278486.0
32	278486.0
33	278486.0
34	278486.0
35	109279.0
36	109279.0
37	109279.0
38	109279.0
39	109279.0
40	181649.0
41	181649.0
42	181649.0
43	181649.0
44	181649.0
45	202034.0
46	202034.0
47	202034.0
48	202034.0
49	202034.0
50	124136.0
51	124136.0
52	124136.0
53	124136.0
54	124136.0
55	98963.0
56	98963.0
57	98963.0
58	98963.0
59	98963.0
60	197381.0
61	197381.0
62	197381.0
63	197381.0
64	197381.0
65	15121.0
66	15121.0
67	15121.0
68	15121.0
69	15121.0
70	238228.0
71	238228.0
72	238228.0
73	238228.0
74	238228.0
75	292638.0
76	292638.0
77	292638.0
78	292638.0
79	292638.0
80	29476.0
81	29476.0
82	29476.0
83	29476.0
84	29476.0
85	5866.0
86	5866.0
87	5866.0
88	5866.0
89	5866.0
90	214393.0
91	214393.0
92	214393.0
93	214393.0
94	214393.0
95	156512.0
96	156512.0
97	156512.0
98	156512.0
99	156512.0
100	14609.0
101	14609.0
102	14609.0
103	14609.0
104	14609.0
105	75821.0
106	75821.0
107	75821.0
108	75821.0
109	75821.0
110	246886.0
111	246886.0
112	246886.0
113	246886.0
114	246886.0
115	163418.0
116	163418.0
117	163418.0
118	163418.0
119	163418.0
120	261851.0
121	261851.0
122	261851.0
123	261851.0
124	261851.0
125	28196.0
126	28196.0
127	28196.0
128	28196.0
129	28196.0
130	78139.0
131	78139.0
132	78139.0
133	78139.0
134	78139.0
135	119057.0
136	119057.0
137	119057.0
138	119057.0
139	119057.0
140	117756.0
141	117756.0
142	117756.0
143	117756.0
144	117756.0
145	293684.0
146	293684.0
147	293684.0
148	293684.0
149	293684.0
150	278340.0
151	278340.0
152	278340.0
153	278340.0
154	278340.0
155	214423.0
156	214423.0
157	214423.0
158	214423.0
159	214423.0
160	102387.0
161	102387.0
162	102387.0
163	102387.0
164	102387.0
165	92404.0
166	92404.0
167	92404.0
168	92404.0
169	92404.0
170	172086.0
171	172086.0
172	172086.0
173	172086.0
174	172086.0
175	109647.0
176	109647.0
177	109647.0
178	109647.0
179	109647.0
180	216797.0
181	216797.0
182	216797.0
183	216797.0
184	216797.0
185	183681.0
186	183681.0
187	183681.0
188	183681.0
189	183681.0
190	276317.0
191	276317.0
192	276317.0
193	276317.0
194	276317.0
195	41357.0
196	41357.0
197	41357.0
198	41357.0
199	41357.0
200	197829.0
201	197829.0
202	197829.0
203	197829.0
204	197829.0
205	34303.0
206	34303.0
207	34303.0
208	34303.0
209	34303.0
210	172801.0
211	172801.0
212	172801.0
213	172801.0
214	172801.0
215	245390.0
216	245390.0
217	245390.0
218	245390.0
219	245390.0
220	148440.0
221	148440.0
222	148440.0
223	148440.0
224	148440.0
225	248837.0
226	248837.0
227	248837.0
228	248837.0
229	248837.0
230	244072.0
231	244072.0
232	244072.0
233	244072.0
234	244072.0
235	249534.0
236	249534.0
237	249534.0
238	249534.0
239	249534.0
240	291980.0
241	291980.0
242	291980.0
243	291980.0
244	291980.0
245	139665.0
246	139665.0
247	139665.0
248	139665.0
249	139665.0
