0	128033.0
1	128033.0
2	128033.0
3	128033.0
4	128033.0
5	177417.0
6	177417.0
7	177417.0
8	177417.0
9	177417.0
10	100697.0
11	100697.0
12	100697.0
13	100697.0
14	100697.0
15	254438.0
16	254438.0
17	254438.0
18	254438.0
19	254438.0
20	186324.0
21	186324.0
22	186324.0
23	186324.0
24	186324.0
25	70342.0
26	70342.0
27	70342.0
28	70342.0
29	70342.0
30	222502.0
31	222502.0
32	222502.0
33	222502.0
34	222502.0
35	282190.0
36	282190.0
37	282190.0
38	282190.0
39	282190.0
40	237374.0
41	237374.0
42	237374.0
43	237374.0
44	237374.0
45	173036.0
46	173036.0
47	173036.0
48	173036.0
49	173036.0
50	6927.0
51	6927.0
52	6927.0
53	6927.0
54	6927.0
55	168508.0
56	168508.0
57	168508.0
58	168508.0
59	168508.0
60	44304.0
61	44304.0
62	44304.0
63	44304.0
64	44304.0
65	281308.0
66	281308.0
67	281308.0
68	281308.0
69	281308.0
70	142729.0
71	142729.0
72	142729.0
73	142729.0
74	142729.0
75	44476.0
76	44476.0
77	44476.0
78	44476.0
79	44476.0
80	45516.0
81	45516.0
82	45516.0
83	45516.0
84	45516.0
85	174876.0
86	174876.0
87	174876.0
88	174876.0
89	174876.0
90	118054.0
91	118054.0
92	118054.0
93	118054.0
94	118054.0
95	113752.0
96	113752.0
97	113752.0
98	113752.0
99	113752.0
100	158493.0
101	158493.0
102	158493.0
103	158493.0
104	158493.0
105	120210.0
106	120210.0
107	120210.0
108	120210.0
109	120210.0
110	291393.0
111	291393.0
112	291393.0
113	291393.0
114	291393.0
115	10172.0
116	10172.0
117	10172.0
118	10172.0
119	10172.0
120	95060.0
121	95060.0
122	95060.0
123	95060.0
124	95060.0
125	261064.0
126	261064.0
127	261064.0
128	261064.0
129	261064.0
130	275557.0
131	275557.0
132	275557.0
133	275557.0
134	275557.0
135	114573.0
136	114573.0
137	114573.0
138	114573.0
139	114573.0
140	200366.0
141	200366.0
142	200366.0
143	200366.0
144	200366.0
145	6111.0
146	6111.0
147	6111.0
148	6111.0
149	6111.0
150	121168.0
151	121168.0
152	121168.0
153	121168.0
154	121168.0
155	33503.0
156	33503.0
157	33503.0
158	33503.0
159	33503.0
160	157634.0
161	157634.0
162	157634.0
163	157634.0
164	157634.0
165	119159.0
166	119159.0
167	119159.0
168	119159.0
169	119159.0
170	283529.0
171	283529.0
172	283529.0
173	283529.0
174	283529.0
175	204583.0
176	204583.0
177	204583.0
178	204583.0
179	204583.0
180	122324.0
181	122324.0
182	122324.0
183	122324.0
184	122324.0
185	109643.0
186	109643.0
187	109643.0
188	109643.0
189	109643.0
190	123745.0
191	123745.0
192	123745.0
193	123745.0
194	123745.0
195	179423.0
196	179423.0
197	179423.0
198	179423.0
199	179423.0
200	54273.0
201	54273.0
202	54273.0
203	54273.0
204	54273.0
205	104966.0
206	104966.0
207	104966.0
208	104966.0
209	104966.0
210	263077.0
211	263077.0
212	263077.0
213	263077.0
214	263077.0
215	43147.0
216	43147.0
217	43147.0
218	43147.0
219	43147.0
220	134786.0
221	134786.0
222	134786.0
223	134786.0
224	134786.0
225	228565.0
226	228565.0
227	228565.0
228	228565.0
229	228565.0
230	33918.0
231	33918.0
232	33918.0
233	33918.0
234	33918.0
235	243914.0
236	243914.0
237	243914.0
238	243914.0
239	243914.0
240	34197.0
241	34197.0
242	34197.0
243	34197.0
244	34197.0
245	5652.0
246	5652.0
247	5652.0
248	5652.0
249	5652.0
