0	112371.0
1	112371.0
2	112371.0
3	112371.0
4	112371.0
5	278123.0
6	278123.0
7	278123.0
8	278123.0
9	278123.0
10	125528.0
11	125528.0
12	125528.0
13	125528.0
14	125528.0
15	235468.0
16	235468.0
17	235468.0
18	235468.0
19	235468.0
20	118826.0
21	118826.0
22	118826.0
23	118826.0
24	118826.0
25	147239.0
26	147239.0
27	147239.0
28	147239.0
29	147239.0
30	96868.0
31	96868.0
32	96868.0
33	96868.0
34	96868.0
35	196415.0
36	196415.0
37	196415.0
38	196415.0
39	196415.0
40	183031.0
41	183031.0
42	183031.0
43	183031.0
44	183031.0
45	231720.0
46	231720.0
47	231720.0
48	231720.0
49	231720.0
50	252472.0
51	252472.0
52	252472.0
53	252472.0
54	252472.0
55	283311.0
56	283311.0
57	283311.0
58	283311.0
59	283311.0
60	11792.0
61	11792.0
62	11792.0
63	11792.0
64	11792.0
65	264747.0
66	264747.0
67	264747.0
68	264747.0
69	264747.0
70	67374.0
71	67374.0
72	67374.0
73	67374.0
74	67374.0
75	274471.0
76	274471.0
77	274471.0
78	274471.0
79	274471.0
80	118752.0
81	118752.0
82	118752.0
83	118752.0
84	118752.0
85	252487.0
86	252487.0
87	252487.0
88	252487.0
89	252487.0
90	135294.0
91	135294.0
92	135294.0
93	135294.0
94	135294.0
95	86267.0
96	86267.0
97	86267.0
98	86267.0
99	86267.0
100	290907.0
101	290907.0
102	290907.0
103	290907.0
104	290907.0
105	17524.0
106	17524.0
107	17524.0
108	17524.0
109	17524.0
110	108085.0
111	108085.0
112	108085.0
113	108085.0
114	108085.0
115	264882.0
116	264882.0
117	264882.0
118	264882.0
119	264882.0
120	107815.0
121	107815.0
122	107815.0
123	107815.0
124	107815.0
125	147296.0
126	147296.0
127	147296.0
128	147296.0
129	147296.0
130	227752.0
131	227752.0
132	227752.0
133	227752.0
134	227752.0
135	90516.0
136	90516.0
137	90516.0
138	90516.0
139	90516.0
140	21513.0
141	21513.0
142	21513.0
143	21513.0
144	21513.0
145	102220.0
146	102220.0
147	102220.0
148	102220.0
149	102220.0
150	219182.0
151	219182.0
152	219182.0
153	219182.0
154	219182.0
155	207246.0
156	207246.0
157	207246.0
158	207246.0
159	207246.0
160	217573.0
161	217573.0
162	217573.0
163	217573.0
164	217573.0
165	59362.0
166	59362.0
167	59362.0
168	59362.0
169	59362.0
170	25614.0
171	25614.0
172	25614.0
173	25614.0
174	25614.0
175	63886.0
176	63886.0
177	63886.0
178	63886.0
179	63886.0
180	136613.0
181	136613.0
182	136613.0
183	136613.0
184	136613.0
185	120719.0
186	120719.0
187	120719.0
188	120719.0
189	120719.0
190	177365.0
191	177365.0
192	177365.0
193	177365.0
194	177365.0
195	174700.0
196	174700.0
197	174700.0
198	174700.0
199	174700.0
200	39080.0
201	39080.0
202	39080.0
203	39080.0
204	39080.0
205	79260.0
206	79260.0
207	79260.0
208	79260.0
209	79260.0
210	243191.0
211	243191.0
212	243191.0
213	243191.0
214	243191.0
215	274595.0
216	274595.0
217	274595.0
218	274595.0
219	274595.0
220	43269.0
221	43269.0
222	43269.0
223	43269.0
224	43269.0
225	2683.0
226	2683.0
227	2683.0
228	2683.0
229	2683.0
230	120344.0
231	120344.0
232	120344.0
233	120344.0
234	120344.0
235	237836.0
236	237836.0
237	237836.0
238	237836.0
239	237836.0
240	224288.0
241	224288.0
242	224288.0
243	224288.0
244	224288.0
245	290995.0
246	290995.0
247	290995.0
248	290995.0
249	290995.0
