0	709289.0
1	709289.0
2	709289.0
3	709289.0
4	709289.0
5	839027.0
6	839027.0
7	839027.0
8	839027.0
9	839027.0
10	545943.0
11	545943.0
12	545943.0
13	545943.0
14	545943.0
15	233102.0
16	233102.0
17	233102.0
18	233102.0
19	233102.0
20	669922.0
21	669922.0
22	669922.0
23	669922.0
24	669922.0
25	490365.0
26	490365.0
27	490365.0
28	490365.0
29	490365.0
30	676937.0
31	676937.0
32	676937.0
33	676937.0
34	676937.0
35	126154.0
36	126154.0
37	126154.0
38	126154.0
39	126154.0
40	660405.0
41	660405.0
42	660405.0
43	660405.0
44	660405.0
45	243776.0
46	243776.0
47	243776.0
48	243776.0
49	243776.0
50	90714.0
51	90714.0
52	90714.0
53	90714.0
54	90714.0
55	36957.0
56	36957.0
57	36957.0
58	36957.0
59	36957.0
60	722247.0
61	722247.0
62	722247.0
63	722247.0
64	722247.0
65	561716.0
66	561716.0
67	561716.0
68	561716.0
69	561716.0
70	184836.0
71	184836.0
72	184836.0
73	184836.0
74	184836.0
75	423534.0
76	423534.0
77	423534.0
78	423534.0
79	423534.0
80	750046.0
81	750046.0
82	750046.0
83	750046.0
84	750046.0
85	610429.0
86	610429.0
87	610429.0
88	610429.0
89	610429.0
90	707182.0
91	707182.0
92	707182.0
93	707182.0
94	707182.0
95	689592.0
96	689592.0
97	689592.0
98	689592.0
99	689592.0
100	734124.0
101	734124.0
102	734124.0
103	734124.0
104	734124.0
105	555956.0
106	555956.0
107	555956.0
108	555956.0
109	555956.0
110	210399.0
111	210399.0
112	210399.0
113	210399.0
114	210399.0
115	578393.0
116	578393.0
117	578393.0
118	578393.0
119	578393.0
120	902719.0
121	902719.0
122	902719.0
123	902719.0
124	902719.0
125	23670.0
126	23670.0
127	23670.0
128	23670.0
129	23670.0
130	941246.0
131	941246.0
132	941246.0
133	941246.0
134	941246.0
135	371421.0
136	371421.0
137	371421.0
138	371421.0
139	371421.0
140	712943.0
141	712943.0
142	712943.0
143	712943.0
144	712943.0
145	453048.0
146	453048.0
147	453048.0
148	453048.0
149	453048.0
150	791248.0
151	791248.0
152	791248.0
153	791248.0
154	791248.0
155	123527.0
156	123527.0
157	123527.0
158	123527.0
159	123527.0
160	100517.0
161	100517.0
162	100517.0
163	100517.0
164	100517.0
165	604424.0
166	604424.0
167	604424.0
168	604424.0
169	604424.0
170	550870.0
171	550870.0
172	550870.0
173	550870.0
174	550870.0
175	816383.0
176	816383.0
177	816383.0
178	816383.0
179	816383.0
180	679478.0
181	679478.0
182	679478.0
183	679478.0
184	679478.0
185	480526.0
186	480526.0
187	480526.0
188	480526.0
189	480526.0
190	73486.0
191	73486.0
192	73486.0
193	73486.0
194	73486.0
195	758880.0
196	758880.0
197	758880.0
198	758880.0
199	758880.0
200	207093.0
201	207093.0
202	207093.0
203	207093.0
204	207093.0
205	21621.0
206	21621.0
207	21621.0
208	21621.0
209	21621.0
210	39586.0
211	39586.0
212	39586.0
213	39586.0
214	39586.0
215	414044.0
216	414044.0
217	414044.0
218	414044.0
219	414044.0
220	478621.0
221	478621.0
222	478621.0
223	478621.0
224	478621.0
225	196319.0
226	196319.0
227	196319.0
228	196319.0
229	196319.0
230	222060.0
231	222060.0
232	222060.0
233	222060.0
234	222060.0
235	345379.0
236	345379.0
237	345379.0
238	345379.0
239	345379.0
240	768590.0
241	768590.0
242	768590.0
243	768590.0
244	768590.0
245	627777.0
246	627777.0
247	627777.0
248	627777.0
249	627777.0
