0	637596.0
1	637596.0
2	637596.0
3	637596.0
4	637596.0
5	767473.0
6	767473.0
7	767473.0
8	767473.0
9	767473.0
10	750462.0
11	750462.0
12	750462.0
13	750462.0
14	750462.0
15	657239.0
16	657239.0
17	657239.0
18	657239.0
19	657239.0
20	71110.0
21	71110.0
22	71110.0
23	71110.0
24	71110.0
25	415590.0
26	415590.0
27	415590.0
28	415590.0
29	415590.0
30	792026.0
31	792026.0
32	792026.0
33	792026.0
34	792026.0
35	453407.0
36	453407.0
37	453407.0
38	453407.0
39	453407.0
40	352753.0
41	352753.0
42	352753.0
43	352753.0
44	352753.0
45	588138.0
46	588138.0
47	588138.0
48	588138.0
49	588138.0
50	461382.0
51	461382.0
52	461382.0
53	461382.0
54	461382.0
55	463998.0
56	463998.0
57	463998.0
58	463998.0
59	463998.0
60	915231.0
61	915231.0
62	915231.0
63	915231.0
64	915231.0
65	672173.0
66	672173.0
67	672173.0
68	672173.0
69	672173.0
70	136793.0
71	136793.0
72	136793.0
73	136793.0
74	136793.0
75	288394.0
76	288394.0
77	288394.0
78	288394.0
79	288394.0
80	488688.0
81	488688.0
82	488688.0
83	488688.0
84	488688.0
85	639949.0
86	639949.0
87	639949.0
88	639949.0
89	639949.0
90	444078.0
91	444078.0
92	444078.0
93	444078.0
94	444078.0
95	912467.0
96	912467.0
97	912467.0
98	912467.0
99	912467.0
100	935229.0
101	935229.0
102	935229.0
103	935229.0
104	935229.0
105	135034.0
106	135034.0
107	135034.0
108	135034.0
109	135034.0
110	122567.0
111	122567.0
112	122567.0
113	122567.0
114	122567.0
115	460844.0
116	460844.0
117	460844.0
118	460844.0
119	460844.0
120	524759.0
121	524759.0
122	524759.0
123	524759.0
124	524759.0
125	217702.0
126	217702.0
127	217702.0
128	217702.0
129	217702.0
130	923326.0
131	923326.0
132	923326.0
133	923326.0
134	923326.0
135	69150.0
136	69150.0
137	69150.0
138	69150.0
139	69150.0
140	690203.0
141	690203.0
142	690203.0
143	690203.0
144	690203.0
145	343210.0
146	343210.0
147	343210.0
148	343210.0
149	343210.0
150	665516.0
151	665516.0
152	665516.0
153	665516.0
154	665516.0
155	605780.0
156	605780.0
157	605780.0
158	605780.0
159	605780.0
160	234178.0
161	234178.0
162	234178.0
163	234178.0
164	234178.0
165	536017.0
166	536017.0
167	536017.0
168	536017.0
169	536017.0
170	495267.0
171	495267.0
172	495267.0
173	495267.0
174	495267.0
175	377152.0
176	377152.0
177	377152.0
178	377152.0
179	377152.0
180	74254.0
181	74254.0
182	74254.0
183	74254.0
184	74254.0
185	3846.0
186	3846.0
187	3846.0
188	3846.0
189	3846.0
190	494324.0
191	494324.0
192	494324.0
193	494324.0
194	494324.0
195	142883.0
196	142883.0
197	142883.0
198	142883.0
199	142883.0
200	9500.0
201	9500.0
202	9500.0
203	9500.0
204	9500.0
205	307696.0
206	307696.0
207	307696.0
208	307696.0
209	307696.0
210	767775.0
211	767775.0
212	767775.0
213	767775.0
214	767775.0
215	337547.0
216	337547.0
217	337547.0
218	337547.0
219	337547.0
220	749685.0
221	749685.0
222	749685.0
223	749685.0
224	749685.0
225	243470.0
226	243470.0
227	243470.0
228	243470.0
229	243470.0
230	508167.0
231	508167.0
232	508167.0
233	508167.0
234	508167.0
235	780321.0
236	780321.0
237	780321.0
238	780321.0
239	780321.0
240	772264.0
241	772264.0
242	772264.0
243	772264.0
244	772264.0
245	460082.0
246	460082.0
247	460082.0
248	460082.0
249	460082.0
