0	75773.0
1	75773.0
2	75773.0
3	75773.0
4	75773.0
5	516498.0
6	516498.0
7	516498.0
8	516498.0
9	516498.0
10	57079.0
11	57079.0
12	57079.0
13	57079.0
14	57079.0
15	610680.0
16	610680.0
17	610680.0
18	610680.0
19	610680.0
20	634766.0
21	634766.0
22	634766.0
23	634766.0
24	634766.0
25	931964.0
26	931964.0
27	931964.0
28	931964.0
29	931964.0
30	600576.0
31	600576.0
32	600576.0
33	600576.0
34	600576.0
35	439560.0
36	439560.0
37	439560.0
38	439560.0
39	439560.0
40	263196.0
41	263196.0
42	263196.0
43	263196.0
44	263196.0
45	886388.0
46	886388.0
47	886388.0
48	886388.0
49	886388.0
50	246720.0
51	246720.0
52	246720.0
53	246720.0
54	246720.0
55	392682.0
56	392682.0
57	392682.0
58	392682.0
59	392682.0
60	890207.0
61	890207.0
62	890207.0
63	890207.0
64	890207.0
65	440334.0
66	440334.0
67	440334.0
68	440334.0
69	440334.0
70	612666.0
71	612666.0
72	612666.0
73	612666.0
74	612666.0
75	734477.0
76	734477.0
77	734477.0
78	734477.0
79	734477.0
80	336739.0
81	336739.0
82	336739.0
83	336739.0
84	336739.0
85	62733.0
86	62733.0
87	62733.0
88	62733.0
89	62733.0
90	686065.0
91	686065.0
92	686065.0
93	686065.0
94	686065.0
95	27249.0
96	27249.0
97	27249.0
98	27249.0
99	27249.0
100	635114.0
101	635114.0
102	635114.0
103	635114.0
104	635114.0
105	873401.0
106	873401.0
107	873401.0
108	873401.0
109	873401.0
110	915639.0
111	915639.0
112	915639.0
113	915639.0
114	915639.0
115	347372.0
116	347372.0
117	347372.0
118	347372.0
119	347372.0
120	554031.0
121	554031.0
122	554031.0
123	554031.0
124	554031.0
125	875454.0
126	875454.0
127	875454.0
128	875454.0
129	875454.0
130	777021.0
131	777021.0
132	777021.0
133	777021.0
134	777021.0
135	845284.0
136	845284.0
137	845284.0
138	845284.0
139	845284.0
140	639199.0
141	639199.0
142	639199.0
143	639199.0
144	639199.0
145	191427.0
146	191427.0
147	191427.0
148	191427.0
149	191427.0
150	600549.0
151	600549.0
152	600549.0
153	600549.0
154	600549.0
155	674005.0
156	674005.0
157	674005.0
158	674005.0
159	674005.0
160	339960.0
161	339960.0
162	339960.0
163	339960.0
164	339960.0
165	559891.0
166	559891.0
167	559891.0
168	559891.0
169	559891.0
170	842500.0
171	842500.0
172	842500.0
173	842500.0
174	842500.0
175	43484.0
176	43484.0
177	43484.0
178	43484.0
179	43484.0
180	890556.0
181	890556.0
182	890556.0
183	890556.0
184	890556.0
185	667425.0
186	667425.0
187	667425.0
188	667425.0
189	667425.0
190	788270.0
191	788270.0
192	788270.0
193	788270.0
194	788270.0
195	545702.0
196	545702.0
197	545702.0
198	545702.0
199	545702.0
200	90339.0
201	90339.0
202	90339.0
203	90339.0
204	90339.0
205	830444.0
206	830444.0
207	830444.0
208	830444.0
209	830444.0
210	802783.0
211	802783.0
212	802783.0
213	802783.0
214	802783.0
215	470198.0
216	470198.0
217	470198.0
218	470198.0
219	470198.0
220	173357.0
221	173357.0
222	173357.0
223	173357.0
224	173357.0
225	409805.0
226	409805.0
227	409805.0
228	409805.0
229	409805.0
230	414537.0
231	414537.0
232	414537.0
233	414537.0
234	414537.0
235	832361.0
236	832361.0
237	832361.0
238	832361.0
239	832361.0
240	411312.0
241	411312.0
242	411312.0
243	411312.0
244	411312.0
245	704407.0
246	704407.0
247	704407.0
248	704407.0
249	704407.0
