0	498443.0
1	498443.0
2	498443.0
3	498443.0
4	498443.0
5	720008.0
6	720008.0
7	720008.0
8	720008.0
9	720008.0
10	202992.0
11	202992.0
12	202992.0
13	202992.0
14	202992.0
15	493604.0
16	493604.0
17	493604.0
18	493604.0
19	493604.0
20	489600.0
21	489600.0
22	489600.0
23	489600.0
24	489600.0
25	172392.0
26	172392.0
27	172392.0
28	172392.0
29	172392.0
30	845969.0
31	845969.0
32	845969.0
33	845969.0
34	845969.0
35	320436.0
36	320436.0
37	320436.0
38	320436.0
39	320436.0
40	453446.0
41	453446.0
42	453446.0
43	453446.0
44	453446.0
45	750857.0
46	750857.0
47	750857.0
48	750857.0
49	750857.0
50	243688.0
51	243688.0
52	243688.0
53	243688.0
54	243688.0
55	820875.0
56	820875.0
57	820875.0
58	820875.0
59	820875.0
60	366230.0
61	366230.0
62	366230.0
63	366230.0
64	366230.0
65	117472.0
66	117472.0
67	117472.0
68	117472.0
69	117472.0
70	337683.0
71	337683.0
72	337683.0
73	337683.0
74	337683.0
75	198473.0
76	198473.0
77	198473.0
78	198473.0
79	198473.0
80	892191.0
81	892191.0
82	892191.0
83	892191.0
84	892191.0
85	34159.0
86	34159.0
87	34159.0
88	34159.0
89	34159.0
90	359466.0
91	359466.0
92	359466.0
93	359466.0
94	359466.0
95	495455.0
96	495455.0
97	495455.0
98	495455.0
99	495455.0
100	579350.0
101	579350.0
102	579350.0
103	579350.0
104	579350.0
105	836473.0
106	836473.0
107	836473.0
108	836473.0
109	836473.0
110	753242.0
111	753242.0
112	753242.0
113	753242.0
114	753242.0
115	727137.0
116	727137.0
117	727137.0
118	727137.0
119	727137.0
120	578866.0
121	578866.0
122	578866.0
123	578866.0
124	578866.0
125	485705.0
126	485705.0
127	485705.0
128	485705.0
129	485705.0
130	603336.0
131	603336.0
132	603336.0
133	603336.0
134	603336.0
135	200917.0
136	200917.0
137	200917.0
138	200917.0
139	200917.0
140	3949.0
141	3949.0
142	3949.0
143	3949.0
144	3949.0
145	58585.0
146	58585.0
147	58585.0
148	58585.0
149	58585.0
150	656728.0
151	656728.0
152	656728.0
153	656728.0
154	656728.0
155	242424.0
156	242424.0
157	242424.0
158	242424.0
159	242424.0
160	721713.0
161	721713.0
162	721713.0
163	721713.0
164	721713.0
165	631919.0
166	631919.0
167	631919.0
168	631919.0
169	631919.0
170	49997.0
171	49997.0
172	49997.0
173	49997.0
174	49997.0
175	185316.0
176	185316.0
177	185316.0
178	185316.0
179	185316.0
180	106097.0
181	106097.0
182	106097.0
183	106097.0
184	106097.0
185	768825.0
186	768825.0
187	768825.0
188	768825.0
189	768825.0
190	701833.0
191	701833.0
192	701833.0
193	701833.0
194	701833.0
195	447508.0
196	447508.0
197	447508.0
198	447508.0
199	447508.0
200	221833.0
201	221833.0
202	221833.0
203	221833.0
204	221833.0
205	777002.0
206	777002.0
207	777002.0
208	777002.0
209	777002.0
210	529123.0
211	529123.0
212	529123.0
213	529123.0
214	529123.0
215	646614.0
216	646614.0
217	646614.0
218	646614.0
219	646614.0
220	227839.0
221	227839.0
222	227839.0
223	227839.0
224	227839.0
225	717296.0
226	717296.0
227	717296.0
228	717296.0
229	717296.0
230	215570.0
231	215570.0
232	215570.0
233	215570.0
234	215570.0
235	396750.0
236	396750.0
237	396750.0
238	396750.0
239	396750.0
240	260180.0
241	260180.0
242	260180.0
243	260180.0
244	260180.0
245	650250.0
246	650250.0
247	650250.0
248	650250.0
249	650250.0
