0	866890.0
1	866890.0
2	866890.0
3	866890.0
4	866890.0
5	618080.0
6	618080.0
7	618080.0
8	618080.0
9	618080.0
10	529464.0
11	529464.0
12	529464.0
13	529464.0
14	529464.0
15	296298.0
16	296298.0
17	296298.0
18	296298.0
19	296298.0
20	99515.0
21	99515.0
22	99515.0
23	99515.0
24	99515.0
25	298258.0
26	298258.0
27	298258.0
28	298258.0
29	298258.0
30	145935.0
31	145935.0
32	145935.0
33	145935.0
34	145935.0
35	43302.0
36	43302.0
37	43302.0
38	43302.0
39	43302.0
40	713866.0
41	713866.0
42	713866.0
43	713866.0
44	713866.0
45	582116.0
46	582116.0
47	582116.0
48	582116.0
49	582116.0
50	437112.0
51	437112.0
52	437112.0
53	437112.0
54	437112.0
55	521043.0
56	521043.0
57	521043.0
58	521043.0
59	521043.0
60	739282.0
61	739282.0
62	739282.0
63	739282.0
64	739282.0
65	700730.0
66	700730.0
67	700730.0
68	700730.0
69	700730.0
70	798557.0
71	798557.0
72	798557.0
73	798557.0
74	798557.0
75	529072.0
76	529072.0
77	529072.0
78	529072.0
79	529072.0
80	598902.0
81	598902.0
82	598902.0
83	598902.0
84	598902.0
85	162675.0
86	162675.0
87	162675.0
88	162675.0
89	162675.0
90	121394.0
91	121394.0
92	121394.0
93	121394.0
94	121394.0
95	186230.0
96	186230.0
97	186230.0
98	186230.0
99	186230.0
100	270959.0
101	270959.0
102	270959.0
103	270959.0
104	270959.0
105	157847.0
106	157847.0
107	157847.0
108	157847.0
109	157847.0
110	43945.0
111	43945.0
112	43945.0
113	43945.0
114	43945.0
115	119016.0
116	119016.0
117	119016.0
118	119016.0
119	119016.0
120	61221.0
121	61221.0
122	61221.0
123	61221.0
124	61221.0
125	697513.0
126	697513.0
127	697513.0
128	697513.0
129	697513.0
130	749604.0
131	749604.0
132	749604.0
133	749604.0
134	749604.0
135	825278.0
136	825278.0
137	825278.0
138	825278.0
139	825278.0
140	112868.0
141	112868.0
142	112868.0
143	112868.0
144	112868.0
145	907475.0
146	907475.0
147	907475.0
148	907475.0
149	907475.0
150	653174.0
151	653174.0
152	653174.0
153	653174.0
154	653174.0
155	491426.0
156	491426.0
157	491426.0
158	491426.0
159	491426.0
160	240428.0
161	240428.0
162	240428.0
163	240428.0
164	240428.0
165	805698.0
166	805698.0
167	805698.0
168	805698.0
169	805698.0
170	318658.0
171	318658.0
172	318658.0
173	318658.0
174	318658.0
175	333382.0
176	333382.0
177	333382.0
178	333382.0
179	333382.0
180	135483.0
181	135483.0
182	135483.0
183	135483.0
184	135483.0
185	588934.0
186	588934.0
187	588934.0
188	588934.0
189	588934.0
190	683901.0
191	683901.0
192	683901.0
193	683901.0
194	683901.0
195	852535.0
196	852535.0
197	852535.0
198	852535.0
199	852535.0
200	699473.0
201	699473.0
202	699473.0
203	699473.0
204	699473.0
205	313370.0
206	313370.0
207	313370.0
208	313370.0
209	313370.0
210	2478.0
211	2478.0
212	2478.0
213	2478.0
214	2478.0
215	278566.0
216	278566.0
217	278566.0
218	278566.0
219	278566.0
220	529872.0
221	529872.0
222	529872.0
223	529872.0
224	529872.0
225	377078.0
226	377078.0
227	377078.0
228	377078.0
229	377078.0
230	769153.0
231	769153.0
232	769153.0
233	769153.0
234	769153.0
235	548511.0
236	548511.0
237	548511.0
238	548511.0
239	548511.0
240	287971.0
241	287971.0
242	287971.0
243	287971.0
244	287971.0
245	860894.0
246	860894.0
247	860894.0
248	860894.0
249	860894.0
