0	774251.0
1	774251.0
2	774251.0
3	774251.0
4	774251.0
5	515855.0
6	515855.0
7	515855.0
8	515855.0
9	515855.0
10	792807.0
11	792807.0
12	792807.0
13	792807.0
14	792807.0
15	616195.0
16	616195.0
17	616195.0
18	616195.0
19	616195.0
20	605856.0
21	605856.0
22	605856.0
23	605856.0
24	605856.0
25	706548.0
26	706548.0
27	706548.0
28	706548.0
29	706548.0
30	703474.0
31	703474.0
32	703474.0
33	703474.0
34	703474.0
35	333573.0
36	333573.0
37	333573.0
38	333573.0
39	333573.0
40	893177.0
41	893177.0
42	893177.0
43	893177.0
44	893177.0
45	903304.0
46	903304.0
47	903304.0
48	903304.0
49	903304.0
50	207161.0
51	207161.0
52	207161.0
53	207161.0
54	207161.0
55	888453.0
56	888453.0
57	888453.0
58	888453.0
59	888453.0
60	110600.0
61	110600.0
62	110600.0
63	110600.0
64	110600.0
65	824526.0
66	824526.0
67	824526.0
68	824526.0
69	824526.0
70	380575.0
71	380575.0
72	380575.0
73	380575.0
74	380575.0
75	23697.0
76	23697.0
77	23697.0
78	23697.0
79	23697.0
80	183906.0
81	183906.0
82	183906.0
83	183906.0
84	183906.0
85	598427.0
86	598427.0
87	598427.0
88	598427.0
89	598427.0
90	108155.0
91	108155.0
92	108155.0
93	108155.0
94	108155.0
95	797582.0
96	797582.0
97	797582.0
98	797582.0
99	797582.0
100	674028.0
101	674028.0
102	674028.0
103	674028.0
104	674028.0
105	386768.0
106	386768.0
107	386768.0
108	386768.0
109	386768.0
110	492650.0
111	492650.0
112	492650.0
113	492650.0
114	492650.0
115	650712.0
116	650712.0
117	650712.0
118	650712.0
119	650712.0
120	769686.0
121	769686.0
122	769686.0
123	769686.0
124	769686.0
125	360901.0
126	360901.0
127	360901.0
128	360901.0
129	360901.0
130	99695.0
131	99695.0
132	99695.0
133	99695.0
134	99695.0
135	667447.0
136	667447.0
137	667447.0
138	667447.0
139	667447.0
140	632577.0
141	632577.0
142	632577.0
143	632577.0
144	632577.0
145	4910.0
146	4910.0
147	4910.0
148	4910.0
149	4910.0
150	724821.0
151	724821.0
152	724821.0
153	724821.0
154	724821.0
155	762736.0
156	762736.0
157	762736.0
158	762736.0
159	762736.0
160	764558.0
161	764558.0
162	764558.0
163	764558.0
164	764558.0
165	113363.0
166	113363.0
167	113363.0
168	113363.0
169	113363.0
170	573027.0
171	573027.0
172	573027.0
173	573027.0
174	573027.0
175	310450.0
176	310450.0
177	310450.0
178	310450.0
179	310450.0
180	346916.0
181	346916.0
182	346916.0
183	346916.0
184	346916.0
185	786802.0
186	786802.0
187	786802.0
188	786802.0
189	786802.0
190	520052.0
191	520052.0
192	520052.0
193	520052.0
194	520052.0
195	286749.0
196	286749.0
197	286749.0
198	286749.0
199	286749.0
200	92656.0
201	92656.0
202	92656.0
203	92656.0
204	92656.0
205	629097.0
206	629097.0
207	629097.0
208	629097.0
209	629097.0
210	874407.0
211	874407.0
212	874407.0
213	874407.0
214	874407.0
215	361515.0
216	361515.0
217	361515.0
218	361515.0
219	361515.0
220	553288.0
221	553288.0
222	553288.0
223	553288.0
224	553288.0
225	340617.0
226	340617.0
227	340617.0
228	340617.0
229	340617.0
230	179156.0
231	179156.0
232	179156.0
233	179156.0
234	179156.0
235	59491.0
236	59491.0
237	59491.0
238	59491.0
239	59491.0
240	209448.0
241	209448.0
242	209448.0
243	209448.0
244	209448.0
245	902797.0
246	902797.0
247	902797.0
248	902797.0
249	902797.0
