0	715813.0
1	715813.0
2	715813.0
3	715813.0
4	715813.0
5	274957.0
6	274957.0
7	274957.0
8	274957.0
9	274957.0
10	230896.0
11	230896.0
12	230896.0
13	230896.0
14	230896.0
15	224665.0
16	224665.0
17	224665.0
18	224665.0
19	224665.0
20	505931.0
21	505931.0
22	505931.0
23	505931.0
24	505931.0
25	759340.0
26	759340.0
27	759340.0
28	759340.0
29	759340.0
30	568114.0
31	568114.0
32	568114.0
33	568114.0
34	568114.0
35	162788.0
36	162788.0
37	162788.0
38	162788.0
39	162788.0
40	687457.0
41	687457.0
42	687457.0
43	687457.0
44	687457.0
45	586104.0
46	586104.0
47	586104.0
48	586104.0
49	586104.0
50	389166.0
51	389166.0
52	389166.0
53	389166.0
54	389166.0
55	586010.0
56	586010.0
57	586010.0
58	586010.0
59	586010.0
60	196348.0
61	196348.0
62	196348.0
63	196348.0
64	196348.0
65	864515.0
66	864515.0
67	864515.0
68	864515.0
69	864515.0
70	724571.0
71	724571.0
72	724571.0
73	724571.0
74	724571.0
75	167748.0
76	167748.0
77	167748.0
78	167748.0
79	167748.0
80	319770.0
81	319770.0
82	319770.0
83	319770.0
84	319770.0
85	263310.0
86	263310.0
87	263310.0
88	263310.0
89	263310.0
90	401987.0
91	401987.0
92	401987.0
93	401987.0
94	401987.0
95	593447.0
96	593447.0
97	593447.0
98	593447.0
99	593447.0
100	339575.0
101	339575.0
102	339575.0
103	339575.0
104	339575.0
105	555094.0
106	555094.0
107	555094.0
108	555094.0
109	555094.0
110	75674.0
111	75674.0
112	75674.0
113	75674.0
114	75674.0
115	562463.0
116	562463.0
117	562463.0
118	562463.0
119	562463.0
120	367421.0
121	367421.0
122	367421.0
123	367421.0
124	367421.0
125	118808.0
126	118808.0
127	118808.0
128	118808.0
129	118808.0
130	581723.0
131	581723.0
132	581723.0
133	581723.0
134	581723.0
135	33852.0
136	33852.0
137	33852.0
138	33852.0
139	33852.0
140	38970.0
141	38970.0
142	38970.0
143	38970.0
144	38970.0
145	895549.0
146	895549.0
147	895549.0
148	895549.0
149	895549.0
150	725617.0
151	725617.0
152	725617.0
153	725617.0
154	725617.0
155	898990.0
156	898990.0
157	898990.0
158	898990.0
159	898990.0
160	773333.0
161	773333.0
162	773333.0
163	773333.0
164	773333.0
165	641635.0
166	641635.0
167	641635.0
168	641635.0
169	641635.0
170	226815.0
171	226815.0
172	226815.0
173	226815.0
174	226815.0
175	616246.0
176	616246.0
177	616246.0
178	616246.0
179	616246.0
180	463935.0
181	463935.0
182	463935.0
183	463935.0
184	463935.0
185	72811.0
186	72811.0
187	72811.0
188	72811.0
189	72811.0
190	885600.0
191	885600.0
192	885600.0
193	885600.0
194	885600.0
195	576428.0
196	576428.0
197	576428.0
198	576428.0
199	576428.0
200	785529.0
201	785529.0
202	785529.0
203	785529.0
204	785529.0
205	109261.0
206	109261.0
207	109261.0
208	109261.0
209	109261.0
210	390574.0
211	390574.0
212	390574.0
213	390574.0
214	390574.0
215	707012.0
216	707012.0
217	707012.0
218	707012.0
219	707012.0
220	841462.0
221	841462.0
222	841462.0
223	841462.0
224	841462.0
225	598132.0
226	598132.0
227	598132.0
228	598132.0
229	598132.0
230	873415.0
231	873415.0
232	873415.0
233	873415.0
234	873415.0
235	84724.0
236	84724.0
237	84724.0
238	84724.0
239	84724.0
240	868143.0
241	868143.0
242	868143.0
243	868143.0
244	868143.0
245	285975.0
246	285975.0
247	285975.0
248	285975.0
249	285975.0
