0	839884.0
1	839884.0
2	839884.0
3	839884.0
4	839884.0
5	18095.0
6	18095.0
7	18095.0
8	18095.0
9	18095.0
10	496191.0
11	496191.0
12	496191.0
13	496191.0
14	496191.0
15	483498.0
16	483498.0
17	483498.0
18	483498.0
19	483498.0
20	421951.0
21	421951.0
22	421951.0
23	421951.0
24	421951.0
25	436675.0
26	436675.0
27	436675.0
28	436675.0
29	436675.0
30	280540.0
31	280540.0
32	280540.0
33	280540.0
34	280540.0
35	277799.0
36	277799.0
37	277799.0
38	277799.0
39	277799.0
40	520636.0
41	520636.0
42	520636.0
43	520636.0
44	520636.0
45	310395.0
46	310395.0
47	310395.0
48	310395.0
49	310395.0
50	216819.0
51	216819.0
52	216819.0
53	216819.0
54	216819.0
55	440658.0
56	440658.0
57	440658.0
58	440658.0
59	440658.0
60	805131.0
61	805131.0
62	805131.0
63	805131.0
64	805131.0
65	594402.0
66	594402.0
67	594402.0
68	594402.0
69	594402.0
70	547951.0
71	547951.0
72	547951.0
73	547951.0
74	547951.0
75	570534.0
76	570534.0
77	570534.0
78	570534.0
79	570534.0
80	833965.0
81	833965.0
82	833965.0
83	833965.0
84	833965.0
85	411939.0
86	411939.0
87	411939.0
88	411939.0
89	411939.0
90	121093.0
91	121093.0
92	121093.0
93	121093.0
94	121093.0
95	237258.0
96	237258.0
97	237258.0
98	237258.0
99	237258.0
100	703613.0
101	703613.0
102	703613.0
103	703613.0
104	703613.0
105	552216.0
106	552216.0
107	552216.0
108	552216.0
109	552216.0
110	449645.0
111	449645.0
112	449645.0
113	449645.0
114	449645.0
115	266866.0
116	266866.0
117	266866.0
118	266866.0
119	266866.0
120	516735.0
121	516735.0
122	516735.0
123	516735.0
124	516735.0
125	144038.0
126	144038.0
127	144038.0
128	144038.0
129	144038.0
130	581197.0
131	581197.0
132	581197.0
133	581197.0
134	581197.0
135	532443.0
136	532443.0
137	532443.0
138	532443.0
139	532443.0
140	670260.0
141	670260.0
142	670260.0
143	670260.0
144	670260.0
145	74361.0
146	74361.0
147	74361.0
148	74361.0
149	74361.0
150	769756.0
151	769756.0
152	769756.0
153	769756.0
154	769756.0
155	44284.0
156	44284.0
157	44284.0
158	44284.0
159	44284.0
160	81990.0
161	81990.0
162	81990.0
163	81990.0
164	81990.0
165	168592.0
166	168592.0
167	168592.0
168	168592.0
169	168592.0
170	428264.0
171	428264.0
172	428264.0
173	428264.0
174	428264.0
175	370447.0
176	370447.0
177	370447.0
178	370447.0
179	370447.0
180	431630.0
181	431630.0
182	431630.0
183	431630.0
184	431630.0
185	882241.0
186	882241.0
187	882241.0
188	882241.0
189	882241.0
190	245590.0
191	245590.0
192	245590.0
193	245590.0
194	245590.0
195	521258.0
196	521258.0
197	521258.0
198	521258.0
199	521258.0
200	572465.0
201	572465.0
202	572465.0
203	572465.0
204	572465.0
205	87354.0
206	87354.0
207	87354.0
208	87354.0
209	87354.0
210	598370.0
211	598370.0
212	598370.0
213	598370.0
214	598370.0
215	397464.0
216	397464.0
217	397464.0
218	397464.0
219	397464.0
220	610432.0
221	610432.0
222	610432.0
223	610432.0
224	610432.0
225	396000.0
226	396000.0
227	396000.0
228	396000.0
229	396000.0
230	210024.0
231	210024.0
232	210024.0
233	210024.0
234	210024.0
235	665587.0
236	665587.0
237	665587.0
238	665587.0
239	665587.0
240	756055.0
241	756055.0
242	756055.0
243	756055.0
244	756055.0
245	775620.0
246	775620.0
247	775620.0
248	775620.0
249	775620.0
