0	719915.0
1	719915.0
2	719915.0
3	719915.0
4	719915.0
5	88115.0
6	88115.0
7	88115.0
8	88115.0
9	88115.0
10	735465.0
11	735465.0
12	735465.0
13	735465.0
14	735465.0
15	438977.0
16	438977.0
17	438977.0
18	438977.0
19	438977.0
20	462789.0
21	462789.0
22	462789.0
23	462789.0
24	462789.0
25	803023.0
26	803023.0
27	803023.0
28	803023.0
29	803023.0
30	338575.0
31	338575.0
32	338575.0
33	338575.0
34	338575.0
35	236777.0
36	236777.0
37	236777.0
38	236777.0
39	236777.0
40	170743.0
41	170743.0
42	170743.0
43	170743.0
44	170743.0
45	132750.0
46	132750.0
47	132750.0
48	132750.0
49	132750.0
50	721720.0
51	721720.0
52	721720.0
53	721720.0
54	721720.0
55	317902.0
56	317902.0
57	317902.0
58	317902.0
59	317902.0
60	751376.0
61	751376.0
62	751376.0
63	751376.0
64	751376.0
65	317226.0
66	317226.0
67	317226.0
68	317226.0
69	317226.0
70	315211.0
71	315211.0
72	315211.0
73	315211.0
74	315211.0
75	884267.0
76	884267.0
77	884267.0
78	884267.0
79	884267.0
80	699701.0
81	699701.0
82	699701.0
83	699701.0
84	699701.0
85	894243.0
86	894243.0
87	894243.0
88	894243.0
89	894243.0
90	730973.0
91	730973.0
92	730973.0
93	730973.0
94	730973.0
95	839217.0
96	839217.0
97	839217.0
98	839217.0
99	839217.0
100	690438.0
101	690438.0
102	690438.0
103	690438.0
104	690438.0
105	510719.0
106	510719.0
107	510719.0
108	510719.0
109	510719.0
110	674530.0
111	674530.0
112	674530.0
113	674530.0
114	674530.0
115	135847.0
116	135847.0
117	135847.0
118	135847.0
119	135847.0
120	599470.0
121	599470.0
122	599470.0
123	599470.0
124	599470.0
125	54120.0
126	54120.0
127	54120.0
128	54120.0
129	54120.0
130	8775.0
131	8775.0
132	8775.0
133	8775.0
134	8775.0
135	68652.0
136	68652.0
137	68652.0
138	68652.0
139	68652.0
140	55013.0
141	55013.0
142	55013.0
143	55013.0
144	55013.0
145	216319.0
146	216319.0
147	216319.0
148	216319.0
149	216319.0
150	712341.0
151	712341.0
152	712341.0
153	712341.0
154	712341.0
155	492643.0
156	492643.0
157	492643.0
158	492643.0
159	492643.0
160	830280.0
161	830280.0
162	830280.0
163	830280.0
164	830280.0
165	27724.0
166	27724.0
167	27724.0
168	27724.0
169	27724.0
170	79395.0
171	79395.0
172	79395.0
173	79395.0
174	79395.0
175	192403.0
176	192403.0
177	192403.0
178	192403.0
179	192403.0
180	543735.0
181	543735.0
182	543735.0
183	543735.0
184	543735.0
185	685030.0
186	685030.0
187	685030.0
188	685030.0
189	685030.0
190	455217.0
191	455217.0
192	455217.0
193	455217.0
194	455217.0
195	431774.0
196	431774.0
197	431774.0
198	431774.0
199	431774.0
200	3876.0
201	3876.0
202	3876.0
203	3876.0
204	3876.0
205	860039.0
206	860039.0
207	860039.0
208	860039.0
209	860039.0
210	28324.0
211	28324.0
212	28324.0
213	28324.0
214	28324.0
215	427327.0
216	427327.0
217	427327.0
218	427327.0
219	427327.0
220	863620.0
221	863620.0
222	863620.0
223	863620.0
224	863620.0
225	120147.0
226	120147.0
227	120147.0
228	120147.0
229	120147.0
230	155553.0
231	155553.0
232	155553.0
233	155553.0
234	155553.0
235	702161.0
236	702161.0
237	702161.0
238	702161.0
239	702161.0
240	576446.0
241	576446.0
242	576446.0
243	576446.0
244	576446.0
245	756199.0
246	756199.0
247	756199.0
248	756199.0
249	756199.0
