0	415325.0
1	415325.0
2	415325.0
3	415325.0
4	415325.0
5	616804.0
6	616804.0
7	616804.0
8	616804.0
9	616804.0
10	675561.0
11	675561.0
12	675561.0
13	675561.0
14	675561.0
15	13489.0
16	13489.0
17	13489.0
18	13489.0
19	13489.0
20	516298.0
21	516298.0
22	516298.0
23	516298.0
24	516298.0
25	212178.0
26	212178.0
27	212178.0
28	212178.0
29	212178.0
30	594487.0
31	594487.0
32	594487.0
33	594487.0
34	594487.0
35	106808.0
36	106808.0
37	106808.0
38	106808.0
39	106808.0
40	384860.0
41	384860.0
42	384860.0
43	384860.0
44	384860.0
45	127126.0
46	127126.0
47	127126.0
48	127126.0
49	127126.0
50	365432.0
51	365432.0
52	365432.0
53	365432.0
54	365432.0
55	121199.0
56	121199.0
57	121199.0
58	121199.0
59	121199.0
60	385131.0
61	385131.0
62	385131.0
63	385131.0
64	385131.0
65	275371.0
66	275371.0
67	275371.0
68	275371.0
69	275371.0
70	626267.0
71	626267.0
72	626267.0
73	626267.0
74	626267.0
75	690323.0
76	690323.0
77	690323.0
78	690323.0
79	690323.0
80	343402.0
81	343402.0
82	343402.0
83	343402.0
84	343402.0
85	444500.0
86	444500.0
87	444500.0
88	444500.0
89	444500.0
90	261504.0
91	261504.0
92	261504.0
93	261504.0
94	261504.0
95	266030.0
96	266030.0
97	266030.0
98	266030.0
99	266030.0
100	481998.0
101	481998.0
102	481998.0
103	481998.0
104	481998.0
105	661238.0
106	661238.0
107	661238.0
108	661238.0
109	661238.0
110	60597.0
111	60597.0
112	60597.0
113	60597.0
114	60597.0
115	464445.0
116	464445.0
117	464445.0
118	464445.0
119	464445.0
120	248410.0
121	248410.0
122	248410.0
123	248410.0
124	248410.0
125	799884.0
126	799884.0
127	799884.0
128	799884.0
129	799884.0
130	576725.0
131	576725.0
132	576725.0
133	576725.0
134	576725.0
135	688281.0
136	688281.0
137	688281.0
138	688281.0
139	688281.0
140	422748.0
141	422748.0
142	422748.0
143	422748.0
144	422748.0
145	70133.0
146	70133.0
147	70133.0
148	70133.0
149	70133.0
150	245782.0
151	245782.0
152	245782.0
153	245782.0
154	245782.0
155	891026.0
156	891026.0
157	891026.0
158	891026.0
159	891026.0
160	473881.0
161	473881.0
162	473881.0
163	473881.0
164	473881.0
165	180011.0
166	180011.0
167	180011.0
168	180011.0
169	180011.0
170	755840.0
171	755840.0
172	755840.0
173	755840.0
174	755840.0
175	873379.0
176	873379.0
177	873379.0
178	873379.0
179	873379.0
180	603232.0
181	603232.0
182	603232.0
183	603232.0
184	603232.0
185	167344.0
186	167344.0
187	167344.0
188	167344.0
189	167344.0
190	196474.0
191	196474.0
192	196474.0
193	196474.0
194	196474.0
195	375605.0
196	375605.0
197	375605.0
198	375605.0
199	375605.0
200	367169.0
201	367169.0
202	367169.0
203	367169.0
204	367169.0
205	78464.0
206	78464.0
207	78464.0
208	78464.0
209	78464.0
210	252799.0
211	252799.0
212	252799.0
213	252799.0
214	252799.0
215	111839.0
216	111839.0
217	111839.0
218	111839.0
219	111839.0
220	234168.0
221	234168.0
222	234168.0
223	234168.0
224	234168.0
225	110966.0
226	110966.0
227	110966.0
228	110966.0
229	110966.0
230	878687.0
231	878687.0
232	878687.0
233	878687.0
234	878687.0
235	602506.0
236	602506.0
237	602506.0
238	602506.0
239	602506.0
240	214688.0
241	214688.0
242	214688.0
243	214688.0
244	214688.0
245	231685.0
246	231685.0
247	231685.0
248	231685.0
249	231685.0
