0	187943.0
1	187943.0
2	187943.0
3	187943.0
4	187943.0
5	72008.0
6	72008.0
7	72008.0
8	72008.0
9	72008.0
10	157772.0
11	157772.0
12	157772.0
13	157772.0
14	157772.0
15	38285.0
16	38285.0
17	38285.0
18	38285.0
19	38285.0
20	179200.0
21	179200.0
22	179200.0
23	179200.0
24	179200.0
25	58734.0
26	58734.0
27	58734.0
28	58734.0
29	58734.0
30	11416.0
31	11416.0
32	11416.0
33	11416.0
34	11416.0
35	144990.0
36	144990.0
37	144990.0
38	144990.0
39	144990.0
40	46170.0
41	46170.0
42	46170.0
43	46170.0
44	46170.0
45	184630.0
46	184630.0
47	184630.0
48	184630.0
49	184630.0
50	20770.0
51	20770.0
52	20770.0
53	20770.0
54	20770.0
55	86194.0
56	86194.0
57	86194.0
58	86194.0
59	86194.0
60	46169.0
61	46169.0
62	46169.0
63	46169.0
64	46169.0
65	55764.0
66	55764.0
67	55764.0
68	55764.0
69	55764.0
70	187934.0
71	187934.0
72	187934.0
73	187934.0
74	187934.0
75	190450.0
76	190450.0
77	190450.0
78	190450.0
79	190450.0
80	119722.0
81	119722.0
82	119722.0
83	119722.0
84	119722.0
85	82528.0
86	82528.0
87	82528.0
88	82528.0
89	82528.0
90	165171.0
91	165171.0
92	165171.0
93	165171.0
94	165171.0
95	37904.0
96	37904.0
97	37904.0
98	37904.0
99	37904.0
100	83827.0
101	83827.0
102	83827.0
103	83827.0
104	83827.0
105	164274.0
106	164274.0
107	164274.0
108	164274.0
109	164274.0
110	155894.0
111	155894.0
112	155894.0
113	155894.0
114	155894.0
115	118443.0
116	118443.0
117	118443.0
118	118443.0
119	118443.0
120	184831.0
121	184831.0
122	184831.0
123	184831.0
124	184831.0
125	163828.0
126	163828.0
127	163828.0
128	163828.0
129	163828.0
130	180373.0
131	180373.0
132	180373.0
133	180373.0
134	180373.0
135	63060.0
136	63060.0
137	63060.0
138	63060.0
139	63060.0
140	99198.0
141	99198.0
142	99198.0
143	99198.0
144	99198.0
145	166426.0
146	166426.0
147	166426.0
148	166426.0
149	166426.0
150	152768.0
151	152768.0
152	152768.0
153	152768.0
154	152768.0
155	41322.0
156	41322.0
157	41322.0
158	41322.0
159	41322.0
160	187148.0
161	187148.0
162	187148.0
163	187148.0
164	187148.0
165	130666.0
166	130666.0
167	130666.0
168	130666.0
169	130666.0
170	154569.0
171	154569.0
172	154569.0
173	154569.0
174	154569.0
175	75617.0
176	75617.0
177	75617.0
178	75617.0
179	75617.0
180	187165.0
181	187165.0
182	187165.0
183	187165.0
184	187165.0
185	103010.0
186	103010.0
187	103010.0
188	103010.0
189	103010.0
190	159274.0
191	159274.0
192	159274.0
193	159274.0
194	159274.0
195	50010.0
196	50010.0
197	50010.0
198	50010.0
199	50010.0
200	170858.0
201	170858.0
202	170858.0
203	170858.0
204	170858.0
205	109919.0
206	109919.0
207	109919.0
208	109919.0
209	109919.0
210	129815.0
211	129815.0
212	129815.0
213	129815.0
214	129815.0
215	179633.0
216	179633.0
217	179633.0
218	179633.0
219	179633.0
220	134015.0
221	134015.0
222	134015.0
223	134015.0
224	134015.0
225	120882.0
226	120882.0
227	120882.0
228	120882.0
229	120882.0
230	114685.0
231	114685.0
232	114685.0
233	114685.0
234	114685.0
235	184783.0
236	184783.0
237	184783.0
238	184783.0
239	184783.0
240	86846.0
241	86846.0
242	86846.0
243	86846.0
244	86846.0
245	26511.0
246	26511.0
247	26511.0
248	26511.0
249	26511.0
