0	90836.0
1	90836.0
2	90836.0
3	90836.0
4	90836.0
5	19338.0
6	19338.0
7	19338.0
8	19338.0
9	19338.0
10	172588.0
11	172588.0
12	172588.0
13	172588.0
14	172588.0
15	140315.0
16	140315.0
17	140315.0
18	140315.0
19	140315.0
20	132926.0
21	132926.0
22	132926.0
23	132926.0
24	132926.0
25	71374.0
26	71374.0
27	71374.0
28	71374.0
29	71374.0
30	135426.0
31	135426.0
32	135426.0
33	135426.0
34	135426.0
35	123524.0
36	123524.0
37	123524.0
38	123524.0
39	123524.0
40	197638.0
41	197638.0
42	197638.0
43	197638.0
44	197638.0
45	129819.0
46	129819.0
47	129819.0
48	129819.0
49	129819.0
50	191284.0
51	191284.0
52	191284.0
53	191284.0
54	191284.0
55	108453.0
56	108453.0
57	108453.0
58	108453.0
59	108453.0
60	188289.0
61	188289.0
62	188289.0
63	188289.0
64	188289.0
65	27455.0
66	27455.0
67	27455.0
68	27455.0
69	27455.0
70	72000.0
71	72000.0
72	72000.0
73	72000.0
74	72000.0
75	68096.0
76	68096.0
77	68096.0
78	68096.0
79	68096.0
80	120631.0
81	120631.0
82	120631.0
83	120631.0
84	120631.0
85	6379.0
86	6379.0
87	6379.0
88	6379.0
89	6379.0
90	79640.0
91	79640.0
92	79640.0
93	79640.0
94	79640.0
95	16835.0
96	16835.0
97	16835.0
98	16835.0
99	16835.0
100	58886.0
101	58886.0
102	58886.0
103	58886.0
104	58886.0
105	40687.0
106	40687.0
107	40687.0
108	40687.0
109	40687.0
110	61474.0
111	61474.0
112	61474.0
113	61474.0
114	61474.0
115	29338.0
116	29338.0
117	29338.0
118	29338.0
119	29338.0
120	95451.0
121	95451.0
122	95451.0
123	95451.0
124	95451.0
125	152399.0
126	152399.0
127	152399.0
128	152399.0
129	152399.0
130	53452.0
131	53452.0
132	53452.0
133	53452.0
134	53452.0
135	92661.0
136	92661.0
137	92661.0
138	92661.0
139	92661.0
140	72241.0
141	72241.0
142	72241.0
143	72241.0
144	72241.0
145	186404.0
146	186404.0
147	186404.0
148	186404.0
149	186404.0
150	4994.0
151	4994.0
152	4994.0
153	4994.0
154	4994.0
155	105496.0
156	105496.0
157	105496.0
158	105496.0
159	105496.0
160	163760.0
161	163760.0
162	163760.0
163	163760.0
164	163760.0
165	156696.0
166	156696.0
167	156696.0
168	156696.0
169	156696.0
170	142020.0
171	142020.0
172	142020.0
173	142020.0
174	142020.0
175	77982.0
176	77982.0
177	77982.0
178	77982.0
179	77982.0
180	141027.0
181	141027.0
182	141027.0
183	141027.0
184	141027.0
185	117850.0
186	117850.0
187	117850.0
188	117850.0
189	117850.0
190	65413.0
191	65413.0
192	65413.0
193	65413.0
194	65413.0
195	35746.0
196	35746.0
197	35746.0
198	35746.0
199	35746.0
200	6396.0
201	6396.0
202	6396.0
203	6396.0
204	6396.0
205	114573.0
206	114573.0
207	114573.0
208	114573.0
209	114573.0
210	36177.0
211	36177.0
212	36177.0
213	36177.0
214	36177.0
215	111242.0
216	111242.0
217	111242.0
218	111242.0
219	111242.0
220	48856.0
221	48856.0
222	48856.0
223	48856.0
224	48856.0
225	12883.0
226	12883.0
227	12883.0
228	12883.0
229	12883.0
230	191850.0
231	191850.0
232	191850.0
233	191850.0
234	191850.0
235	62648.0
236	62648.0
237	62648.0
238	62648.0
239	62648.0
240	196246.0
241	196246.0
242	196246.0
243	196246.0
244	196246.0
245	139247.0
246	139247.0
247	139247.0
248	139247.0
249	139247.0
