0	32703.0
1	32703.0
2	32703.0
3	32703.0
4	32703.0
5	152107.0
6	152107.0
7	152107.0
8	152107.0
9	152107.0
10	55453.0
11	55453.0
12	55453.0
13	55453.0
14	55453.0
15	97701.0
16	97701.0
17	97701.0
18	97701.0
19	97701.0
20	105005.0
21	105005.0
22	105005.0
23	105005.0
24	105005.0
25	46938.0
26	46938.0
27	46938.0
28	46938.0
29	46938.0
30	195001.0
31	195001.0
32	195001.0
33	195001.0
34	195001.0
35	18057.0
36	18057.0
37	18057.0
38	18057.0
39	18057.0
40	83355.0
41	83355.0
42	83355.0
43	83355.0
44	83355.0
45	90070.0
46	90070.0
47	90070.0
48	90070.0
49	90070.0
50	125367.0
51	125367.0
52	125367.0
53	125367.0
54	125367.0
55	99873.0
56	99873.0
57	99873.0
58	99873.0
59	99873.0
60	38049.0
61	38049.0
62	38049.0
63	38049.0
64	38049.0
65	32352.0
66	32352.0
67	32352.0
68	32352.0
69	32352.0
70	96606.0
71	96606.0
72	96606.0
73	96606.0
74	96606.0
75	53081.0
76	53081.0
77	53081.0
78	53081.0
79	53081.0
80	85960.0
81	85960.0
82	85960.0
83	85960.0
84	85960.0
85	113374.0
86	113374.0
87	113374.0
88	113374.0
89	113374.0
90	11451.0
91	11451.0
92	11451.0
93	11451.0
94	11451.0
95	19244.0
96	19244.0
97	19244.0
98	19244.0
99	19244.0
100	136192.0
101	136192.0
102	136192.0
103	136192.0
104	136192.0
105	195845.0
106	195845.0
107	195845.0
108	195845.0
109	195845.0
110	167218.0
111	167218.0
112	167218.0
113	167218.0
114	167218.0
115	188215.0
116	188215.0
117	188215.0
118	188215.0
119	188215.0
120	172699.0
121	172699.0
122	172699.0
123	172699.0
124	172699.0
125	17586.0
126	17586.0
127	17586.0
128	17586.0
129	17586.0
130	76286.0
131	76286.0
132	76286.0
133	76286.0
134	76286.0
135	121592.0
136	121592.0
137	121592.0
138	121592.0
139	121592.0
140	55701.0
141	55701.0
142	55701.0
143	55701.0
144	55701.0
145	47007.0
146	47007.0
147	47007.0
148	47007.0
149	47007.0
150	168261.0
151	168261.0
152	168261.0
153	168261.0
154	168261.0
155	9297.0
156	9297.0
157	9297.0
158	9297.0
159	9297.0
160	55006.0
161	55006.0
162	55006.0
163	55006.0
164	55006.0
165	40987.0
166	40987.0
167	40987.0
168	40987.0
169	40987.0
170	3348.0
171	3348.0
172	3348.0
173	3348.0
174	3348.0
175	99175.0
176	99175.0
177	99175.0
178	99175.0
179	99175.0
180	118708.0
181	118708.0
182	118708.0
183	118708.0
184	118708.0
185	13917.0
186	13917.0
187	13917.0
188	13917.0
189	13917.0
190	105979.0
191	105979.0
192	105979.0
193	105979.0
194	105979.0
195	133170.0
196	133170.0
197	133170.0
198	133170.0
199	133170.0
200	89694.0
201	89694.0
202	89694.0
203	89694.0
204	89694.0
205	91250.0
206	91250.0
207	91250.0
208	91250.0
209	91250.0
210	82282.0
211	82282.0
212	82282.0
213	82282.0
214	82282.0
215	107240.0
216	107240.0
217	107240.0
218	107240.0
219	107240.0
220	157760.0
221	157760.0
222	157760.0
223	157760.0
224	157760.0
225	28100.0
226	28100.0
227	28100.0
228	28100.0
229	28100.0
230	11550.0
231	11550.0
232	11550.0
233	11550.0
234	11550.0
235	111291.0
236	111291.0
237	111291.0
238	111291.0
239	111291.0
240	100623.0
241	100623.0
242	100623.0
243	100623.0
244	100623.0
245	149617.0
246	149617.0
247	149617.0
248	149617.0
249	149617.0
