0	72813.0
1	72813.0
2	72813.0
3	72813.0
4	72813.0
5	123799.0
6	123799.0
7	123799.0
8	123799.0
9	123799.0
10	176200.0
11	176200.0
12	176200.0
13	176200.0
14	176200.0
15	83549.0
16	83549.0
17	83549.0
18	83549.0
19	83549.0
20	123907.0
21	123907.0
22	123907.0
23	123907.0
24	123907.0
25	191629.0
26	191629.0
27	191629.0
28	191629.0
29	191629.0
30	74418.0
31	74418.0
32	74418.0
33	74418.0
34	74418.0
35	194319.0
36	194319.0
37	194319.0
38	194319.0
39	194319.0
40	174496.0
41	174496.0
42	174496.0
43	174496.0
44	174496.0
45	124336.0
46	124336.0
47	124336.0
48	124336.0
49	124336.0
50	18551.0
51	18551.0
52	18551.0
53	18551.0
54	18551.0
55	90512.0
56	90512.0
57	90512.0
58	90512.0
59	90512.0
60	81150.0
61	81150.0
62	81150.0
63	81150.0
64	81150.0
65	98801.0
66	98801.0
67	98801.0
68	98801.0
69	98801.0
70	37402.0
71	37402.0
72	37402.0
73	37402.0
74	37402.0
75	12611.0
76	12611.0
77	12611.0
78	12611.0
79	12611.0
80	66296.0
81	66296.0
82	66296.0
83	66296.0
84	66296.0
85	122578.0
86	122578.0
87	122578.0
88	122578.0
89	122578.0
90	112958.0
91	112958.0
92	112958.0
93	112958.0
94	112958.0
95	172416.0
96	172416.0
97	172416.0
98	172416.0
99	172416.0
100	121551.0
101	121551.0
102	121551.0
103	121551.0
104	121551.0
105	63632.0
106	63632.0
107	63632.0
108	63632.0
109	63632.0
110	169744.0
111	169744.0
112	169744.0
113	169744.0
114	169744.0
115	99406.0
116	99406.0
117	99406.0
118	99406.0
119	99406.0
120	86913.0
121	86913.0
122	86913.0
123	86913.0
124	86913.0
125	27611.0
126	27611.0
127	27611.0
128	27611.0
129	27611.0
130	169463.0
131	169463.0
132	169463.0
133	169463.0
134	169463.0
135	169478.0
136	169478.0
137	169478.0
138	169478.0
139	169478.0
140	155042.0
141	155042.0
142	155042.0
143	155042.0
144	155042.0
145	105590.0
146	105590.0
147	105590.0
148	105590.0
149	105590.0
150	134069.0
151	134069.0
152	134069.0
153	134069.0
154	134069.0
155	59673.0
156	59673.0
157	59673.0
158	59673.0
159	59673.0
160	32472.0
161	32472.0
162	32472.0
163	32472.0
164	32472.0
165	70377.0
166	70377.0
167	70377.0
168	70377.0
169	70377.0
170	111102.0
171	111102.0
172	111102.0
173	111102.0
174	111102.0
175	98109.0
176	98109.0
177	98109.0
178	98109.0
179	98109.0
180	14004.0
181	14004.0
182	14004.0
183	14004.0
184	14004.0
185	77538.0
186	77538.0
187	77538.0
188	77538.0
189	77538.0
190	156767.0
191	156767.0
192	156767.0
193	156767.0
194	156767.0
195	80138.0
196	80138.0
197	80138.0
198	80138.0
199	80138.0
200	91995.0
201	91995.0
202	91995.0
203	91995.0
204	91995.0
205	122226.0
206	122226.0
207	122226.0
208	122226.0
209	122226.0
210	150390.0
211	150390.0
212	150390.0
213	150390.0
214	150390.0
215	193596.0
216	193596.0
217	193596.0
218	193596.0
219	193596.0
220	44109.0
221	44109.0
222	44109.0
223	44109.0
224	44109.0
225	24161.0
226	24161.0
227	24161.0
228	24161.0
229	24161.0
230	80635.0
231	80635.0
232	80635.0
233	80635.0
234	80635.0
235	11624.0
236	11624.0
237	11624.0
238	11624.0
239	11624.0
240	126913.0
241	126913.0
242	126913.0
243	126913.0
244	126913.0
245	10795.0
246	10795.0
247	10795.0
248	10795.0
249	10795.0
