0	105111.0
1	105111.0
2	105111.0
3	105111.0
4	105111.0
5	18884.0
6	18884.0
7	18884.0
8	18884.0
9	18884.0
10	175564.0
11	175564.0
12	175564.0
13	175564.0
14	175564.0
15	107062.0
16	107062.0
17	107062.0
18	107062.0
19	107062.0
20	124100.0
21	124100.0
22	124100.0
23	124100.0
24	124100.0
25	35076.0
26	35076.0
27	35076.0
28	35076.0
29	35076.0
30	84654.0
31	84654.0
32	84654.0
33	84654.0
34	84654.0
35	156609.0
36	156609.0
37	156609.0
38	156609.0
39	156609.0
40	13028.0
41	13028.0
42	13028.0
43	13028.0
44	13028.0
45	175290.0
46	175290.0
47	175290.0
48	175290.0
49	175290.0
50	14680.0
51	14680.0
52	14680.0
53	14680.0
54	14680.0
55	125916.0
56	125916.0
57	125916.0
58	125916.0
59	125916.0
60	8589.0
61	8589.0
62	8589.0
63	8589.0
64	8589.0
65	104860.0
66	104860.0
67	104860.0
68	104860.0
69	104860.0
70	92207.0
71	92207.0
72	92207.0
73	92207.0
74	92207.0
75	154377.0
76	154377.0
77	154377.0
78	154377.0
79	154377.0
80	14756.0
81	14756.0
82	14756.0
83	14756.0
84	14756.0
85	119390.0
86	119390.0
87	119390.0
88	119390.0
89	119390.0
90	175002.0
91	175002.0
92	175002.0
93	175002.0
94	175002.0
95	24374.0
96	24374.0
97	24374.0
98	24374.0
99	24374.0
100	55381.0
101	55381.0
102	55381.0
103	55381.0
104	55381.0
105	28706.0
106	28706.0
107	28706.0
108	28706.0
109	28706.0
110	99500.0
111	99500.0
112	99500.0
113	99500.0
114	99500.0
115	127976.0
116	127976.0
117	127976.0
118	127976.0
119	127976.0
120	79894.0
121	79894.0
122	79894.0
123	79894.0
124	79894.0
125	19010.0
126	19010.0
127	19010.0
128	19010.0
129	19010.0
130	153549.0
131	153549.0
132	153549.0
133	153549.0
134	153549.0
135	16992.0
136	16992.0
137	16992.0
138	16992.0
139	16992.0
140	56414.0
141	56414.0
142	56414.0
143	56414.0
144	56414.0
145	60067.0
146	60067.0
147	60067.0
148	60067.0
149	60067.0
150	147834.0
151	147834.0
152	147834.0
153	147834.0
154	147834.0
155	38619.0
156	38619.0
157	38619.0
158	38619.0
159	38619.0
160	154060.0
161	154060.0
162	154060.0
163	154060.0
164	154060.0
165	79685.0
166	79685.0
167	79685.0
168	79685.0
169	79685.0
170	95343.0
171	95343.0
172	95343.0
173	95343.0
174	95343.0
175	90139.0
176	90139.0
177	90139.0
178	90139.0
179	90139.0
180	139473.0
181	139473.0
182	139473.0
183	139473.0
184	139473.0
185	125281.0
186	125281.0
187	125281.0
188	125281.0
189	125281.0
190	98513.0
191	98513.0
192	98513.0
193	98513.0
194	98513.0
195	115107.0
196	115107.0
197	115107.0
198	115107.0
199	115107.0
200	39983.0
201	39983.0
202	39983.0
203	39983.0
204	39983.0
205	165839.0
206	165839.0
207	165839.0
208	165839.0
209	165839.0
210	34813.0
211	34813.0
212	34813.0
213	34813.0
214	34813.0
215	59782.0
216	59782.0
217	59782.0
218	59782.0
219	59782.0
220	20436.0
221	20436.0
222	20436.0
223	20436.0
224	20436.0
225	66648.0
226	66648.0
227	66648.0
228	66648.0
229	66648.0
230	171369.0
231	171369.0
232	171369.0
233	171369.0
234	171369.0
235	28626.0
236	28626.0
237	28626.0
238	28626.0
239	28626.0
240	112061.0
241	112061.0
242	112061.0
243	112061.0
244	112061.0
245	142029.0
246	142029.0
247	142029.0
248	142029.0
249	142029.0
