0	204926.0
1	204926.0
2	204926.0
3	204926.0
4	204926.0
5	200510.0
6	200510.0
7	200510.0
8	200510.0
9	200510.0
10	176351.0
11	176351.0
12	176351.0
13	176351.0
14	176351.0
15	18422.0
16	18422.0
17	18422.0
18	18422.0
19	18422.0
20	202659.0
21	202659.0
22	202659.0
23	202659.0
24	202659.0
25	117590.0
26	117590.0
27	117590.0
28	117590.0
29	117590.0
30	192613.0
31	192613.0
32	192613.0
33	192613.0
34	192613.0
35	202570.0
36	202570.0
37	202570.0
38	202570.0
39	202570.0
40	71963.0
41	71963.0
42	71963.0
43	71963.0
44	71963.0
45	152506.0
46	152506.0
47	152506.0
48	152506.0
49	152506.0
50	155713.0
51	155713.0
52	155713.0
53	155713.0
54	155713.0
55	16043.0
56	16043.0
57	16043.0
58	16043.0
59	16043.0
60	159575.0
61	159575.0
62	159575.0
63	159575.0
64	159575.0
65	212787.0
66	212787.0
67	212787.0
68	212787.0
69	212787.0
70	89264.0
71	89264.0
72	89264.0
73	89264.0
74	89264.0
75	170482.0
76	170482.0
77	170482.0
78	170482.0
79	170482.0
80	57352.0
81	57352.0
82	57352.0
83	57352.0
84	57352.0
85	149470.0
86	149470.0
87	149470.0
88	149470.0
89	149470.0
90	20624.0
91	20624.0
92	20624.0
93	20624.0
94	20624.0
95	102027.0
96	102027.0
97	102027.0
98	102027.0
99	102027.0
100	200292.0
101	200292.0
102	200292.0
103	200292.0
104	200292.0
105	4101.0
106	4101.0
107	4101.0
108	4101.0
109	4101.0
110	156869.0
111	156869.0
112	156869.0
113	156869.0
114	156869.0
115	210306.0
116	210306.0
117	210306.0
118	210306.0
119	210306.0
120	122237.0
121	122237.0
122	122237.0
123	122237.0
124	122237.0
125	170372.0
126	170372.0
127	170372.0
128	170372.0
129	170372.0
130	200864.0
131	200864.0
132	200864.0
133	200864.0
134	200864.0
135	74844.0
136	74844.0
137	74844.0
138	74844.0
139	74844.0
140	189441.0
141	189441.0
142	189441.0
143	189441.0
144	189441.0
145	140633.0
146	140633.0
147	140633.0
148	140633.0
149	140633.0
150	28559.0
151	28559.0
152	28559.0
153	28559.0
154	28559.0
155	209913.0
156	209913.0
157	209913.0
158	209913.0
159	209913.0
160	56735.0
161	56735.0
162	56735.0
163	56735.0
164	56735.0
165	5975.0
166	5975.0
167	5975.0
168	5975.0
169	5975.0
170	168170.0
171	168170.0
172	168170.0
173	168170.0
174	168170.0
175	138688.0
176	138688.0
177	138688.0
178	138688.0
179	138688.0
180	203165.0
181	203165.0
182	203165.0
183	203165.0
184	203165.0
185	144726.0
186	144726.0
187	144726.0
188	144726.0
189	144726.0
190	141850.0
191	141850.0
192	141850.0
193	141850.0
194	141850.0
195	198942.0
196	198942.0
197	198942.0
198	198942.0
199	198942.0
200	130529.0
201	130529.0
202	130529.0
203	130529.0
204	130529.0
205	148182.0
206	148182.0
207	148182.0
208	148182.0
209	148182.0
210	108667.0
211	108667.0
212	108667.0
213	108667.0
214	108667.0
215	73240.0
216	73240.0
217	73240.0
218	73240.0
219	73240.0
220	152153.0
221	152153.0
222	152153.0
223	152153.0
224	152153.0
225	45024.0
226	45024.0
227	45024.0
228	45024.0
229	45024.0
230	165731.0
231	165731.0
232	165731.0
233	165731.0
234	165731.0
235	25828.0
236	25828.0
237	25828.0
238	25828.0
239	25828.0
240	31520.0
241	31520.0
242	31520.0
243	31520.0
244	31520.0
245	183256.0
246	183256.0
247	183256.0
248	183256.0
249	183256.0
