0	204125.0
1	204125.0
2	204125.0
3	204125.0
4	204125.0
5	200771.0
6	200771.0
7	200771.0
8	200771.0
9	200771.0
10	164081.0
11	164081.0
12	164081.0
13	164081.0
14	164081.0
15	67692.0
16	67692.0
17	67692.0
18	67692.0
19	67692.0
20	67578.0
21	67578.0
22	67578.0
23	67578.0
24	67578.0
25	81375.0
26	81375.0
27	81375.0
28	81375.0
29	81375.0
30	29418.0
31	29418.0
32	29418.0
33	29418.0
34	29418.0
35	8671.0
36	8671.0
37	8671.0
38	8671.0
39	8671.0
40	115615.0
41	115615.0
42	115615.0
43	115615.0
44	115615.0
45	111908.0
46	111908.0
47	111908.0
48	111908.0
49	111908.0
50	96262.0
51	96262.0
52	96262.0
53	96262.0
54	96262.0
55	38345.0
56	38345.0
57	38345.0
58	38345.0
59	38345.0
60	131252.0
61	131252.0
62	131252.0
63	131252.0
64	131252.0
65	158549.0
66	158549.0
67	158549.0
68	158549.0
69	158549.0
70	562.0
71	562.0
72	562.0
73	562.0
74	562.0
75	166574.0
76	166574.0
77	166574.0
78	166574.0
79	166574.0
80	89942.0
81	89942.0
82	89942.0
83	89942.0
84	89942.0
85	33542.0
86	33542.0
87	33542.0
88	33542.0
89	33542.0
90	107478.0
91	107478.0
92	107478.0
93	107478.0
94	107478.0
95	193445.0
96	193445.0
97	193445.0
98	193445.0
99	193445.0
100	169440.0
101	169440.0
102	169440.0
103	169440.0
104	169440.0
105	201468.0
106	201468.0
107	201468.0
108	201468.0
109	201468.0
110	83887.0
111	83887.0
112	83887.0
113	83887.0
114	83887.0
115	62825.0
116	62825.0
117	62825.0
118	62825.0
119	62825.0
120	89989.0
121	89989.0
122	89989.0
123	89989.0
124	89989.0
125	73013.0
126	73013.0
127	73013.0
128	73013.0
129	73013.0
130	158571.0
131	158571.0
132	158571.0
133	158571.0
134	158571.0
135	185523.0
136	185523.0
137	185523.0
138	185523.0
139	185523.0
140	83993.0
141	83993.0
142	83993.0
143	83993.0
144	83993.0
145	96920.0
146	96920.0
147	96920.0
148	96920.0
149	96920.0
150	22045.0
151	22045.0
152	22045.0
153	22045.0
154	22045.0
155	121878.0
156	121878.0
157	121878.0
158	121878.0
159	121878.0
160	44330.0
161	44330.0
162	44330.0
163	44330.0
164	44330.0
165	126375.0
166	126375.0
167	126375.0
168	126375.0
169	126375.0
170	94132.0
171	94132.0
172	94132.0
173	94132.0
174	94132.0
175	12226.0
176	12226.0
177	12226.0
178	12226.0
179	12226.0
180	184907.0
181	184907.0
182	184907.0
183	184907.0
184	184907.0
185	101664.0
186	101664.0
187	101664.0
188	101664.0
189	101664.0
190	85399.0
191	85399.0
192	85399.0
193	85399.0
194	85399.0
195	11237.0
196	11237.0
197	11237.0
198	11237.0
199	11237.0
200	13898.0
201	13898.0
202	13898.0
203	13898.0
204	13898.0
205	106440.0
206	106440.0
207	106440.0
208	106440.0
209	106440.0
210	25084.0
211	25084.0
212	25084.0
213	25084.0
214	25084.0
215	96274.0
216	96274.0
217	96274.0
218	96274.0
219	96274.0
220	90333.0
221	90333.0
222	90333.0
223	90333.0
224	90333.0
225	9084.0
226	9084.0
227	9084.0
228	9084.0
229	9084.0
230	132697.0
231	132697.0
232	132697.0
233	132697.0
234	132697.0
235	129045.0
236	129045.0
237	129045.0
238	129045.0
239	129045.0
240	36750.0
241	36750.0
242	36750.0
243	36750.0
244	36750.0
245	190354.0
246	190354.0
247	190354.0
248	190354.0
249	190354.0
