0	375070.0
1	375070.0
2	375070.0
3	375070.0
4	375070.0
5	248936.0
6	248936.0
7	248936.0
8	248936.0
9	248936.0
10	371164.0
11	371164.0
12	371164.0
13	371164.0
14	371164.0
15	287892.0
16	287892.0
17	287892.0
18	287892.0
19	287892.0
20	467636.0
21	467636.0
22	467636.0
23	467636.0
24	467636.0
25	11739.0
26	11739.0
27	11739.0
28	11739.0
29	11739.0
30	330345.0
31	330345.0
32	330345.0
33	330345.0
34	330345.0
35	413707.0
36	413707.0
37	413707.0
38	413707.0
39	413707.0
40	372130.0
41	372130.0
42	372130.0
43	372130.0
44	372130.0
45	226151.0
46	226151.0
47	226151.0
48	226151.0
49	226151.0
50	149613.0
51	149613.0
52	149613.0
53	149613.0
54	149613.0
55	301819.0
56	301819.0
57	301819.0
58	301819.0
59	301819.0
60	405859.0
61	405859.0
62	405859.0
63	405859.0
64	405859.0
65	231836.0
66	231836.0
67	231836.0
68	231836.0
69	231836.0
70	483247.0
71	483247.0
72	483247.0
73	483247.0
74	483247.0
75	262637.0
76	262637.0
77	262637.0
78	262637.0
79	262637.0
80	278600.0
81	278600.0
82	278600.0
83	278600.0
84	278600.0
85	478724.0
86	478724.0
87	478724.0
88	478724.0
89	478724.0
90	437801.0
91	437801.0
92	437801.0
93	437801.0
94	437801.0
95	85380.0
96	85380.0
97	85380.0
98	85380.0
99	85380.0
100	52348.0
101	52348.0
102	52348.0
103	52348.0
104	52348.0
105	386152.0
106	386152.0
107	386152.0
108	386152.0
109	386152.0
110	91644.0
111	91644.0
112	91644.0
113	91644.0
114	91644.0
115	237853.0
116	237853.0
117	237853.0
118	237853.0
119	237853.0
120	590.0
121	590.0
122	590.0
123	590.0
124	590.0
125	392186.0
126	392186.0
127	392186.0
128	392186.0
129	392186.0
130	18456.0
131	18456.0
132	18456.0
133	18456.0
134	18456.0
135	380654.0
136	380654.0
137	380654.0
138	380654.0
139	380654.0
140	116471.0
141	116471.0
142	116471.0
143	116471.0
144	116471.0
145	152375.0
146	152375.0
147	152375.0
148	152375.0
149	152375.0
150	69831.0
151	69831.0
152	69831.0
153	69831.0
154	69831.0
155	100285.0
156	100285.0
157	100285.0
158	100285.0
159	100285.0
160	148046.0
161	148046.0
162	148046.0
163	148046.0
164	148046.0
165	227591.0
166	227591.0
167	227591.0
168	227591.0
169	227591.0
170	281801.0
171	281801.0
172	281801.0
173	281801.0
174	281801.0
175	244113.0
176	244113.0
177	244113.0
178	244113.0
179	244113.0
180	81451.0
181	81451.0
182	81451.0
183	81451.0
184	81451.0
185	255191.0
186	255191.0
187	255191.0
188	255191.0
189	255191.0
190	165605.0
191	165605.0
192	165605.0
193	165605.0
194	165605.0
195	297689.0
196	297689.0
197	297689.0
198	297689.0
199	297689.0
200	456362.0
201	456362.0
202	456362.0
203	456362.0
204	456362.0
205	467862.0
206	467862.0
207	467862.0
208	467862.0
209	467862.0
210	443425.0
211	443425.0
212	443425.0
213	443425.0
214	443425.0
215	149428.0
216	149428.0
217	149428.0
218	149428.0
219	149428.0
220	224547.0
221	224547.0
222	224547.0
223	224547.0
224	224547.0
225	497023.0
226	497023.0
227	497023.0
228	497023.0
229	497023.0
230	430581.0
231	430581.0
232	430581.0
233	430581.0
234	430581.0
235	196477.0
236	196477.0
237	196477.0
238	196477.0
239	196477.0
240	184845.0
241	184845.0
242	184845.0
243	184845.0
244	184845.0
245	154631.0
246	154631.0
247	154631.0
248	154631.0
249	154631.0
