0	110173.0
1	110173.0
2	110173.0
3	110173.0
4	110173.0
5	192684.0
6	192684.0
7	192684.0
8	192684.0
9	192684.0
10	273218.0
11	273218.0
12	273218.0
13	273218.0
14	273218.0
15	428564.0
16	428564.0
17	428564.0
18	428564.0
19	428564.0
20	264701.0
21	264701.0
22	264701.0
23	264701.0
24	264701.0
25	267418.0
26	267418.0
27	267418.0
28	267418.0
29	267418.0
30	451622.0
31	451622.0
32	451622.0
33	451622.0
34	451622.0
35	335743.0
36	335743.0
37	335743.0
38	335743.0
39	335743.0
40	61580.0
41	61580.0
42	61580.0
43	61580.0
44	61580.0
45	501766.0
46	501766.0
47	501766.0
48	501766.0
49	501766.0
50	331901.0
51	331901.0
52	331901.0
53	331901.0
54	331901.0
55	149575.0
56	149575.0
57	149575.0
58	149575.0
59	149575.0
60	239206.0
61	239206.0
62	239206.0
63	239206.0
64	239206.0
65	27704.0
66	27704.0
67	27704.0
68	27704.0
69	27704.0
70	8498.0
71	8498.0
72	8498.0
73	8498.0
74	8498.0
75	451738.0
76	451738.0
77	451738.0
78	451738.0
79	451738.0
80	70124.0
81	70124.0
82	70124.0
83	70124.0
84	70124.0
85	374230.0
86	374230.0
87	374230.0
88	374230.0
89	374230.0
90	492856.0
91	492856.0
92	492856.0
93	492856.0
94	492856.0
95	469748.0
96	469748.0
97	469748.0
98	469748.0
99	469748.0
100	42940.0
101	42940.0
102	42940.0
103	42940.0
104	42940.0
105	359934.0
106	359934.0
107	359934.0
108	359934.0
109	359934.0
110	457275.0
111	457275.0
112	457275.0
113	457275.0
114	457275.0
115	131068.0
116	131068.0
117	131068.0
118	131068.0
119	131068.0
120	488522.0
121	488522.0
122	488522.0
123	488522.0
124	488522.0
125	302162.0
126	302162.0
127	302162.0
128	302162.0
129	302162.0
130	267963.0
131	267963.0
132	267963.0
133	267963.0
134	267963.0
135	95534.0
136	95534.0
137	95534.0
138	95534.0
139	95534.0
140	271338.0
141	271338.0
142	271338.0
143	271338.0
144	271338.0
145	202697.0
146	202697.0
147	202697.0
148	202697.0
149	202697.0
150	78939.0
151	78939.0
152	78939.0
153	78939.0
154	78939.0
155	203340.0
156	203340.0
157	203340.0
158	203340.0
159	203340.0
160	378302.0
161	378302.0
162	378302.0
163	378302.0
164	378302.0
165	36100.0
166	36100.0
167	36100.0
168	36100.0
169	36100.0
170	490534.0
171	490534.0
172	490534.0
173	490534.0
174	490534.0
175	422836.0
176	422836.0
177	422836.0
178	422836.0
179	422836.0
180	323365.0
181	323365.0
182	323365.0
183	323365.0
184	323365.0
185	270247.0
186	270247.0
187	270247.0
188	270247.0
189	270247.0
190	58729.0
191	58729.0
192	58729.0
193	58729.0
194	58729.0
195	171375.0
196	171375.0
197	171375.0
198	171375.0
199	171375.0
200	57258.0
201	57258.0
202	57258.0
203	57258.0
204	57258.0
205	309697.0
206	309697.0
207	309697.0
208	309697.0
209	309697.0
210	305535.0
211	305535.0
212	305535.0
213	305535.0
214	305535.0
215	351241.0
216	351241.0
217	351241.0
218	351241.0
219	351241.0
220	434491.0
221	434491.0
222	434491.0
223	434491.0
224	434491.0
225	482448.0
226	482448.0
227	482448.0
228	482448.0
229	482448.0
230	143629.0
231	143629.0
232	143629.0
233	143629.0
234	143629.0
235	52368.0
236	52368.0
237	52368.0
238	52368.0
239	52368.0
240	386517.0
241	386517.0
242	386517.0
243	386517.0
244	386517.0
245	170511.0
246	170511.0
247	170511.0
248	170511.0
249	170511.0
