0	143106.0
1	143106.0
2	143106.0
3	143106.0
4	143106.0
5	204606.0
6	204606.0
7	204606.0
8	204606.0
9	204606.0
10	357833.0
11	357833.0
12	357833.0
13	357833.0
14	357833.0
15	89873.0
16	89873.0
17	89873.0
18	89873.0
19	89873.0
20	330106.0
21	330106.0
22	330106.0
23	330106.0
24	330106.0
25	386223.0
26	386223.0
27	386223.0
28	386223.0
29	386223.0
30	438943.0
31	438943.0
32	438943.0
33	438943.0
34	438943.0
35	172321.0
36	172321.0
37	172321.0
38	172321.0
39	172321.0
40	146773.0
41	146773.0
42	146773.0
43	146773.0
44	146773.0
45	423433.0
46	423433.0
47	423433.0
48	423433.0
49	423433.0
50	83804.0
51	83804.0
52	83804.0
53	83804.0
54	83804.0
55	452528.0
56	452528.0
57	452528.0
58	452528.0
59	452528.0
60	19052.0
61	19052.0
62	19052.0
63	19052.0
64	19052.0
65	419525.0
66	419525.0
67	419525.0
68	419525.0
69	419525.0
70	11911.0
71	11911.0
72	11911.0
73	11911.0
74	11911.0
75	215997.0
76	215997.0
77	215997.0
78	215997.0
79	215997.0
80	4036.0
81	4036.0
82	4036.0
83	4036.0
84	4036.0
85	316330.0
86	316330.0
87	316330.0
88	316330.0
89	316330.0
90	485546.0
91	485546.0
92	485546.0
93	485546.0
94	485546.0
95	1941.0
96	1941.0
97	1941.0
98	1941.0
99	1941.0
100	331274.0
101	331274.0
102	331274.0
103	331274.0
104	331274.0
105	31871.0
106	31871.0
107	31871.0
108	31871.0
109	31871.0
110	52237.0
111	52237.0
112	52237.0
113	52237.0
114	52237.0
115	383381.0
116	383381.0
117	383381.0
118	383381.0
119	383381.0
120	262086.0
121	262086.0
122	262086.0
123	262086.0
124	262086.0
125	215234.0
126	215234.0
127	215234.0
128	215234.0
129	215234.0
130	228931.0
131	228931.0
132	228931.0
133	228931.0
134	228931.0
135	305933.0
136	305933.0
137	305933.0
138	305933.0
139	305933.0
140	362940.0
141	362940.0
142	362940.0
143	362940.0
144	362940.0
145	374489.0
146	374489.0
147	374489.0
148	374489.0
149	374489.0
150	244115.0
151	244115.0
152	244115.0
153	244115.0
154	244115.0
155	80158.0
156	80158.0
157	80158.0
158	80158.0
159	80158.0
160	248297.0
161	248297.0
162	248297.0
163	248297.0
164	248297.0
165	270318.0
166	270318.0
167	270318.0
168	270318.0
169	270318.0
170	3998.0
171	3998.0
172	3998.0
173	3998.0
174	3998.0
175	69795.0
176	69795.0
177	69795.0
178	69795.0
179	69795.0
180	30482.0
181	30482.0
182	30482.0
183	30482.0
184	30482.0
185	321269.0
186	321269.0
187	321269.0
188	321269.0
189	321269.0
190	280499.0
191	280499.0
192	280499.0
193	280499.0
194	280499.0
195	484317.0
196	484317.0
197	484317.0
198	484317.0
199	484317.0
200	386654.0
201	386654.0
202	386654.0
203	386654.0
204	386654.0
205	434514.0
206	434514.0
207	434514.0
208	434514.0
209	434514.0
210	158392.0
211	158392.0
212	158392.0
213	158392.0
214	158392.0
215	9389.0
216	9389.0
217	9389.0
218	9389.0
219	9389.0
220	359693.0
221	359693.0
222	359693.0
223	359693.0
224	359693.0
225	340020.0
226	340020.0
227	340020.0
228	340020.0
229	340020.0
230	455210.0
231	455210.0
232	455210.0
233	455210.0
234	455210.0
235	141689.0
236	141689.0
237	141689.0
238	141689.0
239	141689.0
240	70935.0
241	70935.0
242	70935.0
243	70935.0
244	70935.0
245	362890.0
246	362890.0
247	362890.0
248	362890.0
249	362890.0
