0	476998.0
1	476998.0
2	476998.0
3	476998.0
4	476998.0
5	111085.0
6	111085.0
7	111085.0
8	111085.0
9	111085.0
10	450294.0
11	450294.0
12	450294.0
13	450294.0
14	450294.0
15	339471.0
16	339471.0
17	339471.0
18	339471.0
19	339471.0
20	314154.0
21	314154.0
22	314154.0
23	314154.0
24	314154.0
25	458711.0
26	458711.0
27	458711.0
28	458711.0
29	458711.0
30	245305.0
31	245305.0
32	245305.0
33	245305.0
34	245305.0
35	272264.0
36	272264.0
37	272264.0
38	272264.0
39	272264.0
40	183062.0
41	183062.0
42	183062.0
43	183062.0
44	183062.0
45	255603.0
46	255603.0
47	255603.0
48	255603.0
49	255603.0
50	15124.0
51	15124.0
52	15124.0
53	15124.0
54	15124.0
55	492368.0
56	492368.0
57	492368.0
58	492368.0
59	492368.0
60	81329.0
61	81329.0
62	81329.0
63	81329.0
64	81329.0
65	363857.0
66	363857.0
67	363857.0
68	363857.0
69	363857.0
70	272473.0
71	272473.0
72	272473.0
73	272473.0
74	272473.0
75	61353.0
76	61353.0
77	61353.0
78	61353.0
79	61353.0
80	255894.0
81	255894.0
82	255894.0
83	255894.0
84	255894.0
85	180047.0
86	180047.0
87	180047.0
88	180047.0
89	180047.0
90	273720.0
91	273720.0
92	273720.0
93	273720.0
94	273720.0
95	307437.0
96	307437.0
97	307437.0
98	307437.0
99	307437.0
100	117821.0
101	117821.0
102	117821.0
103	117821.0
104	117821.0
105	440957.0
106	440957.0
107	440957.0
108	440957.0
109	440957.0
110	299403.0
111	299403.0
112	299403.0
113	299403.0
114	299403.0
115	51161.0
116	51161.0
117	51161.0
118	51161.0
119	51161.0
120	383600.0
121	383600.0
122	383600.0
123	383600.0
124	383600.0
125	462867.0
126	462867.0
127	462867.0
128	462867.0
129	462867.0
130	432532.0
131	432532.0
132	432532.0
133	432532.0
134	432532.0
135	90648.0
136	90648.0
137	90648.0
138	90648.0
139	90648.0
140	257336.0
141	257336.0
142	257336.0
143	257336.0
144	257336.0
145	138730.0
146	138730.0
147	138730.0
148	138730.0
149	138730.0
150	56489.0
151	56489.0
152	56489.0
153	56489.0
154	56489.0
155	248863.0
156	248863.0
157	248863.0
158	248863.0
159	248863.0
160	443229.0
161	443229.0
162	443229.0
163	443229.0
164	443229.0
165	99445.0
166	99445.0
167	99445.0
168	99445.0
169	99445.0
170	166800.0
171	166800.0
172	166800.0
173	166800.0
174	166800.0
175	493476.0
176	493476.0
177	493476.0
178	493476.0
179	493476.0
180	339000.0
181	339000.0
182	339000.0
183	339000.0
184	339000.0
185	135275.0
186	135275.0
187	135275.0
188	135275.0
189	135275.0
190	451324.0
191	451324.0
192	451324.0
193	451324.0
194	451324.0
195	402135.0
196	402135.0
197	402135.0
198	402135.0
199	402135.0
200	428297.0
201	428297.0
202	428297.0
203	428297.0
204	428297.0
205	189821.0
206	189821.0
207	189821.0
208	189821.0
209	189821.0
210	68103.0
211	68103.0
212	68103.0
213	68103.0
214	68103.0
215	457418.0
216	457418.0
217	457418.0
218	457418.0
219	457418.0
220	4862.0
221	4862.0
222	4862.0
223	4862.0
224	4862.0
225	79976.0
226	79976.0
227	79976.0
228	79976.0
229	79976.0
230	463740.0
231	463740.0
232	463740.0
233	463740.0
234	463740.0
235	130844.0
236	130844.0
237	130844.0
238	130844.0
239	130844.0
240	418180.0
241	418180.0
242	418180.0
243	418180.0
244	418180.0
245	178702.0
246	178702.0
247	178702.0
248	178702.0
249	178702.0
