0	496106.0
1	496106.0
2	496106.0
3	496106.0
4	496106.0
5	483302.0
6	483302.0
7	483302.0
8	483302.0
9	483302.0
10	10315.0
11	10315.0
12	10315.0
13	10315.0
14	10315.0
15	435640.0
16	435640.0
17	435640.0
18	435640.0
19	435640.0
20	228146.0
21	228146.0
22	228146.0
23	228146.0
24	228146.0
25	14300.0
26	14300.0
27	14300.0
28	14300.0
29	14300.0
30	435632.0
31	435632.0
32	435632.0
33	435632.0
34	435632.0
35	330849.0
36	330849.0
37	330849.0
38	330849.0
39	330849.0
40	75593.0
41	75593.0
42	75593.0
43	75593.0
44	75593.0
45	87547.0
46	87547.0
47	87547.0
48	87547.0
49	87547.0
50	258914.0
51	258914.0
52	258914.0
53	258914.0
54	258914.0
55	229585.0
56	229585.0
57	229585.0
58	229585.0
59	229585.0
60	25006.0
61	25006.0
62	25006.0
63	25006.0
64	25006.0
65	126344.0
66	126344.0
67	126344.0
68	126344.0
69	126344.0
70	341457.0
71	341457.0
72	341457.0
73	341457.0
74	341457.0
75	459351.0
76	459351.0
77	459351.0
78	459351.0
79	459351.0
80	147455.0
81	147455.0
82	147455.0
83	147455.0
84	147455.0
85	163482.0
86	163482.0
87	163482.0
88	163482.0
89	163482.0
90	311018.0
91	311018.0
92	311018.0
93	311018.0
94	311018.0
95	441884.0
96	441884.0
97	441884.0
98	441884.0
99	441884.0
100	54154.0
101	54154.0
102	54154.0
103	54154.0
104	54154.0
105	332396.0
106	332396.0
107	332396.0
108	332396.0
109	332396.0
110	447589.0
111	447589.0
112	447589.0
113	447589.0
114	447589.0
115	295245.0
116	295245.0
117	295245.0
118	295245.0
119	295245.0
120	294167.0
121	294167.0
122	294167.0
123	294167.0
124	294167.0
125	148950.0
126	148950.0
127	148950.0
128	148950.0
129	148950.0
130	342802.0
131	342802.0
132	342802.0
133	342802.0
134	342802.0
135	441234.0
136	441234.0
137	441234.0
138	441234.0
139	441234.0
140	325058.0
141	325058.0
142	325058.0
143	325058.0
144	325058.0
145	475773.0
146	475773.0
147	475773.0
148	475773.0
149	475773.0
150	428300.0
151	428300.0
152	428300.0
153	428300.0
154	428300.0
155	322163.0
156	322163.0
157	322163.0
158	322163.0
159	322163.0
160	387680.0
161	387680.0
162	387680.0
163	387680.0
164	387680.0
165	357785.0
166	357785.0
167	357785.0
168	357785.0
169	357785.0
170	155981.0
171	155981.0
172	155981.0
173	155981.0
174	155981.0
175	330405.0
176	330405.0
177	330405.0
178	330405.0
179	330405.0
180	347557.0
181	347557.0
182	347557.0
183	347557.0
184	347557.0
185	151197.0
186	151197.0
187	151197.0
188	151197.0
189	151197.0
190	357264.0
191	357264.0
192	357264.0
193	357264.0
194	357264.0
195	269108.0
196	269108.0
197	269108.0
198	269108.0
199	269108.0
200	195114.0
201	195114.0
202	195114.0
203	195114.0
204	195114.0
205	316775.0
206	316775.0
207	316775.0
208	316775.0
209	316775.0
210	74691.0
211	74691.0
212	74691.0
213	74691.0
214	74691.0
215	63945.0
216	63945.0
217	63945.0
218	63945.0
219	63945.0
220	156947.0
221	156947.0
222	156947.0
223	156947.0
224	156947.0
225	153344.0
226	153344.0
227	153344.0
228	153344.0
229	153344.0
230	265202.0
231	265202.0
232	265202.0
233	265202.0
234	265202.0
235	143442.0
236	143442.0
237	143442.0
238	143442.0
239	143442.0
240	431490.0
241	431490.0
242	431490.0
243	431490.0
244	431490.0
245	27754.0
246	27754.0
247	27754.0
248	27754.0
249	27754.0
