0	269319.0
1	269319.0
2	269319.0
3	269319.0
4	269319.0
5	388345.0
6	388345.0
7	388345.0
8	388345.0
9	388345.0
10	73197.0
11	73197.0
12	73197.0
13	73197.0
14	73197.0
15	62769.0
16	62769.0
17	62769.0
18	62769.0
19	62769.0
20	189373.0
21	189373.0
22	189373.0
23	189373.0
24	189373.0
25	222473.0
26	222473.0
27	222473.0
28	222473.0
29	222473.0
30	203424.0
31	203424.0
32	203424.0
33	203424.0
34	203424.0
35	224806.0
36	224806.0
37	224806.0
38	224806.0
39	224806.0
40	233353.0
41	233353.0
42	233353.0
43	233353.0
44	233353.0
45	390739.0
46	390739.0
47	390739.0
48	390739.0
49	390739.0
50	287142.0
51	287142.0
52	287142.0
53	287142.0
54	287142.0
55	288990.0
56	288990.0
57	288990.0
58	288990.0
59	288990.0
60	14792.0
61	14792.0
62	14792.0
63	14792.0
64	14792.0
65	190908.0
66	190908.0
67	190908.0
68	190908.0
69	190908.0
70	186175.0
71	186175.0
72	186175.0
73	186175.0
74	186175.0
75	174736.0
76	174736.0
77	174736.0
78	174736.0
79	174736.0
80	78763.0
81	78763.0
82	78763.0
83	78763.0
84	78763.0
85	61778.0
86	61778.0
87	61778.0
88	61778.0
89	61778.0
90	77737.0
91	77737.0
92	77737.0
93	77737.0
94	77737.0
95	398813.0
96	398813.0
97	398813.0
98	398813.0
99	398813.0
100	264498.0
101	264498.0
102	264498.0
103	264498.0
104	264498.0
105	28312.0
106	28312.0
107	28312.0
108	28312.0
109	28312.0
110	436810.0
111	436810.0
112	436810.0
113	436810.0
114	436810.0
115	73145.0
116	73145.0
117	73145.0
118	73145.0
119	73145.0
120	281771.0
121	281771.0
122	281771.0
123	281771.0
124	281771.0
125	12973.0
126	12973.0
127	12973.0
128	12973.0
129	12973.0
130	84023.0
131	84023.0
132	84023.0
133	84023.0
134	84023.0
135	427194.0
136	427194.0
137	427194.0
138	427194.0
139	427194.0
140	124346.0
141	124346.0
142	124346.0
143	124346.0
144	124346.0
145	171014.0
146	171014.0
147	171014.0
148	171014.0
149	171014.0
150	372173.0
151	372173.0
152	372173.0
153	372173.0
154	372173.0
155	382270.0
156	382270.0
157	382270.0
158	382270.0
159	382270.0
160	424260.0
161	424260.0
162	424260.0
163	424260.0
164	424260.0
165	11192.0
166	11192.0
167	11192.0
168	11192.0
169	11192.0
170	74727.0
171	74727.0
172	74727.0
173	74727.0
174	74727.0
175	281113.0
176	281113.0
177	281113.0
178	281113.0
179	281113.0
180	399309.0
181	399309.0
182	399309.0
183	399309.0
184	399309.0
185	321362.0
186	321362.0
187	321362.0
188	321362.0
189	321362.0
190	9708.0
191	9708.0
192	9708.0
193	9708.0
194	9708.0
195	425393.0
196	425393.0
197	425393.0
198	425393.0
199	425393.0
200	78758.0
201	78758.0
202	78758.0
203	78758.0
204	78758.0
205	33955.0
206	33955.0
207	33955.0
208	33955.0
209	33955.0
210	142663.0
211	142663.0
212	142663.0
213	142663.0
214	142663.0
215	117902.0
216	117902.0
217	117902.0
218	117902.0
219	117902.0
220	398132.0
221	398132.0
222	398132.0
223	398132.0
224	398132.0
225	131619.0
226	131619.0
227	131619.0
228	131619.0
229	131619.0
230	321377.0
231	321377.0
232	321377.0
233	321377.0
234	321377.0
235	107143.0
236	107143.0
237	107143.0
238	107143.0
239	107143.0
240	469234.0
241	469234.0
242	469234.0
243	469234.0
244	469234.0
245	183263.0
246	183263.0
247	183263.0
248	183263.0
249	183263.0
