0	201767.0
1	201767.0
2	201767.0
3	201767.0
4	201767.0
5	133627.0
6	133627.0
7	133627.0
8	133627.0
9	133627.0
10	425886.0
11	425886.0
12	425886.0
13	425886.0
14	425886.0
15	166364.0
16	166364.0
17	166364.0
18	166364.0
19	166364.0
20	293453.0
21	293453.0
22	293453.0
23	293453.0
24	293453.0
25	254924.0
26	254924.0
27	254924.0
28	254924.0
29	254924.0
30	346420.0
31	346420.0
32	346420.0
33	346420.0
34	346420.0
35	187084.0
36	187084.0
37	187084.0
38	187084.0
39	187084.0
40	136936.0
41	136936.0
42	136936.0
43	136936.0
44	136936.0
45	272457.0
46	272457.0
47	272457.0
48	272457.0
49	272457.0
50	85949.0
51	85949.0
52	85949.0
53	85949.0
54	85949.0
55	290294.0
56	290294.0
57	290294.0
58	290294.0
59	290294.0
60	425930.0
61	425930.0
62	425930.0
63	425930.0
64	425930.0
65	134505.0
66	134505.0
67	134505.0
68	134505.0
69	134505.0
70	124334.0
71	124334.0
72	124334.0
73	124334.0
74	124334.0
75	364322.0
76	364322.0
77	364322.0
78	364322.0
79	364322.0
80	166035.0
81	166035.0
82	166035.0
83	166035.0
84	166035.0
85	53947.0
86	53947.0
87	53947.0
88	53947.0
89	53947.0
90	348708.0
91	348708.0
92	348708.0
93	348708.0
94	348708.0
95	125647.0
96	125647.0
97	125647.0
98	125647.0
99	125647.0
100	431325.0
101	431325.0
102	431325.0
103	431325.0
104	431325.0
105	297764.0
106	297764.0
107	297764.0
108	297764.0
109	297764.0
110	381984.0
111	381984.0
112	381984.0
113	381984.0
114	381984.0
115	411097.0
116	411097.0
117	411097.0
118	411097.0
119	411097.0
120	404359.0
121	404359.0
122	404359.0
123	404359.0
124	404359.0
125	294047.0
126	294047.0
127	294047.0
128	294047.0
129	294047.0
130	442996.0
131	442996.0
132	442996.0
133	442996.0
134	442996.0
135	166597.0
136	166597.0
137	166597.0
138	166597.0
139	166597.0
140	353794.0
141	353794.0
142	353794.0
143	353794.0
144	353794.0
145	135296.0
146	135296.0
147	135296.0
148	135296.0
149	135296.0
150	130387.0
151	130387.0
152	130387.0
153	130387.0
154	130387.0
155	138386.0
156	138386.0
157	138386.0
158	138386.0
159	138386.0
160	103123.0
161	103123.0
162	103123.0
163	103123.0
164	103123.0
165	156232.0
166	156232.0
167	156232.0
168	156232.0
169	156232.0
170	324175.0
171	324175.0
172	324175.0
173	324175.0
174	324175.0
175	278638.0
176	278638.0
177	278638.0
178	278638.0
179	278638.0
180	103202.0
181	103202.0
182	103202.0
183	103202.0
184	103202.0
185	61887.0
186	61887.0
187	61887.0
188	61887.0
189	61887.0
190	135395.0
191	135395.0
192	135395.0
193	135395.0
194	135395.0
195	214906.0
196	214906.0
197	214906.0
198	214906.0
199	214906.0
200	357471.0
201	357471.0
202	357471.0
203	357471.0
204	357471.0
205	378409.0
206	378409.0
207	378409.0
208	378409.0
209	378409.0
210	158551.0
211	158551.0
212	158551.0
213	158551.0
214	158551.0
215	165165.0
216	165165.0
217	165165.0
218	165165.0
219	165165.0
220	470587.0
221	470587.0
222	470587.0
223	470587.0
224	470587.0
225	65672.0
226	65672.0
227	65672.0
228	65672.0
229	65672.0
230	247048.0
231	247048.0
232	247048.0
233	247048.0
234	247048.0
235	387932.0
236	387932.0
237	387932.0
238	387932.0
239	387932.0
240	461877.0
241	461877.0
242	461877.0
243	461877.0
244	461877.0
245	172413.0
246	172413.0
247	172413.0
248	172413.0
249	172413.0
