0	244337.0
1	244337.0
2	244337.0
3	244337.0
4	244337.0
5	329046.0
6	329046.0
7	329046.0
8	329046.0
9	329046.0
10	342404.0
11	342404.0
12	342404.0
13	342404.0
14	342404.0
15	474081.0
16	474081.0
17	474081.0
18	474081.0
19	474081.0
20	38974.0
21	38974.0
22	38974.0
23	38974.0
24	38974.0
25	106740.0
26	106740.0
27	106740.0
28	106740.0
29	106740.0
30	287988.0
31	287988.0
32	287988.0
33	287988.0
34	287988.0
35	253720.0
36	253720.0
37	253720.0
38	253720.0
39	253720.0
40	164283.0
41	164283.0
42	164283.0
43	164283.0
44	164283.0
45	281577.0
46	281577.0
47	281577.0
48	281577.0
49	281577.0
50	469451.0
51	469451.0
52	469451.0
53	469451.0
54	469451.0
55	458726.0
56	458726.0
57	458726.0
58	458726.0
59	458726.0
60	8232.0
61	8232.0
62	8232.0
63	8232.0
64	8232.0
65	176726.0
66	176726.0
67	176726.0
68	176726.0
69	176726.0
70	147924.0
71	147924.0
72	147924.0
73	147924.0
74	147924.0
75	412846.0
76	412846.0
77	412846.0
78	412846.0
79	412846.0
80	122638.0
81	122638.0
82	122638.0
83	122638.0
84	122638.0
85	325969.0
86	325969.0
87	325969.0
88	325969.0
89	325969.0
90	195172.0
91	195172.0
92	195172.0
93	195172.0
94	195172.0
95	412626.0
96	412626.0
97	412626.0
98	412626.0
99	412626.0
100	132481.0
101	132481.0
102	132481.0
103	132481.0
104	132481.0
105	144583.0
106	144583.0
107	144583.0
108	144583.0
109	144583.0
110	253368.0
111	253368.0
112	253368.0
113	253368.0
114	253368.0
115	282157.0
116	282157.0
117	282157.0
118	282157.0
119	282157.0
120	426874.0
121	426874.0
122	426874.0
123	426874.0
124	426874.0
125	124210.0
126	124210.0
127	124210.0
128	124210.0
129	124210.0
130	416646.0
131	416646.0
132	416646.0
133	416646.0
134	416646.0
135	176507.0
136	176507.0
137	176507.0
138	176507.0
139	176507.0
140	119126.0
141	119126.0
142	119126.0
143	119126.0
144	119126.0
145	193242.0
146	193242.0
147	193242.0
148	193242.0
149	193242.0
150	321727.0
151	321727.0
152	321727.0
153	321727.0
154	321727.0
155	1204.0
156	1204.0
157	1204.0
158	1204.0
159	1204.0
160	270894.0
161	270894.0
162	270894.0
163	270894.0
164	270894.0
165	436064.0
166	436064.0
167	436064.0
168	436064.0
169	436064.0
170	165767.0
171	165767.0
172	165767.0
173	165767.0
174	165767.0
175	419580.0
176	419580.0
177	419580.0
178	419580.0
179	419580.0
180	30159.0
181	30159.0
182	30159.0
183	30159.0
184	30159.0
185	231793.0
186	231793.0
187	231793.0
188	231793.0
189	231793.0
190	240694.0
191	240694.0
192	240694.0
193	240694.0
194	240694.0
195	293484.0
196	293484.0
197	293484.0
198	293484.0
199	293484.0
200	107719.0
201	107719.0
202	107719.0
203	107719.0
204	107719.0
205	400794.0
206	400794.0
207	400794.0
208	400794.0
209	400794.0
210	329188.0
211	329188.0
212	329188.0
213	329188.0
214	329188.0
215	202771.0
216	202771.0
217	202771.0
218	202771.0
219	202771.0
220	332297.0
221	332297.0
222	332297.0
223	332297.0
224	332297.0
225	202641.0
226	202641.0
227	202641.0
228	202641.0
229	202641.0
230	93462.0
231	93462.0
232	93462.0
233	93462.0
234	93462.0
235	451329.0
236	451329.0
237	451329.0
238	451329.0
239	451329.0
240	446067.0
241	446067.0
242	446067.0
243	446067.0
244	446067.0
245	81035.0
246	81035.0
247	81035.0
248	81035.0
249	81035.0
