0	368293.0
1	368293.0
2	368293.0
3	368293.0
4	368293.0
5	264344.0
6	264344.0
7	264344.0
8	264344.0
9	264344.0
10	70955.0
11	70955.0
12	70955.0
13	70955.0
14	70955.0
15	4008.0
16	4008.0
17	4008.0
18	4008.0
19	4008.0
20	23786.0
21	23786.0
22	23786.0
23	23786.0
24	23786.0
25	427310.0
26	427310.0
27	427310.0
28	427310.0
29	427310.0
30	70060.0
31	70060.0
32	70060.0
33	70060.0
34	70060.0
35	58278.0
36	58278.0
37	58278.0
38	58278.0
39	58278.0
40	494738.0
41	494738.0
42	494738.0
43	494738.0
44	494738.0
45	276812.0
46	276812.0
47	276812.0
48	276812.0
49	276812.0
50	165101.0
51	165101.0
52	165101.0
53	165101.0
54	165101.0
55	286559.0
56	286559.0
57	286559.0
58	286559.0
59	286559.0
60	373898.0
61	373898.0
62	373898.0
63	373898.0
64	373898.0
65	427914.0
66	427914.0
67	427914.0
68	427914.0
69	427914.0
70	336747.0
71	336747.0
72	336747.0
73	336747.0
74	336747.0
75	197230.0
76	197230.0
77	197230.0
78	197230.0
79	197230.0
80	108934.0
81	108934.0
82	108934.0
83	108934.0
84	108934.0
85	160779.0
86	160779.0
87	160779.0
88	160779.0
89	160779.0
90	222971.0
91	222971.0
92	222971.0
93	222971.0
94	222971.0
95	447575.0
96	447575.0
97	447575.0
98	447575.0
99	447575.0
100	77939.0
101	77939.0
102	77939.0
103	77939.0
104	77939.0
105	321489.0
106	321489.0
107	321489.0
108	321489.0
109	321489.0
110	43927.0
111	43927.0
112	43927.0
113	43927.0
114	43927.0
115	227609.0
116	227609.0
117	227609.0
118	227609.0
119	227609.0
120	430493.0
121	430493.0
122	430493.0
123	430493.0
124	430493.0
125	226070.0
126	226070.0
127	226070.0
128	226070.0
129	226070.0
130	340463.0
131	340463.0
132	340463.0
133	340463.0
134	340463.0
135	419793.0
136	419793.0
137	419793.0
138	419793.0
139	419793.0
140	345742.0
141	345742.0
142	345742.0
143	345742.0
144	345742.0
145	14224.0
146	14224.0
147	14224.0
148	14224.0
149	14224.0
150	268073.0
151	268073.0
152	268073.0
153	268073.0
154	268073.0
155	490714.0
156	490714.0
157	490714.0
158	490714.0
159	490714.0
160	462099.0
161	462099.0
162	462099.0
163	462099.0
164	462099.0
165	447456.0
166	447456.0
167	447456.0
168	447456.0
169	447456.0
170	299613.0
171	299613.0
172	299613.0
173	299613.0
174	299613.0
175	269750.0
176	269750.0
177	269750.0
178	269750.0
179	269750.0
180	285519.0
181	285519.0
182	285519.0
183	285519.0
184	285519.0
185	109548.0
186	109548.0
187	109548.0
188	109548.0
189	109548.0
190	406102.0
191	406102.0
192	406102.0
193	406102.0
194	406102.0
195	55197.0
196	55197.0
197	55197.0
198	55197.0
199	55197.0
200	109028.0
201	109028.0
202	109028.0
203	109028.0
204	109028.0
205	322534.0
206	322534.0
207	322534.0
208	322534.0
209	322534.0
210	152011.0
211	152011.0
212	152011.0
213	152011.0
214	152011.0
215	415760.0
216	415760.0
217	415760.0
218	415760.0
219	415760.0
220	350726.0
221	350726.0
222	350726.0
223	350726.0
224	350726.0
225	229222.0
226	229222.0
227	229222.0
228	229222.0
229	229222.0
230	49245.0
231	49245.0
232	49245.0
233	49245.0
234	49245.0
235	299375.0
236	299375.0
237	299375.0
238	299375.0
239	299375.0
240	255872.0
241	255872.0
242	255872.0
243	255872.0
244	255872.0
245	260434.0
246	260434.0
247	260434.0
248	260434.0
249	260434.0
