0	213640.0
1	213640.0
2	213640.0
3	213640.0
4	213640.0
5	247116.0
6	247116.0
7	247116.0
8	247116.0
9	247116.0
10	124904.0
11	124904.0
12	124904.0
13	124904.0
14	124904.0
15	64541.0
16	64541.0
17	64541.0
18	64541.0
19	64541.0
20	20934.0
21	20934.0
22	20934.0
23	20934.0
24	20934.0
25	122355.0
26	122355.0
27	122355.0
28	122355.0
29	122355.0
30	176247.0
31	176247.0
32	176247.0
33	176247.0
34	176247.0
35	154773.0
36	154773.0
37	154773.0
38	154773.0
39	154773.0
40	143264.0
41	143264.0
42	143264.0
43	143264.0
44	143264.0
45	204926.0
46	204926.0
47	204926.0
48	204926.0
49	204926.0
50	27860.0
51	27860.0
52	27860.0
53	27860.0
54	27860.0
55	76458.0
56	76458.0
57	76458.0
58	76458.0
59	76458.0
60	94215.0
61	94215.0
62	94215.0
63	94215.0
64	94215.0
65	206503.0
66	206503.0
67	206503.0
68	206503.0
69	206503.0
70	164247.0
71	164247.0
72	164247.0
73	164247.0
74	164247.0
75	161854.0
76	161854.0
77	161854.0
78	161854.0
79	161854.0
80	125635.0
81	125635.0
82	125635.0
83	125635.0
84	125635.0
85	210564.0
86	210564.0
87	210564.0
88	210564.0
89	210564.0
90	138254.0
91	138254.0
92	138254.0
93	138254.0
94	138254.0
95	124712.0
96	124712.0
97	124712.0
98	124712.0
99	124712.0
100	219131.0
101	219131.0
102	219131.0
103	219131.0
104	219131.0
105	226653.0
106	226653.0
107	226653.0
108	226653.0
109	226653.0
110	208747.0
111	208747.0
112	208747.0
113	208747.0
114	208747.0
115	47375.0
116	47375.0
117	47375.0
118	47375.0
119	47375.0
120	158977.0
121	158977.0
122	158977.0
123	158977.0
124	158977.0
125	97117.0
126	97117.0
127	97117.0
128	97117.0
129	97117.0
130	94166.0
131	94166.0
132	94166.0
133	94166.0
134	94166.0
135	98573.0
136	98573.0
137	98573.0
138	98573.0
139	98573.0
140	127682.0
141	127682.0
142	127682.0
143	127682.0
144	127682.0
145	212126.0
146	212126.0
147	212126.0
148	212126.0
149	212126.0
150	118427.0
151	118427.0
152	118427.0
153	118427.0
154	118427.0
155	58771.0
156	58771.0
157	58771.0
158	58771.0
159	58771.0
160	127330.0
161	127330.0
162	127330.0
163	127330.0
164	127330.0
165	17167.0
166	17167.0
167	17167.0
168	17167.0
169	17167.0
170	29294.0
171	29294.0
172	29294.0
173	29294.0
174	29294.0
175	281204.0
176	281204.0
177	281204.0
178	281204.0
179	281204.0
180	135559.0
181	135559.0
182	135559.0
183	135559.0
184	135559.0
185	270577.0
186	270577.0
187	270577.0
188	270577.0
189	270577.0
190	177209.0
191	177209.0
192	177209.0
193	177209.0
194	177209.0
195	119691.0
196	119691.0
197	119691.0
198	119691.0
199	119691.0
200	118021.0
201	118021.0
202	118021.0
203	118021.0
204	118021.0
205	198975.0
206	198975.0
207	198975.0
208	198975.0
209	198975.0
210	79892.0
211	79892.0
212	79892.0
213	79892.0
214	79892.0
215	236987.0
216	236987.0
217	236987.0
218	236987.0
219	236987.0
220	230371.0
221	230371.0
222	230371.0
223	230371.0
224	230371.0
225	152471.0
226	152471.0
227	152471.0
228	152471.0
229	152471.0
230	116456.0
231	116456.0
232	116456.0
233	116456.0
234	116456.0
235	125769.0
236	125769.0
237	125769.0
238	125769.0
239	125769.0
240	203537.0
241	203537.0
242	203537.0
243	203537.0
244	203537.0
245	119349.0
246	119349.0
247	119349.0
248	119349.0
249	119349.0
