0	63006.0
1	63006.0
2	63006.0
3	63006.0
4	63006.0
5	10070.0
6	10070.0
7	10070.0
8	10070.0
9	10070.0
10	34450.0
11	34450.0
12	34450.0
13	34450.0
14	34450.0
15	218723.0
16	218723.0
17	218723.0
18	218723.0
19	218723.0
20	276886.0
21	276886.0
22	276886.0
23	276886.0
24	276886.0
25	105004.0
26	105004.0
27	105004.0
28	105004.0
29	105004.0
30	162185.0
31	162185.0
32	162185.0
33	162185.0
34	162185.0
35	163123.0
36	163123.0
37	163123.0
38	163123.0
39	163123.0
40	45361.0
41	45361.0
42	45361.0
43	45361.0
44	45361.0
45	142578.0
46	142578.0
47	142578.0
48	142578.0
49	142578.0
50	1583.0
51	1583.0
52	1583.0
53	1583.0
54	1583.0
55	284004.0
56	284004.0
57	284004.0
58	284004.0
59	284004.0
60	157900.0
61	157900.0
62	157900.0
63	157900.0
64	157900.0
65	47730.0
66	47730.0
67	47730.0
68	47730.0
69	47730.0
70	172633.0
71	172633.0
72	172633.0
73	172633.0
74	172633.0
75	18011.0
76	18011.0
77	18011.0
78	18011.0
79	18011.0
80	215198.0
81	215198.0
82	215198.0
83	215198.0
84	215198.0
85	211977.0
86	211977.0
87	211977.0
88	211977.0
89	211977.0
90	6086.0
91	6086.0
92	6086.0
93	6086.0
94	6086.0
95	115612.0
96	115612.0
97	115612.0
98	115612.0
99	115612.0
100	250253.0
101	250253.0
102	250253.0
103	250253.0
104	250253.0
105	184902.0
106	184902.0
107	184902.0
108	184902.0
109	184902.0
110	281898.0
111	281898.0
112	281898.0
113	281898.0
114	281898.0
115	163403.0
116	163403.0
117	163403.0
118	163403.0
119	163403.0
120	7817.0
121	7817.0
122	7817.0
123	7817.0
124	7817.0
125	245360.0
126	245360.0
127	245360.0
128	245360.0
129	245360.0
130	2196.0
131	2196.0
132	2196.0
133	2196.0
134	2196.0
135	222335.0
136	222335.0
137	222335.0
138	222335.0
139	222335.0
140	262089.0
141	262089.0
142	262089.0
143	262089.0
144	262089.0
145	116202.0
146	116202.0
147	116202.0
148	116202.0
149	116202.0
150	272984.0
151	272984.0
152	272984.0
153	272984.0
154	272984.0
155	24533.0
156	24533.0
157	24533.0
158	24533.0
159	24533.0
160	169126.0
161	169126.0
162	169126.0
163	169126.0
164	169126.0
165	110999.0
166	110999.0
167	110999.0
168	110999.0
169	110999.0
170	125389.0
171	125389.0
172	125389.0
173	125389.0
174	125389.0
175	159867.0
176	159867.0
177	159867.0
178	159867.0
179	159867.0
180	228704.0
181	228704.0
182	228704.0
183	228704.0
184	228704.0
185	248792.0
186	248792.0
187	248792.0
188	248792.0
189	248792.0
190	142403.0
191	142403.0
192	142403.0
193	142403.0
194	142403.0
195	171874.0
196	171874.0
197	171874.0
198	171874.0
199	171874.0
200	258375.0
201	258375.0
202	258375.0
203	258375.0
204	258375.0
205	234149.0
206	234149.0
207	234149.0
208	234149.0
209	234149.0
210	70473.0
211	70473.0
212	70473.0
213	70473.0
214	70473.0
215	73602.0
216	73602.0
217	73602.0
218	73602.0
219	73602.0
220	136307.0
221	136307.0
222	136307.0
223	136307.0
224	136307.0
225	68475.0
226	68475.0
227	68475.0
228	68475.0
229	68475.0
230	201734.0
231	201734.0
232	201734.0
233	201734.0
234	201734.0
235	212529.0
236	212529.0
237	212529.0
238	212529.0
239	212529.0
240	44876.0
241	44876.0
242	44876.0
243	44876.0
244	44876.0
245	251308.0
246	251308.0
247	251308.0
248	251308.0
249	251308.0
