0	54219.0
1	54219.0
2	54219.0
3	54219.0
4	54219.0
5	234443.0
6	234443.0
7	234443.0
8	234443.0
9	234443.0
10	132039.0
11	132039.0
12	132039.0
13	132039.0
14	132039.0
15	200308.0
16	200308.0
17	200308.0
18	200308.0
19	200308.0
20	134125.0
21	134125.0
22	134125.0
23	134125.0
24	134125.0
25	58265.0
26	58265.0
27	58265.0
28	58265.0
29	58265.0
30	177982.0
31	177982.0
32	177982.0
33	177982.0
34	177982.0
35	150618.0
36	150618.0
37	150618.0
38	150618.0
39	150618.0
40	212858.0
41	212858.0
42	212858.0
43	212858.0
44	212858.0
45	195142.0
46	195142.0
47	195142.0
48	195142.0
49	195142.0
50	275228.0
51	275228.0
52	275228.0
53	275228.0
54	275228.0
55	233232.0
56	233232.0
57	233232.0
58	233232.0
59	233232.0
60	283906.0
61	283906.0
62	283906.0
63	283906.0
64	283906.0
65	253499.0
66	253499.0
67	253499.0
68	253499.0
69	253499.0
70	122618.0
71	122618.0
72	122618.0
73	122618.0
74	122618.0
75	72946.0
76	72946.0
77	72946.0
78	72946.0
79	72946.0
80	133321.0
81	133321.0
82	133321.0
83	133321.0
84	133321.0
85	22023.0
86	22023.0
87	22023.0
88	22023.0
89	22023.0
90	19222.0
91	19222.0
92	19222.0
93	19222.0
94	19222.0
95	40579.0
96	40579.0
97	40579.0
98	40579.0
99	40579.0
100	13626.0
101	13626.0
102	13626.0
103	13626.0
104	13626.0
105	68168.0
106	68168.0
107	68168.0
108	68168.0
109	68168.0
110	246140.0
111	246140.0
112	246140.0
113	246140.0
114	246140.0
115	157003.0
116	157003.0
117	157003.0
118	157003.0
119	157003.0
120	98190.0
121	98190.0
122	98190.0
123	98190.0
124	98190.0
125	158320.0
126	158320.0
127	158320.0
128	158320.0
129	158320.0
130	70067.0
131	70067.0
132	70067.0
133	70067.0
134	70067.0
135	82115.0
136	82115.0
137	82115.0
138	82115.0
139	82115.0
140	16940.0
141	16940.0
142	16940.0
143	16940.0
144	16940.0
145	256873.0
146	256873.0
147	256873.0
148	256873.0
149	256873.0
150	144511.0
151	144511.0
152	144511.0
153	144511.0
154	144511.0
155	125144.0
156	125144.0
157	125144.0
158	125144.0
159	125144.0
160	2166.0
161	2166.0
162	2166.0
163	2166.0
164	2166.0
165	254880.0
166	254880.0
167	254880.0
168	254880.0
169	254880.0
170	67489.0
171	67489.0
172	67489.0
173	67489.0
174	67489.0
175	82705.0
176	82705.0
177	82705.0
178	82705.0
179	82705.0
180	218638.0
181	218638.0
182	218638.0
183	218638.0
184	218638.0
185	5671.0
186	5671.0
187	5671.0
188	5671.0
189	5671.0
190	134206.0
191	134206.0
192	134206.0
193	134206.0
194	134206.0
195	250844.0
196	250844.0
197	250844.0
198	250844.0
199	250844.0
200	54431.0
201	54431.0
202	54431.0
203	54431.0
204	54431.0
205	141163.0
206	141163.0
207	141163.0
208	141163.0
209	141163.0
210	165296.0
211	165296.0
212	165296.0
213	165296.0
214	165296.0
215	78149.0
216	78149.0
217	78149.0
218	78149.0
219	78149.0
220	114860.0
221	114860.0
222	114860.0
223	114860.0
224	114860.0
225	271355.0
226	271355.0
227	271355.0
228	271355.0
229	271355.0
230	275771.0
231	275771.0
232	275771.0
233	275771.0
234	275771.0
235	7321.0
236	7321.0
237	7321.0
238	7321.0
239	7321.0
240	137924.0
241	137924.0
242	137924.0
243	137924.0
244	137924.0
245	52424.0
246	52424.0
247	52424.0
248	52424.0
249	52424.0
