0	70697.0
1	70697.0
2	70697.0
3	70697.0
4	70697.0
5	176411.0
6	176411.0
7	176411.0
8	176411.0
9	176411.0
10	175929.0
11	175929.0
12	175929.0
13	175929.0
14	175929.0
15	32862.0
16	32862.0
17	32862.0
18	32862.0
19	32862.0
20	133309.0
21	133309.0
22	133309.0
23	133309.0
24	133309.0
25	124618.0
26	124618.0
27	124618.0
28	124618.0
29	124618.0
30	52827.0
31	52827.0
32	52827.0
33	52827.0
34	52827.0
35	42491.0
36	42491.0
37	42491.0
38	42491.0
39	42491.0
40	14975.0
41	14975.0
42	14975.0
43	14975.0
44	14975.0
45	75564.0
46	75564.0
47	75564.0
48	75564.0
49	75564.0
50	218707.0
51	218707.0
52	218707.0
53	218707.0
54	218707.0
55	116772.0
56	116772.0
57	116772.0
58	116772.0
59	116772.0
60	11740.0
61	11740.0
62	11740.0
63	11740.0
64	11740.0
65	187916.0
66	187916.0
67	187916.0
68	187916.0
69	187916.0
70	149029.0
71	149029.0
72	149029.0
73	149029.0
74	149029.0
75	41327.0
76	41327.0
77	41327.0
78	41327.0
79	41327.0
80	189310.0
81	189310.0
82	189310.0
83	189310.0
84	189310.0
85	233203.0
86	233203.0
87	233203.0
88	233203.0
89	233203.0
90	86477.0
91	86477.0
92	86477.0
93	86477.0
94	86477.0
95	141556.0
96	141556.0
97	141556.0
98	141556.0
99	141556.0
100	30344.0
101	30344.0
102	30344.0
103	30344.0
104	30344.0
105	113065.0
106	113065.0
107	113065.0
108	113065.0
109	113065.0
110	27321.0
111	27321.0
112	27321.0
113	27321.0
114	27321.0
115	27440.0
116	27440.0
117	27440.0
118	27440.0
119	27440.0
120	162260.0
121	162260.0
122	162260.0
123	162260.0
124	162260.0
125	243798.0
126	243798.0
127	243798.0
128	243798.0
129	243798.0
130	244026.0
131	244026.0
132	244026.0
133	244026.0
134	244026.0
135	83767.0
136	83767.0
137	83767.0
138	83767.0
139	83767.0
140	63137.0
141	63137.0
142	63137.0
143	63137.0
144	63137.0
145	7494.0
146	7494.0
147	7494.0
148	7494.0
149	7494.0
150	147806.0
151	147806.0
152	147806.0
153	147806.0
154	147806.0
155	264843.0
156	264843.0
157	264843.0
158	264843.0
159	264843.0
160	77930.0
161	77930.0
162	77930.0
163	77930.0
164	77930.0
165	74148.0
166	74148.0
167	74148.0
168	74148.0
169	74148.0
170	60763.0
171	60763.0
172	60763.0
173	60763.0
174	60763.0
175	227533.0
176	227533.0
177	227533.0
178	227533.0
179	227533.0
180	269132.0
181	269132.0
182	269132.0
183	269132.0
184	269132.0
185	32378.0
186	32378.0
187	32378.0
188	32378.0
189	32378.0
190	28895.0
191	28895.0
192	28895.0
193	28895.0
194	28895.0
195	245861.0
196	245861.0
197	245861.0
198	245861.0
199	245861.0
200	169896.0
201	169896.0
202	169896.0
203	169896.0
204	169896.0
205	94707.0
206	94707.0
207	94707.0
208	94707.0
209	94707.0
210	274556.0
211	274556.0
212	274556.0
213	274556.0
214	274556.0
215	134843.0
216	134843.0
217	134843.0
218	134843.0
219	134843.0
220	9551.0
221	9551.0
222	9551.0
223	9551.0
224	9551.0
225	86953.0
226	86953.0
227	86953.0
228	86953.0
229	86953.0
230	145064.0
231	145064.0
232	145064.0
233	145064.0
234	145064.0
235	19079.0
236	19079.0
237	19079.0
238	19079.0
239	19079.0
240	225849.0
241	225849.0
242	225849.0
243	225849.0
244	225849.0
245	128106.0
246	128106.0
247	128106.0
248	128106.0
249	128106.0
