0	40487.0
1	40487.0
2	40487.0
3	40487.0
4	40487.0
5	236637.0
6	236637.0
7	236637.0
8	236637.0
9	236637.0
10	187420.0
11	187420.0
12	187420.0
13	187420.0
14	187420.0
15	302064.0
16	302064.0
17	302064.0
18	302064.0
19	302064.0
20	570779.0
21	570779.0
22	570779.0
23	570779.0
24	570779.0
25	350383.0
26	350383.0
27	350383.0
28	350383.0
29	350383.0
30	210550.0
31	210550.0
32	210550.0
33	210550.0
34	210550.0
35	73662.0
36	73662.0
37	73662.0
38	73662.0
39	73662.0
40	667771.0
41	667771.0
42	667771.0
43	667771.0
44	667771.0
45	397239.0
46	397239.0
47	397239.0
48	397239.0
49	397239.0
50	65952.0
51	65952.0
52	65952.0
53	65952.0
54	65952.0
55	412516.0
56	412516.0
57	412516.0
58	412516.0
59	412516.0
60	531642.0
61	531642.0
62	531642.0
63	531642.0
64	531642.0
65	230196.0
66	230196.0
67	230196.0
68	230196.0
69	230196.0
70	108407.0
71	108407.0
72	108407.0
73	108407.0
74	108407.0
75	573396.0
76	573396.0
77	573396.0
78	573396.0
79	573396.0
80	201742.0
81	201742.0
82	201742.0
83	201742.0
84	201742.0
85	417188.0
86	417188.0
87	417188.0
88	417188.0
89	417188.0
90	368162.0
91	368162.0
92	368162.0
93	368162.0
94	368162.0
95	347552.0
96	347552.0
97	347552.0
98	347552.0
99	347552.0
100	643800.0
101	643800.0
102	643800.0
103	643800.0
104	643800.0
105	240302.0
106	240302.0
107	240302.0
108	240302.0
109	240302.0
110	245772.0
111	245772.0
112	245772.0
113	245772.0
114	245772.0
115	178508.0
116	178508.0
117	178508.0
118	178508.0
119	178508.0
120	549289.0
121	549289.0
122	549289.0
123	549289.0
124	549289.0
125	213639.0
126	213639.0
127	213639.0
128	213639.0
129	213639.0
130	463952.0
131	463952.0
132	463952.0
133	463952.0
134	463952.0
135	316328.0
136	316328.0
137	316328.0
138	316328.0
139	316328.0
140	434531.0
141	434531.0
142	434531.0
143	434531.0
144	434531.0
145	199686.0
146	199686.0
147	199686.0
148	199686.0
149	199686.0
150	457877.0
151	457877.0
152	457877.0
153	457877.0
154	457877.0
155	366384.0
156	366384.0
157	366384.0
158	366384.0
159	366384.0
160	533403.0
161	533403.0
162	533403.0
163	533403.0
164	533403.0
165	294285.0
166	294285.0
167	294285.0
168	294285.0
169	294285.0
170	83595.0
171	83595.0
172	83595.0
173	83595.0
174	83595.0
175	295619.0
176	295619.0
177	295619.0
178	295619.0
179	295619.0
180	567963.0
181	567963.0
182	567963.0
183	567963.0
184	567963.0
185	54727.0
186	54727.0
187	54727.0
188	54727.0
189	54727.0
190	2301.0
191	2301.0
192	2301.0
193	2301.0
194	2301.0
195	597070.0
196	597070.0
197	597070.0
198	597070.0
199	597070.0
200	601066.0
201	601066.0
202	601066.0
203	601066.0
204	601066.0
205	535244.0
206	535244.0
207	535244.0
208	535244.0
209	535244.0
210	238362.0
211	238362.0
212	238362.0
213	238362.0
214	238362.0
215	45663.0
216	45663.0
217	45663.0
218	45663.0
219	45663.0
220	152490.0
221	152490.0
222	152490.0
223	152490.0
224	152490.0
225	343903.0
226	343903.0
227	343903.0
228	343903.0
229	343903.0
230	173208.0
231	173208.0
232	173208.0
233	173208.0
234	173208.0
235	87840.0
236	87840.0
237	87840.0
238	87840.0
239	87840.0
240	593574.0
241	593574.0
242	593574.0
243	593574.0
244	593574.0
245	632667.0
246	632667.0
247	632667.0
248	632667.0
249	632667.0
