0	489240.0
1	489240.0
2	489240.0
3	489240.0
4	489240.0
5	60518.0
6	60518.0
7	60518.0
8	60518.0
9	60518.0
10	494144.0
11	494144.0
12	494144.0
13	494144.0
14	494144.0
15	106763.0
16	106763.0
17	106763.0
18	106763.0
19	106763.0
20	420153.0
21	420153.0
22	420153.0
23	420153.0
24	420153.0
25	533862.0
26	533862.0
27	533862.0
28	533862.0
29	533862.0
30	670756.0
31	670756.0
32	670756.0
33	670756.0
34	670756.0
35	524086.0
36	524086.0
37	524086.0
38	524086.0
39	524086.0
40	77349.0
41	77349.0
42	77349.0
43	77349.0
44	77349.0
45	460348.0
46	460348.0
47	460348.0
48	460348.0
49	460348.0
50	346119.0
51	346119.0
52	346119.0
53	346119.0
54	346119.0
55	468826.0
56	468826.0
57	468826.0
58	468826.0
59	468826.0
60	299149.0
61	299149.0
62	299149.0
63	299149.0
64	299149.0
65	556695.0
66	556695.0
67	556695.0
68	556695.0
69	556695.0
70	118232.0
71	118232.0
72	118232.0
73	118232.0
74	118232.0
75	421310.0
76	421310.0
77	421310.0
78	421310.0
79	421310.0
80	452133.0
81	452133.0
82	452133.0
83	452133.0
84	452133.0
85	571444.0
86	571444.0
87	571444.0
88	571444.0
89	571444.0
90	523531.0
91	523531.0
92	523531.0
93	523531.0
94	523531.0
95	48612.0
96	48612.0
97	48612.0
98	48612.0
99	48612.0
100	599429.0
101	599429.0
102	599429.0
103	599429.0
104	599429.0
105	150879.0
106	150879.0
107	150879.0
108	150879.0
109	150879.0
110	42513.0
111	42513.0
112	42513.0
113	42513.0
114	42513.0
115	208587.0
116	208587.0
117	208587.0
118	208587.0
119	208587.0
120	287443.0
121	287443.0
122	287443.0
123	287443.0
124	287443.0
125	355116.0
126	355116.0
127	355116.0
128	355116.0
129	355116.0
130	472683.0
131	472683.0
132	472683.0
133	472683.0
134	472683.0
135	446751.0
136	446751.0
137	446751.0
138	446751.0
139	446751.0
140	533575.0
141	533575.0
142	533575.0
143	533575.0
144	533575.0
145	144731.0
146	144731.0
147	144731.0
148	144731.0
149	144731.0
150	279483.0
151	279483.0
152	279483.0
153	279483.0
154	279483.0
155	375908.0
156	375908.0
157	375908.0
158	375908.0
159	375908.0
160	552579.0
161	552579.0
162	552579.0
163	552579.0
164	552579.0
165	383758.0
166	383758.0
167	383758.0
168	383758.0
169	383758.0
170	407574.0
171	407574.0
172	407574.0
173	407574.0
174	407574.0
175	458088.0
176	458088.0
177	458088.0
178	458088.0
179	458088.0
180	473933.0
181	473933.0
182	473933.0
183	473933.0
184	473933.0
185	159453.0
186	159453.0
187	159453.0
188	159453.0
189	159453.0
190	198688.0
191	198688.0
192	198688.0
193	198688.0
194	198688.0
195	579168.0
196	579168.0
197	579168.0
198	579168.0
199	579168.0
200	386590.0
201	386590.0
202	386590.0
203	386590.0
204	386590.0
205	352710.0
206	352710.0
207	352710.0
208	352710.0
209	352710.0
210	335251.0
211	335251.0
212	335251.0
213	335251.0
214	335251.0
215	479317.0
216	479317.0
217	479317.0
218	479317.0
219	479317.0
220	330115.0
221	330115.0
222	330115.0
223	330115.0
224	330115.0
225	581181.0
226	581181.0
227	581181.0
228	581181.0
229	581181.0
230	83279.0
231	83279.0
232	83279.0
233	83279.0
234	83279.0
235	643640.0
236	643640.0
237	643640.0
238	643640.0
239	643640.0
240	635574.0
241	635574.0
242	635574.0
243	635574.0
244	635574.0
245	74215.0
246	74215.0
247	74215.0
248	74215.0
249	74215.0
