0	519073.0
1	519073.0
2	519073.0
3	519073.0
4	519073.0
5	269807.0
6	269807.0
7	269807.0
8	269807.0
9	269807.0
10	186078.0
11	186078.0
12	186078.0
13	186078.0
14	186078.0
15	308344.0
16	308344.0
17	308344.0
18	308344.0
19	308344.0
20	22619.0
21	22619.0
22	22619.0
23	22619.0
24	22619.0
25	74618.0
26	74618.0
27	74618.0
28	74618.0
29	74618.0
30	62216.0
31	62216.0
32	62216.0
33	62216.0
34	62216.0
35	625753.0
36	625753.0
37	625753.0
38	625753.0
39	625753.0
40	148325.0
41	148325.0
42	148325.0
43	148325.0
44	148325.0
45	589737.0
46	589737.0
47	589737.0
48	589737.0
49	589737.0
50	504137.0
51	504137.0
52	504137.0
53	504137.0
54	504137.0
55	38676.0
56	38676.0
57	38676.0
58	38676.0
59	38676.0
60	153408.0
61	153408.0
62	153408.0
63	153408.0
64	153408.0
65	342984.0
66	342984.0
67	342984.0
68	342984.0
69	342984.0
70	621779.0
71	621779.0
72	621779.0
73	621779.0
74	621779.0
75	159133.0
76	159133.0
77	159133.0
78	159133.0
79	159133.0
80	47257.0
81	47257.0
82	47257.0
83	47257.0
84	47257.0
85	648638.0
86	648638.0
87	648638.0
88	648638.0
89	648638.0
90	629777.0
91	629777.0
92	629777.0
93	629777.0
94	629777.0
95	649936.0
96	649936.0
97	649936.0
98	649936.0
99	649936.0
100	238962.0
101	238962.0
102	238962.0
103	238962.0
104	238962.0
105	420442.0
106	420442.0
107	420442.0
108	420442.0
109	420442.0
110	557293.0
111	557293.0
112	557293.0
113	557293.0
114	557293.0
115	5605.0
116	5605.0
117	5605.0
118	5605.0
119	5605.0
120	211497.0
121	211497.0
122	211497.0
123	211497.0
124	211497.0
125	661479.0
126	661479.0
127	661479.0
128	661479.0
129	661479.0
130	652644.0
131	652644.0
132	652644.0
133	652644.0
134	652644.0
135	418414.0
136	418414.0
137	418414.0
138	418414.0
139	418414.0
140	593706.0
141	593706.0
142	593706.0
143	593706.0
144	593706.0
145	500476.0
146	500476.0
147	500476.0
148	500476.0
149	500476.0
150	434961.0
151	434961.0
152	434961.0
153	434961.0
154	434961.0
155	464152.0
156	464152.0
157	464152.0
158	464152.0
159	464152.0
160	536996.0
161	536996.0
162	536996.0
163	536996.0
164	536996.0
165	655120.0
166	655120.0
167	655120.0
168	655120.0
169	655120.0
170	3448.0
171	3448.0
172	3448.0
173	3448.0
174	3448.0
175	161404.0
176	161404.0
177	161404.0
178	161404.0
179	161404.0
180	512037.0
181	512037.0
182	512037.0
183	512037.0
184	512037.0
185	269199.0
186	269199.0
187	269199.0
188	269199.0
189	269199.0
190	208.0
191	208.0
192	208.0
193	208.0
194	208.0
195	477606.0
196	477606.0
197	477606.0
198	477606.0
199	477606.0
200	247557.0
201	247557.0
202	247557.0
203	247557.0
204	247557.0
205	21188.0
206	21188.0
207	21188.0
208	21188.0
209	21188.0
210	324452.0
211	324452.0
212	324452.0
213	324452.0
214	324452.0
215	574597.0
216	574597.0
217	574597.0
218	574597.0
219	574597.0
220	145529.0
221	145529.0
222	145529.0
223	145529.0
224	145529.0
225	187363.0
226	187363.0
227	187363.0
228	187363.0
229	187363.0
230	530350.0
231	530350.0
232	530350.0
233	530350.0
234	530350.0
235	519533.0
236	519533.0
237	519533.0
238	519533.0
239	519533.0
240	565014.0
241	565014.0
242	565014.0
243	565014.0
244	565014.0
245	127515.0
246	127515.0
247	127515.0
248	127515.0
249	127515.0
