0	369992.0
1	369992.0
2	369992.0
3	369992.0
4	369992.0
5	139740.0
6	139740.0
7	139740.0
8	139740.0
9	139740.0
10	79441.0
11	79441.0
12	79441.0
13	79441.0
14	79441.0
15	497448.0
16	497448.0
17	497448.0
18	497448.0
19	497448.0
20	460314.0
21	460314.0
22	460314.0
23	460314.0
24	460314.0
25	62073.0
26	62073.0
27	62073.0
28	62073.0
29	62073.0
30	79384.0
31	79384.0
32	79384.0
33	79384.0
34	79384.0
35	25736.0
36	25736.0
37	25736.0
38	25736.0
39	25736.0
40	562006.0
41	562006.0
42	562006.0
43	562006.0
44	562006.0
45	369663.0
46	369663.0
47	369663.0
48	369663.0
49	369663.0
50	184435.0
51	184435.0
52	184435.0
53	184435.0
54	184435.0
55	298422.0
56	298422.0
57	298422.0
58	298422.0
59	298422.0
60	488945.0
61	488945.0
62	488945.0
63	488945.0
64	488945.0
65	90298.0
66	90298.0
67	90298.0
68	90298.0
69	90298.0
70	252925.0
71	252925.0
72	252925.0
73	252925.0
74	252925.0
75	221780.0
76	221780.0
77	221780.0
78	221780.0
79	221780.0
80	326660.0
81	326660.0
82	326660.0
83	326660.0
84	326660.0
85	520011.0
86	520011.0
87	520011.0
88	520011.0
89	520011.0
90	56101.0
91	56101.0
92	56101.0
93	56101.0
94	56101.0
95	249849.0
96	249849.0
97	249849.0
98	249849.0
99	249849.0
100	363687.0
101	363687.0
102	363687.0
103	363687.0
104	363687.0
105	96079.0
106	96079.0
107	96079.0
108	96079.0
109	96079.0
110	4129.0
111	4129.0
112	4129.0
113	4129.0
114	4129.0
115	283850.0
116	283850.0
117	283850.0
118	283850.0
119	283850.0
120	603070.0
121	603070.0
122	603070.0
123	603070.0
124	603070.0
125	429823.0
126	429823.0
127	429823.0
128	429823.0
129	429823.0
130	345454.0
131	345454.0
132	345454.0
133	345454.0
134	345454.0
135	256960.0
136	256960.0
137	256960.0
138	256960.0
139	256960.0
140	132559.0
141	132559.0
142	132559.0
143	132559.0
144	132559.0
145	188009.0
146	188009.0
147	188009.0
148	188009.0
149	188009.0
150	676414.0
151	676414.0
152	676414.0
153	676414.0
154	676414.0
155	82276.0
156	82276.0
157	82276.0
158	82276.0
159	82276.0
160	9067.0
161	9067.0
162	9067.0
163	9067.0
164	9067.0
165	359637.0
166	359637.0
167	359637.0
168	359637.0
169	359637.0
170	55258.0
171	55258.0
172	55258.0
173	55258.0
174	55258.0
175	106432.0
176	106432.0
177	106432.0
178	106432.0
179	106432.0
180	347162.0
181	347162.0
182	347162.0
183	347162.0
184	347162.0
185	573528.0
186	573528.0
187	573528.0
188	573528.0
189	573528.0
190	378797.0
191	378797.0
192	378797.0
193	378797.0
194	378797.0
195	633466.0
196	633466.0
197	633466.0
198	633466.0
199	633466.0
200	671937.0
201	671937.0
202	671937.0
203	671937.0
204	671937.0
205	428307.0
206	428307.0
207	428307.0
208	428307.0
209	428307.0
210	388962.0
211	388962.0
212	388962.0
213	388962.0
214	388962.0
215	15691.0
216	15691.0
217	15691.0
218	15691.0
219	15691.0
220	155406.0
221	155406.0
222	155406.0
223	155406.0
224	155406.0
225	195705.0
226	195705.0
227	195705.0
228	195705.0
229	195705.0
230	110896.0
231	110896.0
232	110896.0
233	110896.0
234	110896.0
235	158291.0
236	158291.0
237	158291.0
238	158291.0
239	158291.0
240	14652.0
241	14652.0
242	14652.0
243	14652.0
244	14652.0
245	603980.0
246	603980.0
247	603980.0
248	603980.0
249	603980.0
