0	665233.0
1	665233.0
2	665233.0
3	665233.0
4	665233.0
5	248348.0
6	248348.0
7	248348.0
8	248348.0
9	248348.0
10	221366.0
11	221366.0
12	221366.0
13	221366.0
14	221366.0
15	483458.0
16	483458.0
17	483458.0
18	483458.0
19	483458.0
20	574298.0
21	574298.0
22	574298.0
23	574298.0
24	574298.0
25	808154.0
26	808154.0
27	808154.0
28	808154.0
29	808154.0
30	16724.0
31	16724.0
32	16724.0
33	16724.0
34	16724.0
35	562015.0
36	562015.0
37	562015.0
38	562015.0
39	562015.0
40	423284.0
41	423284.0
42	423284.0
43	423284.0
44	423284.0
45	264342.0
46	264342.0
47	264342.0
48	264342.0
49	264342.0
50	200958.0
51	200958.0
52	200958.0
53	200958.0
54	200958.0
55	261373.0
56	261373.0
57	261373.0
58	261373.0
59	261373.0
60	824109.0
61	824109.0
62	824109.0
63	824109.0
64	824109.0
65	690583.0
66	690583.0
67	690583.0
68	690583.0
69	690583.0
70	551311.0
71	551311.0
72	551311.0
73	551311.0
74	551311.0
75	534335.0
76	534335.0
77	534335.0
78	534335.0
79	534335.0
80	199803.0
81	199803.0
82	199803.0
83	199803.0
84	199803.0
85	314443.0
86	314443.0
87	314443.0
88	314443.0
89	314443.0
90	45136.0
91	45136.0
92	45136.0
93	45136.0
94	45136.0
95	599090.0
96	599090.0
97	599090.0
98	599090.0
99	599090.0
100	444483.0
101	444483.0
102	444483.0
103	444483.0
104	444483.0
105	337172.0
106	337172.0
107	337172.0
108	337172.0
109	337172.0
110	534929.0
111	534929.0
112	534929.0
113	534929.0
114	534929.0
115	69600.0
116	69600.0
117	69600.0
118	69600.0
119	69600.0
120	436516.0
121	436516.0
122	436516.0
123	436516.0
124	436516.0
125	416925.0
126	416925.0
127	416925.0
128	416925.0
129	416925.0
130	751410.0
131	751410.0
132	751410.0
133	751410.0
134	751410.0
135	491971.0
136	491971.0
137	491971.0
138	491971.0
139	491971.0
140	757517.0
141	757517.0
142	757517.0
143	757517.0
144	757517.0
145	331406.0
146	331406.0
147	331406.0
148	331406.0
149	331406.0
150	212867.0
151	212867.0
152	212867.0
153	212867.0
154	212867.0
155	30018.0
156	30018.0
157	30018.0
158	30018.0
159	30018.0
160	855625.0
161	855625.0
162	855625.0
163	855625.0
164	855625.0
165	591238.0
166	591238.0
167	591238.0
168	591238.0
169	591238.0
170	708036.0
171	708036.0
172	708036.0
173	708036.0
174	708036.0
175	595273.0
176	595273.0
177	595273.0
178	595273.0
179	595273.0
180	467916.0
181	467916.0
182	467916.0
183	467916.0
184	467916.0
185	498730.0
186	498730.0
187	498730.0
188	498730.0
189	498730.0
190	574339.0
191	574339.0
192	574339.0
193	574339.0
194	574339.0
195	820174.0
196	820174.0
197	820174.0
198	820174.0
199	820174.0
200	830931.0
201	830931.0
202	830931.0
203	830931.0
204	830931.0
205	562010.0
206	562010.0
207	562010.0
208	562010.0
209	562010.0
210	526653.0
211	526653.0
212	526653.0
213	526653.0
214	526653.0
215	686651.0
216	686651.0
217	686651.0
218	686651.0
219	686651.0
220	103995.0
221	103995.0
222	103995.0
223	103995.0
224	103995.0
225	436152.0
226	436152.0
227	436152.0
228	436152.0
229	436152.0
230	27147.0
231	27147.0
232	27147.0
233	27147.0
234	27147.0
235	484192.0
236	484192.0
237	484192.0
238	484192.0
239	484192.0
240	506889.0
241	506889.0
242	506889.0
243	506889.0
244	506889.0
245	154007.0
246	154007.0
247	154007.0
248	154007.0
249	154007.0
