0	437447.0
1	437447.0
2	437447.0
3	437447.0
4	437447.0
5	266632.0
6	266632.0
7	266632.0
8	266632.0
9	266632.0
10	28500.0
11	28500.0
12	28500.0
13	28500.0
14	28500.0
15	320846.0
16	320846.0
17	320846.0
18	320846.0
19	320846.0
20	343572.0
21	343572.0
22	343572.0
23	343572.0
24	343572.0
25	874585.0
26	874585.0
27	874585.0
28	874585.0
29	874585.0
30	361877.0
31	361877.0
32	361877.0
33	361877.0
34	361877.0
35	352438.0
36	352438.0
37	352438.0
38	352438.0
39	352438.0
40	81270.0
41	81270.0
42	81270.0
43	81270.0
44	81270.0
45	67916.0
46	67916.0
47	67916.0
48	67916.0
49	67916.0
50	589346.0
51	589346.0
52	589346.0
53	589346.0
54	589346.0
55	900293.0
56	900293.0
57	900293.0
58	900293.0
59	900293.0
60	74314.0
61	74314.0
62	74314.0
63	74314.0
64	74314.0
65	284322.0
66	284322.0
67	284322.0
68	284322.0
69	284322.0
70	779459.0
71	779459.0
72	779459.0
73	779459.0
74	779459.0
75	255187.0
76	255187.0
77	255187.0
78	255187.0
79	255187.0
80	223852.0
81	223852.0
82	223852.0
83	223852.0
84	223852.0
85	271274.0
86	271274.0
87	271274.0
88	271274.0
89	271274.0
90	411531.0
91	411531.0
92	411531.0
93	411531.0
94	411531.0
95	71633.0
96	71633.0
97	71633.0
98	71633.0
99	71633.0
100	872150.0
101	872150.0
102	872150.0
103	872150.0
104	872150.0
105	147323.0
106	147323.0
107	147323.0
108	147323.0
109	147323.0
110	192580.0
111	192580.0
112	192580.0
113	192580.0
114	192580.0
115	244088.0
116	244088.0
117	244088.0
118	244088.0
119	244088.0
120	623449.0
121	623449.0
122	623449.0
123	623449.0
124	623449.0
125	381699.0
126	381699.0
127	381699.0
128	381699.0
129	381699.0
130	169989.0
131	169989.0
132	169989.0
133	169989.0
134	169989.0
135	156337.0
136	156337.0
137	156337.0
138	156337.0
139	156337.0
140	298324.0
141	298324.0
142	298324.0
143	298324.0
144	298324.0
145	649163.0
146	649163.0
147	649163.0
148	649163.0
149	649163.0
150	313985.0
151	313985.0
152	313985.0
153	313985.0
154	313985.0
155	45534.0
156	45534.0
157	45534.0
158	45534.0
159	45534.0
160	442653.0
161	442653.0
162	442653.0
163	442653.0
164	442653.0
165	366490.0
166	366490.0
167	366490.0
168	366490.0
169	366490.0
170	93314.0
171	93314.0
172	93314.0
173	93314.0
174	93314.0
175	35702.0
176	35702.0
177	35702.0
178	35702.0
179	35702.0
180	717794.0
181	717794.0
182	717794.0
183	717794.0
184	717794.0
185	466075.0
186	466075.0
187	466075.0
188	466075.0
189	466075.0
190	207065.0
191	207065.0
192	207065.0
193	207065.0
194	207065.0
195	301906.0
196	301906.0
197	301906.0
198	301906.0
199	301906.0
200	423214.0
201	423214.0
202	423214.0
203	423214.0
204	423214.0
205	79829.0
206	79829.0
207	79829.0
208	79829.0
209	79829.0
210	100073.0
211	100073.0
212	100073.0
213	100073.0
214	100073.0
215	156718.0
216	156718.0
217	156718.0
218	156718.0
219	156718.0
220	216082.0
221	216082.0
222	216082.0
223	216082.0
224	216082.0
225	522018.0
226	522018.0
227	522018.0
228	522018.0
229	522018.0
230	6895.0
231	6895.0
232	6895.0
233	6895.0
234	6895.0
235	377535.0
236	377535.0
237	377535.0
238	377535.0
239	377535.0
240	904679.0
241	904679.0
242	904679.0
243	904679.0
244	904679.0
245	285276.0
246	285276.0
247	285276.0
248	285276.0
249	285276.0
