0	577153.0
1	577153.0
2	577153.0
3	577153.0
4	577153.0
5	771913.0
6	771913.0
7	771913.0
8	771913.0
9	771913.0
10	44066.0
11	44066.0
12	44066.0
13	44066.0
14	44066.0
15	323946.0
16	323946.0
17	323946.0
18	323946.0
19	323946.0
20	66772.0
21	66772.0
22	66772.0
23	66772.0
24	66772.0
25	191310.0
26	191310.0
27	191310.0
28	191310.0
29	191310.0
30	4606.0
31	4606.0
32	4606.0
33	4606.0
34	4606.0
35	192600.0
36	192600.0
37	192600.0
38	192600.0
39	192600.0
40	592204.0
41	592204.0
42	592204.0
43	592204.0
44	592204.0
45	303416.0
46	303416.0
47	303416.0
48	303416.0
49	303416.0
50	190296.0
51	190296.0
52	190296.0
53	190296.0
54	190296.0
55	880928.0
56	880928.0
57	880928.0
58	880928.0
59	880928.0
60	734382.0
61	734382.0
62	734382.0
63	734382.0
64	734382.0
65	527982.0
66	527982.0
67	527982.0
68	527982.0
69	527982.0
70	171296.0
71	171296.0
72	171296.0
73	171296.0
74	171296.0
75	751095.0
76	751095.0
77	751095.0
78	751095.0
79	751095.0
80	32530.0
81	32530.0
82	32530.0
83	32530.0
84	32530.0
85	504102.0
86	504102.0
87	504102.0
88	504102.0
89	504102.0
90	335757.0
91	335757.0
92	335757.0
93	335757.0
94	335757.0
95	257212.0
96	257212.0
97	257212.0
98	257212.0
99	257212.0
100	627771.0
101	627771.0
102	627771.0
103	627771.0
104	627771.0
105	263460.0
106	263460.0
107	263460.0
108	263460.0
109	263460.0
110	444422.0
111	444422.0
112	444422.0
113	444422.0
114	444422.0
115	353269.0
116	353269.0
117	353269.0
118	353269.0
119	353269.0
120	122074.0
121	122074.0
122	122074.0
123	122074.0
124	122074.0
125	686916.0
126	686916.0
127	686916.0
128	686916.0
129	686916.0
130	624154.0
131	624154.0
132	624154.0
133	624154.0
134	624154.0
135	517388.0
136	517388.0
137	517388.0
138	517388.0
139	517388.0
140	876150.0
141	876150.0
142	876150.0
143	876150.0
144	876150.0
145	903045.0
146	903045.0
147	903045.0
148	903045.0
149	903045.0
150	292341.0
151	292341.0
152	292341.0
153	292341.0
154	292341.0
155	446679.0
156	446679.0
157	446679.0
158	446679.0
159	446679.0
160	3059.0
161	3059.0
162	3059.0
163	3059.0
164	3059.0
165	274354.0
166	274354.0
167	274354.0
168	274354.0
169	274354.0
170	717977.0
171	717977.0
172	717977.0
173	717977.0
174	717977.0
175	472182.0
176	472182.0
177	472182.0
178	472182.0
179	472182.0
180	624128.0
181	624128.0
182	624128.0
183	624128.0
184	624128.0
185	63289.0
186	63289.0
187	63289.0
188	63289.0
189	63289.0
190	537644.0
191	537644.0
192	537644.0
193	537644.0
194	537644.0
195	695980.0
196	695980.0
197	695980.0
198	695980.0
199	695980.0
200	715337.0
201	715337.0
202	715337.0
203	715337.0
204	715337.0
205	18395.0
206	18395.0
207	18395.0
208	18395.0
209	18395.0
210	401499.0
211	401499.0
212	401499.0
213	401499.0
214	401499.0
215	240803.0
216	240803.0
217	240803.0
218	240803.0
219	240803.0
220	894660.0
221	894660.0
222	894660.0
223	894660.0
224	894660.0
225	447670.0
226	447670.0
227	447670.0
228	447670.0
229	447670.0
230	14883.0
231	14883.0
232	14883.0
233	14883.0
234	14883.0
235	651317.0
236	651317.0
237	651317.0
238	651317.0
239	651317.0
240	122083.0
241	122083.0
242	122083.0
243	122083.0
244	122083.0
245	889807.0
246	889807.0
247	889807.0
248	889807.0
249	889807.0
