0	15581.0
1	15581.0
2	15581.0
3	15581.0
4	15581.0
5	35826.0
6	35826.0
7	35826.0
8	35826.0
9	35826.0
10	2203.0
11	2203.0
12	2203.0
13	2203.0
14	2203.0
15	18434.0
16	18434.0
17	18434.0
18	18434.0
19	18434.0
20	2232.0
21	2232.0
22	2232.0
23	2232.0
24	2232.0
25	10538.0
26	10538.0
27	10538.0
28	10538.0
29	10538.0
30	34488.0
31	34488.0
32	34488.0
33	34488.0
34	34488.0
35	36355.0
36	36355.0
37	36355.0
38	36355.0
39	36355.0
40	31192.0
41	31192.0
42	31192.0
43	31192.0
44	31192.0
45	1701.0
46	1701.0
47	1701.0
48	1701.0
49	1701.0
50	40224.0
51	40224.0
52	40224.0
53	40224.0
54	40224.0
55	5230.0
56	5230.0
57	5230.0
58	5230.0
59	5230.0
60	9665.0
61	9665.0
62	9665.0
63	9665.0
64	9665.0
65	19801.0
66	19801.0
67	19801.0
68	19801.0
69	19801.0
70	34137.0
71	34137.0
72	34137.0
73	34137.0
74	34137.0
75	34516.0
76	34516.0
77	34516.0
78	34516.0
79	34516.0
80	12972.0
81	12972.0
82	12972.0
83	12972.0
84	12972.0
85	16299.0
86	16299.0
87	16299.0
88	16299.0
89	16299.0
90	16492.0
91	16492.0
92	16492.0
93	16492.0
94	16492.0
95	40743.0
96	40743.0
97	40743.0
98	40743.0
99	40743.0
100	35882.0
101	35882.0
102	35882.0
103	35882.0
104	35882.0
105	12474.0
106	12474.0
107	12474.0
108	12474.0
109	12474.0
110	13747.0
111	13747.0
112	13747.0
113	13747.0
114	13747.0
115	21463.0
116	21463.0
117	21463.0
118	21463.0
119	21463.0
120	8927.0
121	8927.0
122	8927.0
123	8927.0
124	8927.0
125	16791.0
126	16791.0
127	16791.0
128	16791.0
129	16791.0
130	27730.0
131	27730.0
132	27730.0
133	27730.0
134	27730.0
135	24599.0
136	24599.0
137	24599.0
138	24599.0
139	24599.0
140	16900.0
141	16900.0
142	16900.0
143	16900.0
144	16900.0
145	7239.0
146	7239.0
147	7239.0
148	7239.0
149	7239.0
150	9391.0
151	9391.0
152	9391.0
153	9391.0
154	9391.0
155	22283.0
156	22283.0
157	22283.0
158	22283.0
159	22283.0
160	27777.0
161	27777.0
162	27777.0
163	27777.0
164	27777.0
165	6258.0
166	6258.0
167	6258.0
168	6258.0
169	6258.0
170	1700.0
171	1700.0
172	1700.0
173	1700.0
174	1700.0
175	12899.0
176	12899.0
177	12899.0
178	12899.0
179	12899.0
180	8275.0
181	8275.0
182	8275.0
183	8275.0
184	8275.0
185	36580.0
186	36580.0
187	36580.0
188	36580.0
189	36580.0
190	8465.0
191	8465.0
192	8465.0
193	8465.0
194	8465.0
195	38383.0
196	38383.0
197	38383.0
198	38383.0
199	38383.0
200	1822.0
201	1822.0
202	1822.0
203	1822.0
204	1822.0
205	11026.0
206	11026.0
207	11026.0
208	11026.0
209	11026.0
210	28180.0
211	28180.0
212	28180.0
213	28180.0
214	28180.0
215	25996.0
216	25996.0
217	25996.0
218	25996.0
219	25996.0
220	39497.0
221	39497.0
222	39497.0
223	39497.0
224	39497.0
225	21079.0
226	21079.0
227	21079.0
228	21079.0
229	21079.0
230	39199.0
231	39199.0
232	39199.0
233	39199.0
234	39199.0
235	37926.0
236	37926.0
237	37926.0
238	37926.0
239	37926.0
240	32869.0
241	32869.0
242	32869.0
243	32869.0
244	32869.0
245	30697.0
246	30697.0
247	30697.0
248	30697.0
249	30697.0
