0	30451.0
1	30451.0
2	30451.0
3	30451.0
4	30451.0
5	16877.0
6	16877.0
7	16877.0
8	16877.0
9	16877.0
10	34263.0
11	34263.0
12	34263.0
13	34263.0
14	34263.0
15	19637.0
16	19637.0
17	19637.0
18	19637.0
19	19637.0
20	21328.0
21	21328.0
22	21328.0
23	21328.0
24	21328.0
25	20487.0
26	20487.0
27	20487.0
28	20487.0
29	20487.0
30	5231.0
31	5231.0
32	5231.0
33	5231.0
34	5231.0
35	23520.0
36	23520.0
37	23520.0
38	23520.0
39	23520.0
40	2972.0
41	2972.0
42	2972.0
43	2972.0
44	2972.0
45	2114.0
46	2114.0
47	2114.0
48	2114.0
49	2114.0
50	17219.0
51	17219.0
52	17219.0
53	17219.0
54	17219.0
55	10835.0
56	10835.0
57	10835.0
58	10835.0
59	10835.0
60	30090.0
61	30090.0
62	30090.0
63	30090.0
64	30090.0
65	26919.0
66	26919.0
67	26919.0
68	26919.0
69	26919.0
70	3226.0
71	3226.0
72	3226.0
73	3226.0
74	3226.0
75	15277.0
76	15277.0
77	15277.0
78	15277.0
79	15277.0
80	26860.0
81	26860.0
82	26860.0
83	26860.0
84	26860.0
85	27581.0
86	27581.0
87	27581.0
88	27581.0
89	27581.0
90	32316.0
91	32316.0
92	32316.0
93	32316.0
94	32316.0
95	12380.0
96	12380.0
97	12380.0
98	12380.0
99	12380.0
100	972.0
101	972.0
102	972.0
103	972.0
104	972.0
105	35754.0
106	35754.0
107	35754.0
108	35754.0
109	35754.0
110	598.0
111	598.0
112	598.0
113	598.0
114	598.0
115	10712.0
116	10712.0
117	10712.0
118	10712.0
119	10712.0
120	39978.0
121	39978.0
122	39978.0
123	39978.0
124	39978.0
125	28899.0
126	28899.0
127	28899.0
128	28899.0
129	28899.0
130	23793.0
131	23793.0
132	23793.0
133	23793.0
134	23793.0
135	24217.0
136	24217.0
137	24217.0
138	24217.0
139	24217.0
140	14869.0
141	14869.0
142	14869.0
143	14869.0
144	14869.0
145	26499.0
146	26499.0
147	26499.0
148	26499.0
149	26499.0
150	23461.0
151	23461.0
152	23461.0
153	23461.0
154	23461.0
155	18971.0
156	18971.0
157	18971.0
158	18971.0
159	18971.0
160	12320.0
161	12320.0
162	12320.0
163	12320.0
164	12320.0
165	6327.0
166	6327.0
167	6327.0
168	6327.0
169	6327.0
170	23995.0
171	23995.0
172	23995.0
173	23995.0
174	23995.0
175	26660.0
176	26660.0
177	26660.0
178	26660.0
179	26660.0
180	25319.0
181	25319.0
182	25319.0
183	25319.0
184	25319.0
185	19489.0
186	19489.0
187	19489.0
188	19489.0
189	19489.0
190	3610.0
191	3610.0
192	3610.0
193	3610.0
194	3610.0
195	26640.0
196	26640.0
197	26640.0
198	26640.0
199	26640.0
200	31018.0
201	31018.0
202	31018.0
203	31018.0
204	31018.0
205	9538.0
206	9538.0
207	9538.0
208	9538.0
209	9538.0
210	26255.0
211	26255.0
212	26255.0
213	26255.0
214	26255.0
215	27858.0
216	27858.0
217	27858.0
218	27858.0
219	27858.0
220	5615.0
221	5615.0
222	5615.0
223	5615.0
224	5615.0
225	27602.0
226	27602.0
227	27602.0
228	27602.0
229	27602.0
230	13824.0
231	13824.0
232	13824.0
233	13824.0
234	13824.0
235	15424.0
236	15424.0
237	15424.0
238	15424.0
239	15424.0
240	30341.0
241	30341.0
242	30341.0
243	30341.0
244	30341.0
245	5631.0
246	5631.0
247	5631.0
248	5631.0
249	5631.0
