0	20872.0
1	20872.0
2	20872.0
3	20872.0
4	20872.0
5	10212.0
6	10212.0
7	10212.0
8	10212.0
9	10212.0
10	17091.0
11	17091.0
12	17091.0
13	17091.0
14	17091.0
15	23296.0
16	23296.0
17	23296.0
18	23296.0
19	23296.0
20	14365.0
21	14365.0
22	14365.0
23	14365.0
24	14365.0
25	37610.0
26	37610.0
27	37610.0
28	37610.0
29	37610.0
30	21741.0
31	21741.0
32	21741.0
33	21741.0
34	21741.0
35	32018.0
36	32018.0
37	32018.0
38	32018.0
39	32018.0
40	6470.0
41	6470.0
42	6470.0
43	6470.0
44	6470.0
45	21114.0
46	21114.0
47	21114.0
48	21114.0
49	21114.0
50	28520.0
51	28520.0
52	28520.0
53	28520.0
54	28520.0
55	32999.0
56	32999.0
57	32999.0
58	32999.0
59	32999.0
60	9961.0
61	9961.0
62	9961.0
63	9961.0
64	9961.0
65	33553.0
66	33553.0
67	33553.0
68	33553.0
69	33553.0
70	25288.0
71	25288.0
72	25288.0
73	25288.0
74	25288.0
75	15795.0
76	15795.0
77	15795.0
78	15795.0
79	15795.0
80	24490.0
81	24490.0
82	24490.0
83	24490.0
84	24490.0
85	14354.0
86	14354.0
87	14354.0
88	14354.0
89	14354.0
90	28960.0
91	28960.0
92	28960.0
93	28960.0
94	28960.0
95	36669.0
96	36669.0
97	36669.0
98	36669.0
99	36669.0
100	22670.0
101	22670.0
102	22670.0
103	22670.0
104	22670.0
105	4127.0
106	4127.0
107	4127.0
108	4127.0
109	4127.0
110	32934.0
111	32934.0
112	32934.0
113	32934.0
114	32934.0
115	40671.0
116	40671.0
117	40671.0
118	40671.0
119	40671.0
120	8261.0
121	8261.0
122	8261.0
123	8261.0
124	8261.0
125	9542.0
126	9542.0
127	9542.0
128	9542.0
129	9542.0
130	19838.0
131	19838.0
132	19838.0
133	19838.0
134	19838.0
135	40256.0
136	40256.0
137	40256.0
138	40256.0
139	40256.0
140	3041.0
141	3041.0
142	3041.0
143	3041.0
144	3041.0
145	25050.0
146	25050.0
147	25050.0
148	25050.0
149	25050.0
150	4206.0
151	4206.0
152	4206.0
153	4206.0
154	4206.0
155	37936.0
156	37936.0
157	37936.0
158	37936.0
159	37936.0
160	16452.0
161	16452.0
162	16452.0
163	16452.0
164	16452.0
165	37581.0
166	37581.0
167	37581.0
168	37581.0
169	37581.0
170	34309.0
171	34309.0
172	34309.0
173	34309.0
174	34309.0
175	4667.0
176	4667.0
177	4667.0
178	4667.0
179	4667.0
180	2434.0
181	2434.0
182	2434.0
183	2434.0
184	2434.0
185	608.0
186	608.0
187	608.0
188	608.0
189	608.0
190	22207.0
191	22207.0
192	22207.0
193	22207.0
194	22207.0
195	11204.0
196	11204.0
197	11204.0
198	11204.0
199	11204.0
200	12320.0
201	12320.0
202	12320.0
203	12320.0
204	12320.0
205	25590.0
206	25590.0
207	25590.0
208	25590.0
209	25590.0
210	34173.0
211	34173.0
212	34173.0
213	34173.0
214	34173.0
215	39769.0
216	39769.0
217	39769.0
218	39769.0
219	39769.0
220	13215.0
221	13215.0
222	13215.0
223	13215.0
224	13215.0
225	38552.0
226	38552.0
227	38552.0
228	38552.0
229	38552.0
230	2839.0
231	2839.0
232	2839.0
233	2839.0
234	2839.0
235	30206.0
236	30206.0
237	30206.0
238	30206.0
239	30206.0
240	22984.0
241	22984.0
242	22984.0
243	22984.0
244	22984.0
245	5625.0
246	5625.0
247	5625.0
248	5625.0
249	5625.0
