0	43487.0
1	43487.0
2	43487.0
3	43487.0
4	43487.0
5	22697.0
6	22697.0
7	22697.0
8	22697.0
9	22697.0
10	24774.0
11	24774.0
12	24774.0
13	24774.0
14	24774.0
15	25698.0
16	25698.0
17	25698.0
18	25698.0
19	25698.0
20	3170.0
21	3170.0
22	3170.0
23	3170.0
24	3170.0
25	29386.0
26	29386.0
27	29386.0
28	29386.0
29	29386.0
30	18496.0
31	18496.0
32	18496.0
33	18496.0
34	18496.0
35	29248.0
36	29248.0
37	29248.0
38	29248.0
39	29248.0
40	6322.0
41	6322.0
42	6322.0
43	6322.0
44	6322.0
45	17524.0
46	17524.0
47	17524.0
48	17524.0
49	17524.0
50	38241.0
51	38241.0
52	38241.0
53	38241.0
54	38241.0
55	20946.0
56	20946.0
57	20946.0
58	20946.0
59	20946.0
60	2749.0
61	2749.0
62	2749.0
63	2749.0
64	2749.0
65	28261.0
66	28261.0
67	28261.0
68	28261.0
69	28261.0
70	14268.0
71	14268.0
72	14268.0
73	14268.0
74	14268.0
75	4287.0
76	4287.0
77	4287.0
78	4287.0
79	4287.0
80	44303.0
81	44303.0
82	44303.0
83	44303.0
84	44303.0
85	7843.0
86	7843.0
87	7843.0
88	7843.0
89	7843.0
90	18670.0
91	18670.0
92	18670.0
93	18670.0
94	18670.0
95	109.0
96	109.0
97	109.0
98	109.0
99	109.0
100	29081.0
101	29081.0
102	29081.0
103	29081.0
104	29081.0
105	14895.0
106	14895.0
107	14895.0
108	14895.0
109	14895.0
110	32743.0
111	32743.0
112	32743.0
113	32743.0
114	32743.0
115	14700.0
116	14700.0
117	14700.0
118	14700.0
119	14700.0
120	41642.0
121	41642.0
122	41642.0
123	41642.0
124	41642.0
125	16431.0
126	16431.0
127	16431.0
128	16431.0
129	16431.0
130	12544.0
131	12544.0
132	12544.0
133	12544.0
134	12544.0
135	43473.0
136	43473.0
137	43473.0
138	43473.0
139	43473.0
140	8183.0
141	8183.0
142	8183.0
143	8183.0
144	8183.0
145	34080.0
146	34080.0
147	34080.0
148	34080.0
149	34080.0
150	34431.0
151	34431.0
152	34431.0
153	34431.0
154	34431.0
155	15823.0
156	15823.0
157	15823.0
158	15823.0
159	15823.0
160	24694.0
161	24694.0
162	24694.0
163	24694.0
164	24694.0
165	2432.0
166	2432.0
167	2432.0
168	2432.0
169	2432.0
170	15504.0
171	15504.0
172	15504.0
173	15504.0
174	15504.0
175	36677.0
176	36677.0
177	36677.0
178	36677.0
179	36677.0
180	11981.0
181	11981.0
182	11981.0
183	11981.0
184	11981.0
185	26579.0
186	26579.0
187	26579.0
188	26579.0
189	26579.0
190	27948.0
191	27948.0
192	27948.0
193	27948.0
194	27948.0
195	20399.0
196	20399.0
197	20399.0
198	20399.0
199	20399.0
200	14476.0
201	14476.0
202	14476.0
203	14476.0
204	14476.0
205	17806.0
206	17806.0
207	17806.0
208	17806.0
209	17806.0
210	42133.0
211	42133.0
212	42133.0
213	42133.0
214	42133.0
215	37397.0
216	37397.0
217	37397.0
218	37397.0
219	37397.0
220	27026.0
221	27026.0
222	27026.0
223	27026.0
224	27026.0
225	17314.0
226	17314.0
227	17314.0
228	17314.0
229	17314.0
230	10759.0
231	10759.0
232	10759.0
233	10759.0
234	10759.0
235	8599.0
236	8599.0
237	8599.0
238	8599.0
239	8599.0
240	34644.0
241	34644.0
242	34644.0
243	34644.0
244	34644.0
245	31224.0
246	31224.0
247	31224.0
248	31224.0
249	31224.0
