0	116948.0
1	116948.0
2	116948.0
3	116948.0
4	116948.0
5	297748.0
6	297748.0
7	297748.0
8	297748.0
9	297748.0
10	620246.0
11	620246.0
12	620246.0
13	620246.0
14	620246.0
15	166770.0
16	166770.0
17	166770.0
18	166770.0
19	166770.0
20	121376.0
21	121376.0
22	121376.0
23	121376.0
24	121376.0
25	393655.0
26	393655.0
27	393655.0
28	393655.0
29	393655.0
30	222598.0
31	222598.0
32	222598.0
33	222598.0
34	222598.0
35	366947.0
36	366947.0
37	366947.0
38	366947.0
39	366947.0
40	862438.0
41	862438.0
42	862438.0
43	862438.0
44	862438.0
45	710115.0
46	710115.0
47	710115.0
48	710115.0
49	710115.0
50	400255.0
51	400255.0
52	400255.0
53	400255.0
54	400255.0
55	294704.0
56	294704.0
57	294704.0
58	294704.0
59	294704.0
60	799664.0
61	799664.0
62	799664.0
63	799664.0
64	799664.0
65	536112.0
66	536112.0
67	536112.0
68	536112.0
69	536112.0
70	173129.0
71	173129.0
72	173129.0
73	173129.0
74	173129.0
75	822561.0
76	822561.0
77	822561.0
78	822561.0
79	822561.0
80	633299.0
81	633299.0
82	633299.0
83	633299.0
84	633299.0
85	127090.0
86	127090.0
87	127090.0
88	127090.0
89	127090.0
90	816619.0
91	816619.0
92	816619.0
93	816619.0
94	816619.0
95	810272.0
96	810272.0
97	810272.0
98	810272.0
99	810272.0
100	426265.0
101	426265.0
102	426265.0
103	426265.0
104	426265.0
105	587943.0
106	587943.0
107	587943.0
108	587943.0
109	587943.0
110	473438.0
111	473438.0
112	473438.0
113	473438.0
114	473438.0
115	641622.0
116	641622.0
117	641622.0
118	641622.0
119	641622.0
120	2561.0
121	2561.0
122	2561.0
123	2561.0
124	2561.0
125	543611.0
126	543611.0
127	543611.0
128	543611.0
129	543611.0
130	452169.0
131	452169.0
132	452169.0
133	452169.0
134	452169.0
135	132234.0
136	132234.0
137	132234.0
138	132234.0
139	132234.0
140	777745.0
141	777745.0
142	777745.0
143	777745.0
144	777745.0
145	44878.0
146	44878.0
147	44878.0
148	44878.0
149	44878.0
150	543006.0
151	543006.0
152	543006.0
153	543006.0
154	543006.0
155	484212.0
156	484212.0
157	484212.0
158	484212.0
159	484212.0
160	694095.0
161	694095.0
162	694095.0
163	694095.0
164	694095.0
165	57354.0
166	57354.0
167	57354.0
168	57354.0
169	57354.0
170	321192.0
171	321192.0
172	321192.0
173	321192.0
174	321192.0
175	644569.0
176	644569.0
177	644569.0
178	644569.0
179	644569.0
180	689082.0
181	689082.0
182	689082.0
183	689082.0
184	689082.0
185	525981.0
186	525981.0
187	525981.0
188	525981.0
189	525981.0
190	589778.0
191	589778.0
192	589778.0
193	589778.0
194	589778.0
195	7371.0
196	7371.0
197	7371.0
198	7371.0
199	7371.0
200	170543.0
201	170543.0
202	170543.0
203	170543.0
204	170543.0
205	381474.0
206	381474.0
207	381474.0
208	381474.0
209	381474.0
210	737424.0
211	737424.0
212	737424.0
213	737424.0
214	737424.0
215	169574.0
216	169574.0
217	169574.0
218	169574.0
219	169574.0
220	845638.0
221	845638.0
222	845638.0
223	845638.0
224	845638.0
225	355810.0
226	355810.0
227	355810.0
228	355810.0
229	355810.0
230	593107.0
231	593107.0
232	593107.0
233	593107.0
234	593107.0
235	533980.0
236	533980.0
237	533980.0
238	533980.0
239	533980.0
240	363960.0
241	363960.0
242	363960.0
243	363960.0
244	363960.0
245	546770.0
246	546770.0
247	546770.0
248	546770.0
249	546770.0
