0	184049.0
1	184049.0
2	184049.0
3	184049.0
4	184049.0
5	583323.0
6	583323.0
7	583323.0
8	583323.0
9	583323.0
10	196851.0
11	196851.0
12	196851.0
13	196851.0
14	196851.0
15	624407.0
16	624407.0
17	624407.0
18	624407.0
19	624407.0
20	248238.0
21	248238.0
22	248238.0
23	248238.0
24	248238.0
25	851412.0
26	851412.0
27	851412.0
28	851412.0
29	851412.0
30	562818.0
31	562818.0
32	562818.0
33	562818.0
34	562818.0
35	238765.0
36	238765.0
37	238765.0
38	238765.0
39	238765.0
40	431841.0
41	431841.0
42	431841.0
43	431841.0
44	431841.0
45	333839.0
46	333839.0
47	333839.0
48	333839.0
49	333839.0
50	59176.0
51	59176.0
52	59176.0
53	59176.0
54	59176.0
55	864104.0
56	864104.0
57	864104.0
58	864104.0
59	864104.0
60	145157.0
61	145157.0
62	145157.0
63	145157.0
64	145157.0
65	249268.0
66	249268.0
67	249268.0
68	249268.0
69	249268.0
70	551635.0
71	551635.0
72	551635.0
73	551635.0
74	551635.0
75	566842.0
76	566842.0
77	566842.0
78	566842.0
79	566842.0
80	278292.0
81	278292.0
82	278292.0
83	278292.0
84	278292.0
85	12604.0
86	12604.0
87	12604.0
88	12604.0
89	12604.0
90	635923.0
91	635923.0
92	635923.0
93	635923.0
94	635923.0
95	563258.0
96	563258.0
97	563258.0
98	563258.0
99	563258.0
100	552193.0
101	552193.0
102	552193.0
103	552193.0
104	552193.0
105	533024.0
106	533024.0
107	533024.0
108	533024.0
109	533024.0
110	816531.0
111	816531.0
112	816531.0
113	816531.0
114	816531.0
115	574226.0
116	574226.0
117	574226.0
118	574226.0
119	574226.0
120	305624.0
121	305624.0
122	305624.0
123	305624.0
124	305624.0
125	368160.0
126	368160.0
127	368160.0
128	368160.0
129	368160.0
130	123919.0
131	123919.0
132	123919.0
133	123919.0
134	123919.0
135	483455.0
136	483455.0
137	483455.0
138	483455.0
139	483455.0
140	502381.0
141	502381.0
142	502381.0
143	502381.0
144	502381.0
145	655076.0
146	655076.0
147	655076.0
148	655076.0
149	655076.0
150	279339.0
151	279339.0
152	279339.0
153	279339.0
154	279339.0
155	580014.0
156	580014.0
157	580014.0
158	580014.0
159	580014.0
160	270939.0
161	270939.0
162	270939.0
163	270939.0
164	270939.0
165	100433.0
166	100433.0
167	100433.0
168	100433.0
169	100433.0
170	152351.0
171	152351.0
172	152351.0
173	152351.0
174	152351.0
175	562455.0
176	562455.0
177	562455.0
178	562455.0
179	562455.0
180	747900.0
181	747900.0
182	747900.0
183	747900.0
184	747900.0
185	490089.0
186	490089.0
187	490089.0
188	490089.0
189	490089.0
190	39093.0
191	39093.0
192	39093.0
193	39093.0
194	39093.0
195	593034.0
196	593034.0
197	593034.0
198	593034.0
199	593034.0
200	190926.0
201	190926.0
202	190926.0
203	190926.0
204	190926.0
205	126941.0
206	126941.0
207	126941.0
208	126941.0
209	126941.0
210	758184.0
211	758184.0
212	758184.0
213	758184.0
214	758184.0
215	366422.0
216	366422.0
217	366422.0
218	366422.0
219	366422.0
220	348815.0
221	348815.0
222	348815.0
223	348815.0
224	348815.0
225	471032.0
226	471032.0
227	471032.0
228	471032.0
229	471032.0
230	656050.0
231	656050.0
232	656050.0
233	656050.0
234	656050.0
235	255356.0
236	255356.0
237	255356.0
238	255356.0
239	255356.0
240	105184.0
241	105184.0
242	105184.0
243	105184.0
244	105184.0
245	11630.0
246	11630.0
247	11630.0
248	11630.0
249	11630.0
