0	402282.0
1	402282.0
2	402282.0
3	402282.0
4	402282.0
5	36781.0
6	36781.0
7	36781.0
8	36781.0
9	36781.0
10	805920.0
11	805920.0
12	805920.0
13	805920.0
14	805920.0
15	410360.0
16	410360.0
17	410360.0
18	410360.0
19	410360.0
20	838630.0
21	838630.0
22	838630.0
23	838630.0
24	838630.0
25	3952.0
26	3952.0
27	3952.0
28	3952.0
29	3952.0
30	861674.0
31	861674.0
32	861674.0
33	861674.0
34	861674.0
35	626450.0
36	626450.0
37	626450.0
38	626450.0
39	626450.0
40	813309.0
41	813309.0
42	813309.0
43	813309.0
44	813309.0
45	542892.0
46	542892.0
47	542892.0
48	542892.0
49	542892.0
50	567316.0
51	567316.0
52	567316.0
53	567316.0
54	567316.0
55	101754.0
56	101754.0
57	101754.0
58	101754.0
59	101754.0
60	842674.0
61	842674.0
62	842674.0
63	842674.0
64	842674.0
65	615940.0
66	615940.0
67	615940.0
68	615940.0
69	615940.0
70	709336.0
71	709336.0
72	709336.0
73	709336.0
74	709336.0
75	820667.0
76	820667.0
77	820667.0
78	820667.0
79	820667.0
80	71021.0
81	71021.0
82	71021.0
83	71021.0
84	71021.0
85	428635.0
86	428635.0
87	428635.0
88	428635.0
89	428635.0
90	854000.0
91	854000.0
92	854000.0
93	854000.0
94	854000.0
95	653862.0
96	653862.0
97	653862.0
98	653862.0
99	653862.0
100	458593.0
101	458593.0
102	458593.0
103	458593.0
104	458593.0
105	376862.0
106	376862.0
107	376862.0
108	376862.0
109	376862.0
110	516846.0
111	516846.0
112	516846.0
113	516846.0
114	516846.0
115	413754.0
116	413754.0
117	413754.0
118	413754.0
119	413754.0
120	399202.0
121	399202.0
122	399202.0
123	399202.0
124	399202.0
125	571084.0
126	571084.0
127	571084.0
128	571084.0
129	571084.0
130	281498.0
131	281498.0
132	281498.0
133	281498.0
134	281498.0
135	188220.0
136	188220.0
137	188220.0
138	188220.0
139	188220.0
140	864684.0
141	864684.0
142	864684.0
143	864684.0
144	864684.0
145	757728.0
146	757728.0
147	757728.0
148	757728.0
149	757728.0
150	434856.0
151	434856.0
152	434856.0
153	434856.0
154	434856.0
155	554683.0
156	554683.0
157	554683.0
158	554683.0
159	554683.0
160	705661.0
161	705661.0
162	705661.0
163	705661.0
164	705661.0
165	728306.0
166	728306.0
167	728306.0
168	728306.0
169	728306.0
170	337707.0
171	337707.0
172	337707.0
173	337707.0
174	337707.0
175	714959.0
176	714959.0
177	714959.0
178	714959.0
179	714959.0
180	774171.0
181	774171.0
182	774171.0
183	774171.0
184	774171.0
185	793164.0
186	793164.0
187	793164.0
188	793164.0
189	793164.0
190	449908.0
191	449908.0
192	449908.0
193	449908.0
194	449908.0
195	791401.0
196	791401.0
197	791401.0
198	791401.0
199	791401.0
200	730289.0
201	730289.0
202	730289.0
203	730289.0
204	730289.0
205	193800.0
206	193800.0
207	193800.0
208	193800.0
209	193800.0
210	515856.0
211	515856.0
212	515856.0
213	515856.0
214	515856.0
215	140188.0
216	140188.0
217	140188.0
218	140188.0
219	140188.0
220	872972.0
221	872972.0
222	872972.0
223	872972.0
224	872972.0
225	630782.0
226	630782.0
227	630782.0
228	630782.0
229	630782.0
230	800026.0
231	800026.0
232	800026.0
233	800026.0
234	800026.0
235	327375.0
236	327375.0
237	327375.0
238	327375.0
239	327375.0
240	743060.0
241	743060.0
242	743060.0
243	743060.0
244	743060.0
245	841582.0
246	841582.0
247	841582.0
248	841582.0
249	841582.0
