0	250845.0
1	250845.0
2	250845.0
3	250845.0
4	250845.0
5	13584.0
6	13584.0
7	13584.0
8	13584.0
9	13584.0
10	830530.0
11	830530.0
12	830530.0
13	830530.0
14	830530.0
15	340731.0
16	340731.0
17	340731.0
18	340731.0
19	340731.0
20	81460.0
21	81460.0
22	81460.0
23	81460.0
24	81460.0
25	555145.0
26	555145.0
27	555145.0
28	555145.0
29	555145.0
30	565742.0
31	565742.0
32	565742.0
33	565742.0
34	565742.0
35	289032.0
36	289032.0
37	289032.0
38	289032.0
39	289032.0
40	320776.0
41	320776.0
42	320776.0
43	320776.0
44	320776.0
45	33144.0
46	33144.0
47	33144.0
48	33144.0
49	33144.0
50	233885.0
51	233885.0
52	233885.0
53	233885.0
54	233885.0
55	761247.0
56	761247.0
57	761247.0
58	761247.0
59	761247.0
60	7816.0
61	7816.0
62	7816.0
63	7816.0
64	7816.0
65	624055.0
66	624055.0
67	624055.0
68	624055.0
69	624055.0
70	646425.0
71	646425.0
72	646425.0
73	646425.0
74	646425.0
75	590702.0
76	590702.0
77	590702.0
78	590702.0
79	590702.0
80	189045.0
81	189045.0
82	189045.0
83	189045.0
84	189045.0
85	869356.0
86	869356.0
87	869356.0
88	869356.0
89	869356.0
90	47694.0
91	47694.0
92	47694.0
93	47694.0
94	47694.0
95	234165.0
96	234165.0
97	234165.0
98	234165.0
99	234165.0
100	128192.0
101	128192.0
102	128192.0
103	128192.0
104	128192.0
105	528588.0
106	528588.0
107	528588.0
108	528588.0
109	528588.0
110	195844.0
111	195844.0
112	195844.0
113	195844.0
114	195844.0
115	831944.0
116	831944.0
117	831944.0
118	831944.0
119	831944.0
120	583778.0
121	583778.0
122	583778.0
123	583778.0
124	583778.0
125	630718.0
126	630718.0
127	630718.0
128	630718.0
129	630718.0
130	841118.0
131	841118.0
132	841118.0
133	841118.0
134	841118.0
135	244884.0
136	244884.0
137	244884.0
138	244884.0
139	244884.0
140	396668.0
141	396668.0
142	396668.0
143	396668.0
144	396668.0
145	476991.0
146	476991.0
147	476991.0
148	476991.0
149	476991.0
150	720162.0
151	720162.0
152	720162.0
153	720162.0
154	720162.0
155	158570.0
156	158570.0
157	158570.0
158	158570.0
159	158570.0
160	494321.0
161	494321.0
162	494321.0
163	494321.0
164	494321.0
165	695302.0
166	695302.0
167	695302.0
168	695302.0
169	695302.0
170	216725.0
171	216725.0
172	216725.0
173	216725.0
174	216725.0
175	221592.0
176	221592.0
177	221592.0
178	221592.0
179	221592.0
180	452585.0
181	452585.0
182	452585.0
183	452585.0
184	452585.0
185	421085.0
186	421085.0
187	421085.0
188	421085.0
189	421085.0
190	795806.0
191	795806.0
192	795806.0
193	795806.0
194	795806.0
195	801729.0
196	801729.0
197	801729.0
198	801729.0
199	801729.0
200	641598.0
201	641598.0
202	641598.0
203	641598.0
204	641598.0
205	549350.0
206	549350.0
207	549350.0
208	549350.0
209	549350.0
210	847033.0
211	847033.0
212	847033.0
213	847033.0
214	847033.0
215	718753.0
216	718753.0
217	718753.0
218	718753.0
219	718753.0
220	673880.0
221	673880.0
222	673880.0
223	673880.0
224	673880.0
225	599215.0
226	599215.0
227	599215.0
228	599215.0
229	599215.0
230	232225.0
231	232225.0
232	232225.0
233	232225.0
234	232225.0
235	440592.0
236	440592.0
237	440592.0
238	440592.0
239	440592.0
240	292591.0
241	292591.0
242	292591.0
243	292591.0
244	292591.0
245	372205.0
246	372205.0
247	372205.0
248	372205.0
249	372205.0
