0	210130.0
1	210130.0
2	210130.0
3	210130.0
4	210130.0
5	639376.0
6	639376.0
7	639376.0
8	639376.0
9	639376.0
10	326003.0
11	326003.0
12	326003.0
13	326003.0
14	326003.0
15	444405.0
16	444405.0
17	444405.0
18	444405.0
19	444405.0
20	183148.0
21	183148.0
22	183148.0
23	183148.0
24	183148.0
25	293362.0
26	293362.0
27	293362.0
28	293362.0
29	293362.0
30	469896.0
31	469896.0
32	469896.0
33	469896.0
34	469896.0
35	371283.0
36	371283.0
37	371283.0
38	371283.0
39	371283.0
40	461369.0
41	461369.0
42	461369.0
43	461369.0
44	461369.0
45	674211.0
46	674211.0
47	674211.0
48	674211.0
49	674211.0
50	29402.0
51	29402.0
52	29402.0
53	29402.0
54	29402.0
55	785962.0
56	785962.0
57	785962.0
58	785962.0
59	785962.0
60	233121.0
61	233121.0
62	233121.0
63	233121.0
64	233121.0
65	729751.0
66	729751.0
67	729751.0
68	729751.0
69	729751.0
70	806491.0
71	806491.0
72	806491.0
73	806491.0
74	806491.0
75	271894.0
76	271894.0
77	271894.0
78	271894.0
79	271894.0
80	16692.0
81	16692.0
82	16692.0
83	16692.0
84	16692.0
85	601284.0
86	601284.0
87	601284.0
88	601284.0
89	601284.0
90	29391.0
91	29391.0
92	29391.0
93	29391.0
94	29391.0
95	491891.0
96	491891.0
97	491891.0
98	491891.0
99	491891.0
100	14883.0
101	14883.0
102	14883.0
103	14883.0
104	14883.0
105	272343.0
106	272343.0
107	272343.0
108	272343.0
109	272343.0
110	151911.0
111	151911.0
112	151911.0
113	151911.0
114	151911.0
115	216462.0
116	216462.0
117	216462.0
118	216462.0
119	216462.0
120	701705.0
121	701705.0
122	701705.0
123	701705.0
124	701705.0
125	234796.0
126	234796.0
127	234796.0
128	234796.0
129	234796.0
130	417646.0
131	417646.0
132	417646.0
133	417646.0
134	417646.0
135	42831.0
136	42831.0
137	42831.0
138	42831.0
139	42831.0
140	383493.0
141	383493.0
142	383493.0
143	383493.0
144	383493.0
145	831651.0
146	831651.0
147	831651.0
148	831651.0
149	831651.0
150	721983.0
151	721983.0
152	721983.0
153	721983.0
154	721983.0
155	287443.0
156	287443.0
157	287443.0
158	287443.0
159	287443.0
160	160432.0
161	160432.0
162	160432.0
163	160432.0
164	160432.0
165	740482.0
166	740482.0
167	740482.0
168	740482.0
169	740482.0
170	76094.0
171	76094.0
172	76094.0
173	76094.0
174	76094.0
175	719691.0
176	719691.0
177	719691.0
178	719691.0
179	719691.0
180	514110.0
181	514110.0
182	514110.0
183	514110.0
184	514110.0
185	746364.0
186	746364.0
187	746364.0
188	746364.0
189	746364.0
190	204183.0
191	204183.0
192	204183.0
193	204183.0
194	204183.0
195	14066.0
196	14066.0
197	14066.0
198	14066.0
199	14066.0
200	750200.0
201	750200.0
202	750200.0
203	750200.0
204	750200.0
205	736349.0
206	736349.0
207	736349.0
208	736349.0
209	736349.0
210	603547.0
211	603547.0
212	603547.0
213	603547.0
214	603547.0
215	273709.0
216	273709.0
217	273709.0
218	273709.0
219	273709.0
220	70504.0
221	70504.0
222	70504.0
223	70504.0
224	70504.0
225	274228.0
226	274228.0
227	274228.0
228	274228.0
229	274228.0
230	758253.0
231	758253.0
232	758253.0
233	758253.0
234	758253.0
235	584978.0
236	584978.0
237	584978.0
238	584978.0
239	584978.0
240	495317.0
241	495317.0
242	495317.0
243	495317.0
244	495317.0
245	291767.0
246	291767.0
247	291767.0
248	291767.0
249	291767.0
