0	687587.0
1	687587.0
2	687587.0
3	687587.0
4	687587.0
5	582267.0
6	582267.0
7	582267.0
8	582267.0
9	582267.0
10	31057.0
11	31057.0
12	31057.0
13	31057.0
14	31057.0
15	735692.0
16	735692.0
17	735692.0
18	735692.0
19	735692.0
20	678778.0
21	678778.0
22	678778.0
23	678778.0
24	678778.0
25	481159.0
26	481159.0
27	481159.0
28	481159.0
29	481159.0
30	782281.0
31	782281.0
32	782281.0
33	782281.0
34	782281.0
35	700913.0
36	700913.0
37	700913.0
38	700913.0
39	700913.0
40	584483.0
41	584483.0
42	584483.0
43	584483.0
44	584483.0
45	488132.0
46	488132.0
47	488132.0
48	488132.0
49	488132.0
50	105254.0
51	105254.0
52	105254.0
53	105254.0
54	105254.0
55	132096.0
56	132096.0
57	132096.0
58	132096.0
59	132096.0
60	664176.0
61	664176.0
62	664176.0
63	664176.0
64	664176.0
65	503310.0
66	503310.0
67	503310.0
68	503310.0
69	503310.0
70	794653.0
71	794653.0
72	794653.0
73	794653.0
74	794653.0
75	75219.0
76	75219.0
77	75219.0
78	75219.0
79	75219.0
80	759821.0
81	759821.0
82	759821.0
83	759821.0
84	759821.0
85	372066.0
86	372066.0
87	372066.0
88	372066.0
89	372066.0
90	381927.0
91	381927.0
92	381927.0
93	381927.0
94	381927.0
95	825874.0
96	825874.0
97	825874.0
98	825874.0
99	825874.0
100	742260.0
101	742260.0
102	742260.0
103	742260.0
104	742260.0
105	131586.0
106	131586.0
107	131586.0
108	131586.0
109	131586.0
110	468796.0
111	468796.0
112	468796.0
113	468796.0
114	468796.0
115	704734.0
116	704734.0
117	704734.0
118	704734.0
119	704734.0
120	192511.0
121	192511.0
122	192511.0
123	192511.0
124	192511.0
125	633771.0
126	633771.0
127	633771.0
128	633771.0
129	633771.0
130	230714.0
131	230714.0
132	230714.0
133	230714.0
134	230714.0
135	233829.0
136	233829.0
137	233829.0
138	233829.0
139	233829.0
140	139804.0
141	139804.0
142	139804.0
143	139804.0
144	139804.0
145	635950.0
146	635950.0
147	635950.0
148	635950.0
149	635950.0
150	758884.0
151	758884.0
152	758884.0
153	758884.0
154	758884.0
155	732013.0
156	732013.0
157	732013.0
158	732013.0
159	732013.0
160	2716.0
161	2716.0
162	2716.0
163	2716.0
164	2716.0
165	752370.0
166	752370.0
167	752370.0
168	752370.0
169	752370.0
170	420494.0
171	420494.0
172	420494.0
173	420494.0
174	420494.0
175	105575.0
176	105575.0
177	105575.0
178	105575.0
179	105575.0
180	447503.0
181	447503.0
182	447503.0
183	447503.0
184	447503.0
185	777976.0
186	777976.0
187	777976.0
188	777976.0
189	777976.0
190	284986.0
191	284986.0
192	284986.0
193	284986.0
194	284986.0
195	170885.0
196	170885.0
197	170885.0
198	170885.0
199	170885.0
200	770599.0
201	770599.0
202	770599.0
203	770599.0
204	770599.0
205	124511.0
206	124511.0
207	124511.0
208	124511.0
209	124511.0
210	79505.0
211	79505.0
212	79505.0
213	79505.0
214	79505.0
215	305368.0
216	305368.0
217	305368.0
218	305368.0
219	305368.0
220	743039.0
221	743039.0
222	743039.0
223	743039.0
224	743039.0
225	574115.0
226	574115.0
227	574115.0
228	574115.0
229	574115.0
230	405593.0
231	405593.0
232	405593.0
233	405593.0
234	405593.0
235	664400.0
236	664400.0
237	664400.0
238	664400.0
239	664400.0
240	711595.0
241	711595.0
242	711595.0
243	711595.0
244	711595.0
245	434054.0
246	434054.0
247	434054.0
248	434054.0
249	434054.0
