0	87013.0
1	87013.0
2	87013.0
3	87013.0
4	87013.0
5	756480.0
6	756480.0
7	756480.0
8	756480.0
9	756480.0
10	470243.0
11	470243.0
12	470243.0
13	470243.0
14	470243.0
15	31272.0
16	31272.0
17	31272.0
18	31272.0
19	31272.0
20	372529.0
21	372529.0
22	372529.0
23	372529.0
24	372529.0
25	747377.0
26	747377.0
27	747377.0
28	747377.0
29	747377.0
30	346122.0
31	346122.0
32	346122.0
33	346122.0
34	346122.0
35	198434.0
36	198434.0
37	198434.0
38	198434.0
39	198434.0
40	639193.0
41	639193.0
42	639193.0
43	639193.0
44	639193.0
45	333062.0
46	333062.0
47	333062.0
48	333062.0
49	333062.0
50	448919.0
51	448919.0
52	448919.0
53	448919.0
54	448919.0
55	723218.0
56	723218.0
57	723218.0
58	723218.0
59	723218.0
60	713589.0
61	713589.0
62	713589.0
63	713589.0
64	713589.0
65	159712.0
66	159712.0
67	159712.0
68	159712.0
69	159712.0
70	313478.0
71	313478.0
72	313478.0
73	313478.0
74	313478.0
75	228332.0
76	228332.0
77	228332.0
78	228332.0
79	228332.0
80	140968.0
81	140968.0
82	140968.0
83	140968.0
84	140968.0
85	287376.0
86	287376.0
87	287376.0
88	287376.0
89	287376.0
90	368806.0
91	368806.0
92	368806.0
93	368806.0
94	368806.0
95	485058.0
96	485058.0
97	485058.0
98	485058.0
99	485058.0
100	409509.0
101	409509.0
102	409509.0
103	409509.0
104	409509.0
105	527693.0
106	527693.0
107	527693.0
108	527693.0
109	527693.0
110	215967.0
111	215967.0
112	215967.0
113	215967.0
114	215967.0
115	27794.0
116	27794.0
117	27794.0
118	27794.0
119	27794.0
120	104808.0
121	104808.0
122	104808.0
123	104808.0
124	104808.0
125	428375.0
126	428375.0
127	428375.0
128	428375.0
129	428375.0
130	92069.0
131	92069.0
132	92069.0
133	92069.0
134	92069.0
135	491252.0
136	491252.0
137	491252.0
138	491252.0
139	491252.0
140	613149.0
141	613149.0
142	613149.0
143	613149.0
144	613149.0
145	628455.0
146	628455.0
147	628455.0
148	628455.0
149	628455.0
150	663764.0
151	663764.0
152	663764.0
153	663764.0
154	663764.0
155	181662.0
156	181662.0
157	181662.0
158	181662.0
159	181662.0
160	342466.0
161	342466.0
162	342466.0
163	342466.0
164	342466.0
165	160194.0
166	160194.0
167	160194.0
168	160194.0
169	160194.0
170	603434.0
171	603434.0
172	603434.0
173	603434.0
174	603434.0
175	550996.0
176	550996.0
177	550996.0
178	550996.0
179	550996.0
180	310070.0
181	310070.0
182	310070.0
183	310070.0
184	310070.0
185	493560.0
186	493560.0
187	493560.0
188	493560.0
189	493560.0
190	3520.0
191	3520.0
192	3520.0
193	3520.0
194	3520.0
195	585667.0
196	585667.0
197	585667.0
198	585667.0
199	585667.0
200	298637.0
201	298637.0
202	298637.0
203	298637.0
204	298637.0
205	634543.0
206	634543.0
207	634543.0
208	634543.0
209	634543.0
210	308015.0
211	308015.0
212	308015.0
213	308015.0
214	308015.0
215	661754.0
216	661754.0
217	661754.0
218	661754.0
219	661754.0
220	647586.0
221	647586.0
222	647586.0
223	647586.0
224	647586.0
225	177169.0
226	177169.0
227	177169.0
228	177169.0
229	177169.0
230	121843.0
231	121843.0
232	121843.0
233	121843.0
234	121843.0
235	306415.0
236	306415.0
237	306415.0
238	306415.0
239	306415.0
240	746853.0
241	746853.0
242	746853.0
243	746853.0
244	746853.0
245	589191.0
246	589191.0
247	589191.0
248	589191.0
249	589191.0
