0	763319.0
1	763319.0
2	763319.0
3	763319.0
4	763319.0
5	699345.0
6	699345.0
7	699345.0
8	699345.0
9	699345.0
10	563124.0
11	563124.0
12	563124.0
13	563124.0
14	563124.0
15	537646.0
16	537646.0
17	537646.0
18	537646.0
19	537646.0
20	185109.0
21	185109.0
22	185109.0
23	185109.0
24	185109.0
25	562784.0
26	562784.0
27	562784.0
28	562784.0
29	562784.0
30	469523.0
31	469523.0
32	469523.0
33	469523.0
34	469523.0
35	492889.0
36	492889.0
37	492889.0
38	492889.0
39	492889.0
40	275635.0
41	275635.0
42	275635.0
43	275635.0
44	275635.0
45	206241.0
46	206241.0
47	206241.0
48	206241.0
49	206241.0
50	706009.0
51	706009.0
52	706009.0
53	706009.0
54	706009.0
55	802013.0
56	802013.0
57	802013.0
58	802013.0
59	802013.0
60	498910.0
61	498910.0
62	498910.0
63	498910.0
64	498910.0
65	273160.0
66	273160.0
67	273160.0
68	273160.0
69	273160.0
70	237475.0
71	237475.0
72	237475.0
73	237475.0
74	237475.0
75	103573.0
76	103573.0
77	103573.0
78	103573.0
79	103573.0
80	439586.0
81	439586.0
82	439586.0
83	439586.0
84	439586.0
85	139083.0
86	139083.0
87	139083.0
88	139083.0
89	139083.0
90	244135.0
91	244135.0
92	244135.0
93	244135.0
94	244135.0
95	147937.0
96	147937.0
97	147937.0
98	147937.0
99	147937.0
100	621243.0
101	621243.0
102	621243.0
103	621243.0
104	621243.0
105	150895.0
106	150895.0
107	150895.0
108	150895.0
109	150895.0
110	699980.0
111	699980.0
112	699980.0
113	699980.0
114	699980.0
115	655446.0
116	655446.0
117	655446.0
118	655446.0
119	655446.0
120	547952.0
121	547952.0
122	547952.0
123	547952.0
124	547952.0
125	384087.0
126	384087.0
127	384087.0
128	384087.0
129	384087.0
130	764254.0
131	764254.0
132	764254.0
133	764254.0
134	764254.0
135	97086.0
136	97086.0
137	97086.0
138	97086.0
139	97086.0
140	691256.0
141	691256.0
142	691256.0
143	691256.0
144	691256.0
145	117808.0
146	117808.0
147	117808.0
148	117808.0
149	117808.0
150	298233.0
151	298233.0
152	298233.0
153	298233.0
154	298233.0
155	470253.0
156	470253.0
157	470253.0
158	470253.0
159	470253.0
160	644401.0
161	644401.0
162	644401.0
163	644401.0
164	644401.0
165	75379.0
166	75379.0
167	75379.0
168	75379.0
169	75379.0
170	747691.0
171	747691.0
172	747691.0
173	747691.0
174	747691.0
175	728533.0
176	728533.0
177	728533.0
178	728533.0
179	728533.0
180	390343.0
181	390343.0
182	390343.0
183	390343.0
184	390343.0
185	508682.0
186	508682.0
187	508682.0
188	508682.0
189	508682.0
190	744763.0
191	744763.0
192	744763.0
193	744763.0
194	744763.0
195	358398.0
196	358398.0
197	358398.0
198	358398.0
199	358398.0
200	357730.0
201	357730.0
202	357730.0
203	357730.0
204	357730.0
205	53895.0
206	53895.0
207	53895.0
208	53895.0
209	53895.0
210	278108.0
211	278108.0
212	278108.0
213	278108.0
214	278108.0
215	43967.0
216	43967.0
217	43967.0
218	43967.0
219	43967.0
220	293432.0
221	293432.0
222	293432.0
223	293432.0
224	293432.0
225	633593.0
226	633593.0
227	633593.0
228	633593.0
229	633593.0
230	639486.0
231	639486.0
232	639486.0
233	639486.0
234	639486.0
235	59860.0
236	59860.0
237	59860.0
238	59860.0
239	59860.0
240	358516.0
241	358516.0
242	358516.0
243	358516.0
244	358516.0
245	518013.0
246	518013.0
247	518013.0
248	518013.0
249	518013.0
