0	478212.0
1	478212.0
2	478212.0
3	478212.0
4	478212.0
5	123636.0
6	123636.0
7	123636.0
8	123636.0
9	123636.0
10	169659.0
11	169659.0
12	169659.0
13	169659.0
14	169659.0
15	684012.0
16	684012.0
17	684012.0
18	684012.0
19	684012.0
20	466169.0
21	466169.0
22	466169.0
23	466169.0
24	466169.0
25	729553.0
26	729553.0
27	729553.0
28	729553.0
29	729553.0
30	399809.0
31	399809.0
32	399809.0
33	399809.0
34	399809.0
35	812971.0
36	812971.0
37	812971.0
38	812971.0
39	812971.0
40	325023.0
41	325023.0
42	325023.0
43	325023.0
44	325023.0
45	325420.0
46	325420.0
47	325420.0
48	325420.0
49	325420.0
50	753312.0
51	753312.0
52	753312.0
53	753312.0
54	753312.0
55	664248.0
56	664248.0
57	664248.0
58	664248.0
59	664248.0
60	232460.0
61	232460.0
62	232460.0
63	232460.0
64	232460.0
65	561042.0
66	561042.0
67	561042.0
68	561042.0
69	561042.0
70	609457.0
71	609457.0
72	609457.0
73	609457.0
74	609457.0
75	511104.0
76	511104.0
77	511104.0
78	511104.0
79	511104.0
80	440988.0
81	440988.0
82	440988.0
83	440988.0
84	440988.0
85	337679.0
86	337679.0
87	337679.0
88	337679.0
89	337679.0
90	739656.0
91	739656.0
92	739656.0
93	739656.0
94	739656.0
95	277902.0
96	277902.0
97	277902.0
98	277902.0
99	277902.0
100	75336.0
101	75336.0
102	75336.0
103	75336.0
104	75336.0
105	171386.0
106	171386.0
107	171386.0
108	171386.0
109	171386.0
110	289319.0
111	289319.0
112	289319.0
113	289319.0
114	289319.0
115	66518.0
116	66518.0
117	66518.0
118	66518.0
119	66518.0
120	123377.0
121	123377.0
122	123377.0
123	123377.0
124	123377.0
125	544031.0
126	544031.0
127	544031.0
128	544031.0
129	544031.0
130	330633.0
131	330633.0
132	330633.0
133	330633.0
134	330633.0
135	681563.0
136	681563.0
137	681563.0
138	681563.0
139	681563.0
140	296795.0
141	296795.0
142	296795.0
143	296795.0
144	296795.0
145	794251.0
146	794251.0
147	794251.0
148	794251.0
149	794251.0
150	804136.0
151	804136.0
152	804136.0
153	804136.0
154	804136.0
155	610807.0
156	610807.0
157	610807.0
158	610807.0
159	610807.0
160	655735.0
161	655735.0
162	655735.0
163	655735.0
164	655735.0
165	728744.0
166	728744.0
167	728744.0
168	728744.0
169	728744.0
170	394208.0
171	394208.0
172	394208.0
173	394208.0
174	394208.0
175	85066.0
176	85066.0
177	85066.0
178	85066.0
179	85066.0
180	565547.0
181	565547.0
182	565547.0
183	565547.0
184	565547.0
185	251188.0
186	251188.0
187	251188.0
188	251188.0
189	251188.0
190	516770.0
191	516770.0
192	516770.0
193	516770.0
194	516770.0
195	699396.0
196	699396.0
197	699396.0
198	699396.0
199	699396.0
200	38447.0
201	38447.0
202	38447.0
203	38447.0
204	38447.0
205	93750.0
206	93750.0
207	93750.0
208	93750.0
209	93750.0
210	556663.0
211	556663.0
212	556663.0
213	556663.0
214	556663.0
215	664762.0
216	664762.0
217	664762.0
218	664762.0
219	664762.0
220	330957.0
221	330957.0
222	330957.0
223	330957.0
224	330957.0
225	139014.0
226	139014.0
227	139014.0
228	139014.0
229	139014.0
230	435058.0
231	435058.0
232	435058.0
233	435058.0
234	435058.0
235	762932.0
236	762932.0
237	762932.0
238	762932.0
239	762932.0
240	228573.0
241	228573.0
242	228573.0
243	228573.0
244	228573.0
245	18154.0
246	18154.0
247	18154.0
248	18154.0
249	18154.0
