0	27807.0
1	27807.0
2	27807.0
3	27807.0
4	27807.0
5	221036.0
6	221036.0
7	221036.0
8	221036.0
9	221036.0
10	38013.0
11	38013.0
12	38013.0
13	38013.0
14	38013.0
15	239418.0
16	239418.0
17	239418.0
18	239418.0
19	239418.0
20	88683.0
21	88683.0
22	88683.0
23	88683.0
24	88683.0
25	117208.0
26	117208.0
27	117208.0
28	117208.0
29	117208.0
30	187412.0
31	187412.0
32	187412.0
33	187412.0
34	187412.0
35	27767.0
36	27767.0
37	27767.0
38	27767.0
39	27767.0
40	238762.0
41	238762.0
42	238762.0
43	238762.0
44	238762.0
45	95515.0
46	95515.0
47	95515.0
48	95515.0
49	95515.0
50	9007.0
51	9007.0
52	9007.0
53	9007.0
54	9007.0
55	243798.0
56	243798.0
57	243798.0
58	243798.0
59	243798.0
60	247227.0
61	247227.0
62	247227.0
63	247227.0
64	247227.0
65	298369.0
66	298369.0
67	298369.0
68	298369.0
69	298369.0
70	199676.0
71	199676.0
72	199676.0
73	199676.0
74	199676.0
75	142603.0
76	142603.0
77	142603.0
78	142603.0
79	142603.0
80	260669.0
81	260669.0
82	260669.0
83	260669.0
84	260669.0
85	265249.0
86	265249.0
87	265249.0
88	265249.0
89	265249.0
90	198676.0
91	198676.0
92	198676.0
93	198676.0
94	198676.0
95	210628.0
96	210628.0
97	210628.0
98	210628.0
99	210628.0
100	4952.0
101	4952.0
102	4952.0
103	4952.0
104	4952.0
105	219902.0
106	219902.0
107	219902.0
108	219902.0
109	219902.0
110	278240.0
111	278240.0
112	278240.0
113	278240.0
114	278240.0
115	294561.0
116	294561.0
117	294561.0
118	294561.0
119	294561.0
120	237635.0
121	237635.0
122	237635.0
123	237635.0
124	237635.0
125	268102.0
126	268102.0
127	268102.0
128	268102.0
129	268102.0
130	249753.0
131	249753.0
132	249753.0
133	249753.0
134	249753.0
135	72304.0
136	72304.0
137	72304.0
138	72304.0
139	72304.0
140	97114.0
141	97114.0
142	97114.0
143	97114.0
144	97114.0
145	435.0
146	435.0
147	435.0
148	435.0
149	435.0
150	122500.0
151	122500.0
152	122500.0
153	122500.0
154	122500.0
155	68261.0
156	68261.0
157	68261.0
158	68261.0
159	68261.0
160	175259.0
161	175259.0
162	175259.0
163	175259.0
164	175259.0
165	26490.0
166	26490.0
167	26490.0
168	26490.0
169	26490.0
170	283123.0
171	283123.0
172	283123.0
173	283123.0
174	283123.0
175	162287.0
176	162287.0
177	162287.0
178	162287.0
179	162287.0
180	51555.0
181	51555.0
182	51555.0
183	51555.0
184	51555.0
185	73093.0
186	73093.0
187	73093.0
188	73093.0
189	73093.0
190	196494.0
191	196494.0
192	196494.0
193	196494.0
194	196494.0
195	32924.0
196	32924.0
197	32924.0
198	32924.0
199	32924.0
200	33779.0
201	33779.0
202	33779.0
203	33779.0
204	33779.0
205	115532.0
206	115532.0
207	115532.0
208	115532.0
209	115532.0
210	299677.0
211	299677.0
212	299677.0
213	299677.0
214	299677.0
215	288378.0
216	288378.0
217	288378.0
218	288378.0
219	288378.0
220	155029.0
221	155029.0
222	155029.0
223	155029.0
224	155029.0
225	219736.0
226	219736.0
227	219736.0
228	219736.0
229	219736.0
230	231287.0
231	231287.0
232	231287.0
233	231287.0
234	231287.0
235	180897.0
236	180897.0
237	180897.0
238	180897.0
239	180897.0
240	106925.0
241	106925.0
242	106925.0
243	106925.0
244	106925.0
245	149433.0
246	149433.0
247	149433.0
248	149433.0
249	149433.0
