0	88265.0
1	88265.0
2	88265.0
3	88265.0
4	88265.0
5	246243.0
6	246243.0
7	246243.0
8	246243.0
9	246243.0
10	269410.0
11	269410.0
12	269410.0
13	269410.0
14	269410.0
15	231152.0
16	231152.0
17	231152.0
18	231152.0
19	231152.0
20	247125.0
21	247125.0
22	247125.0
23	247125.0
24	247125.0
25	289019.0
26	289019.0
27	289019.0
28	289019.0
29	289019.0
30	26463.0
31	26463.0
32	26463.0
33	26463.0
34	26463.0
35	81255.0
36	81255.0
37	81255.0
38	81255.0
39	81255.0
40	60005.0
41	60005.0
42	60005.0
43	60005.0
44	60005.0
45	296552.0
46	296552.0
47	296552.0
48	296552.0
49	296552.0
50	1681.0
51	1681.0
52	1681.0
53	1681.0
54	1681.0
55	66012.0
56	66012.0
57	66012.0
58	66012.0
59	66012.0
60	285218.0
61	285218.0
62	285218.0
63	285218.0
64	285218.0
65	237450.0
66	237450.0
67	237450.0
68	237450.0
69	237450.0
70	212633.0
71	212633.0
72	212633.0
73	212633.0
74	212633.0
75	167720.0
76	167720.0
77	167720.0
78	167720.0
79	167720.0
80	199749.0
81	199749.0
82	199749.0
83	199749.0
84	199749.0
85	180929.0
86	180929.0
87	180929.0
88	180929.0
89	180929.0
90	300652.0
91	300652.0
92	300652.0
93	300652.0
94	300652.0
95	72948.0
96	72948.0
97	72948.0
98	72948.0
99	72948.0
100	275602.0
101	275602.0
102	275602.0
103	275602.0
104	275602.0
105	229888.0
106	229888.0
107	229888.0
108	229888.0
109	229888.0
110	283341.0
111	283341.0
112	283341.0
113	283341.0
114	283341.0
115	298424.0
116	298424.0
117	298424.0
118	298424.0
119	298424.0
120	283218.0
121	283218.0
122	283218.0
123	283218.0
124	283218.0
125	191037.0
126	191037.0
127	191037.0
128	191037.0
129	191037.0
130	47938.0
131	47938.0
132	47938.0
133	47938.0
134	47938.0
135	178271.0
136	178271.0
137	178271.0
138	178271.0
139	178271.0
140	260096.0
141	260096.0
142	260096.0
143	260096.0
144	260096.0
145	202719.0
146	202719.0
147	202719.0
148	202719.0
149	202719.0
150	47498.0
151	47498.0
152	47498.0
153	47498.0
154	47498.0
155	55812.0
156	55812.0
157	55812.0
158	55812.0
159	55812.0
160	143000.0
161	143000.0
162	143000.0
163	143000.0
164	143000.0
165	178957.0
166	178957.0
167	178957.0
168	178957.0
169	178957.0
170	299949.0
171	299949.0
172	299949.0
173	299949.0
174	299949.0
175	290751.0
176	290751.0
177	290751.0
178	290751.0
179	290751.0
180	223642.0
181	223642.0
182	223642.0
183	223642.0
184	223642.0
185	242018.0
186	242018.0
187	242018.0
188	242018.0
189	242018.0
190	126880.0
191	126880.0
192	126880.0
193	126880.0
194	126880.0
195	113252.0
196	113252.0
197	113252.0
198	113252.0
199	113252.0
200	109693.0
201	109693.0
202	109693.0
203	109693.0
204	109693.0
205	40835.0
206	40835.0
207	40835.0
208	40835.0
209	40835.0
210	57326.0
211	57326.0
212	57326.0
213	57326.0
214	57326.0
215	214947.0
216	214947.0
217	214947.0
218	214947.0
219	214947.0
220	262408.0
221	262408.0
222	262408.0
223	262408.0
224	262408.0
225	221509.0
226	221509.0
227	221509.0
228	221509.0
229	221509.0
230	39300.0
231	39300.0
232	39300.0
233	39300.0
234	39300.0
235	129649.0
236	129649.0
237	129649.0
238	129649.0
239	129649.0
240	16602.0
241	16602.0
242	16602.0
243	16602.0
244	16602.0
245	31791.0
246	31791.0
247	31791.0
248	31791.0
249	31791.0
