0	141253.0
1	141253.0
2	141253.0
3	141253.0
4	141253.0
5	200999.0
6	200999.0
7	200999.0
8	200999.0
9	200999.0
10	283491.0
11	283491.0
12	283491.0
13	283491.0
14	283491.0
15	150487.0
16	150487.0
17	150487.0
18	150487.0
19	150487.0
20	203994.0
21	203994.0
22	203994.0
23	203994.0
24	203994.0
25	116977.0
26	116977.0
27	116977.0
28	116977.0
29	116977.0
30	247004.0
31	247004.0
32	247004.0
33	247004.0
34	247004.0
35	25598.0
36	25598.0
37	25598.0
38	25598.0
39	25598.0
40	222708.0
41	222708.0
42	222708.0
43	222708.0
44	222708.0
45	301402.0
46	301402.0
47	301402.0
48	301402.0
49	301402.0
50	148982.0
51	148982.0
52	148982.0
53	148982.0
54	148982.0
55	317.0
56	317.0
57	317.0
58	317.0
59	317.0
60	156164.0
61	156164.0
62	156164.0
63	156164.0
64	156164.0
65	110363.0
66	110363.0
67	110363.0
68	110363.0
69	110363.0
70	26585.0
71	26585.0
72	26585.0
73	26585.0
74	26585.0
75	45661.0
76	45661.0
77	45661.0
78	45661.0
79	45661.0
80	3004.0
81	3004.0
82	3004.0
83	3004.0
84	3004.0
85	291974.0
86	291974.0
87	291974.0
88	291974.0
89	291974.0
90	149921.0
91	149921.0
92	149921.0
93	149921.0
94	149921.0
95	106135.0
96	106135.0
97	106135.0
98	106135.0
99	106135.0
100	147170.0
101	147170.0
102	147170.0
103	147170.0
104	147170.0
105	284477.0
106	284477.0
107	284477.0
108	284477.0
109	284477.0
110	235402.0
111	235402.0
112	235402.0
113	235402.0
114	235402.0
115	290200.0
116	290200.0
117	290200.0
118	290200.0
119	290200.0
120	168837.0
121	168837.0
122	168837.0
123	168837.0
124	168837.0
125	203244.0
126	203244.0
127	203244.0
128	203244.0
129	203244.0
130	52218.0
131	52218.0
132	52218.0
133	52218.0
134	52218.0
135	2440.0
136	2440.0
137	2440.0
138	2440.0
139	2440.0
140	153239.0
141	153239.0
142	153239.0
143	153239.0
144	153239.0
145	240862.0
146	240862.0
147	240862.0
148	240862.0
149	240862.0
150	31083.0
151	31083.0
152	31083.0
153	31083.0
154	31083.0
155	196958.0
156	196958.0
157	196958.0
158	196958.0
159	196958.0
160	254559.0
161	254559.0
162	254559.0
163	254559.0
164	254559.0
165	38990.0
166	38990.0
167	38990.0
168	38990.0
169	38990.0
170	153283.0
171	153283.0
172	153283.0
173	153283.0
174	153283.0
175	263372.0
176	263372.0
177	263372.0
178	263372.0
179	263372.0
180	166697.0
181	166697.0
182	166697.0
183	166697.0
184	166697.0
185	160238.0
186	160238.0
187	160238.0
188	160238.0
189	160238.0
190	18173.0
191	18173.0
192	18173.0
193	18173.0
194	18173.0
195	84580.0
196	84580.0
197	84580.0
198	84580.0
199	84580.0
200	87165.0
201	87165.0
202	87165.0
203	87165.0
204	87165.0
205	235006.0
206	235006.0
207	235006.0
208	235006.0
209	235006.0
210	58803.0
211	58803.0
212	58803.0
213	58803.0
214	58803.0
215	228101.0
216	228101.0
217	228101.0
218	228101.0
219	228101.0
220	272013.0
221	272013.0
222	272013.0
223	272013.0
224	272013.0
225	120845.0
226	120845.0
227	120845.0
228	120845.0
229	120845.0
230	243464.0
231	243464.0
232	243464.0
233	243464.0
234	243464.0
235	239533.0
236	239533.0
237	239533.0
238	239533.0
239	239533.0
240	94102.0
241	94102.0
242	94102.0
243	94102.0
244	94102.0
245	276325.0
246	276325.0
247	276325.0
248	276325.0
249	276325.0
