0	186398.0
1	186398.0
2	186398.0
3	186398.0
4	186398.0
5	86076.0
6	86076.0
7	86076.0
8	86076.0
9	86076.0
10	190448.0
11	190448.0
12	190448.0
13	190448.0
14	190448.0
15	46586.0
16	46586.0
17	46586.0
18	46586.0
19	46586.0
20	145968.0
21	145968.0
22	145968.0
23	145968.0
24	145968.0
25	107641.0
26	107641.0
27	107641.0
28	107641.0
29	107641.0
30	180540.0
31	180540.0
32	180540.0
33	180540.0
34	180540.0
35	111759.0
36	111759.0
37	111759.0
38	111759.0
39	111759.0
40	13669.0
41	13669.0
42	13669.0
43	13669.0
44	13669.0
45	160747.0
46	160747.0
47	160747.0
48	160747.0
49	160747.0
50	148180.0
51	148180.0
52	148180.0
53	148180.0
54	148180.0
55	78404.0
56	78404.0
57	78404.0
58	78404.0
59	78404.0
60	485.0
61	485.0
62	485.0
63	485.0
64	485.0
65	59170.0
66	59170.0
67	59170.0
68	59170.0
69	59170.0
70	157541.0
71	157541.0
72	157541.0
73	157541.0
74	157541.0
75	184894.0
76	184894.0
77	184894.0
78	184894.0
79	184894.0
80	23211.0
81	23211.0
82	23211.0
83	23211.0
84	23211.0
85	264454.0
86	264454.0
87	264454.0
88	264454.0
89	264454.0
90	114747.0
91	114747.0
92	114747.0
93	114747.0
94	114747.0
95	128033.0
96	128033.0
97	128033.0
98	128033.0
99	128033.0
100	161605.0
101	161605.0
102	161605.0
103	161605.0
104	161605.0
105	200751.0
106	200751.0
107	200751.0
108	200751.0
109	200751.0
110	256453.0
111	256453.0
112	256453.0
113	256453.0
114	256453.0
115	231098.0
116	231098.0
117	231098.0
118	231098.0
119	231098.0
120	33811.0
121	33811.0
122	33811.0
123	33811.0
124	33811.0
125	261266.0
126	261266.0
127	261266.0
128	261266.0
129	261266.0
130	17948.0
131	17948.0
132	17948.0
133	17948.0
134	17948.0
135	14225.0
136	14225.0
137	14225.0
138	14225.0
139	14225.0
140	149839.0
141	149839.0
142	149839.0
143	149839.0
144	149839.0
145	214815.0
146	214815.0
147	214815.0
148	214815.0
149	214815.0
150	98063.0
151	98063.0
152	98063.0
153	98063.0
154	98063.0
155	43993.0
156	43993.0
157	43993.0
158	43993.0
159	43993.0
160	143326.0
161	143326.0
162	143326.0
163	143326.0
164	143326.0
165	204960.0
166	204960.0
167	204960.0
168	204960.0
169	204960.0
170	279452.0
171	279452.0
172	279452.0
173	279452.0
174	279452.0
175	90582.0
176	90582.0
177	90582.0
178	90582.0
179	90582.0
180	56620.0
181	56620.0
182	56620.0
183	56620.0
184	56620.0
185	268547.0
186	268547.0
187	268547.0
188	268547.0
189	268547.0
190	129098.0
191	129098.0
192	129098.0
193	129098.0
194	129098.0
195	251067.0
196	251067.0
197	251067.0
198	251067.0
199	251067.0
200	119554.0
201	119554.0
202	119554.0
203	119554.0
204	119554.0
205	278028.0
206	278028.0
207	278028.0
208	278028.0
209	278028.0
210	231660.0
211	231660.0
212	231660.0
213	231660.0
214	231660.0
215	136391.0
216	136391.0
217	136391.0
218	136391.0
219	136391.0
220	134749.0
221	134749.0
222	134749.0
223	134749.0
224	134749.0
225	233454.0
226	233454.0
227	233454.0
228	233454.0
229	233454.0
230	117008.0
231	117008.0
232	117008.0
233	117008.0
234	117008.0
235	103464.0
236	103464.0
237	103464.0
238	103464.0
239	103464.0
240	90456.0
241	90456.0
242	90456.0
243	90456.0
244	90456.0
245	275301.0
246	275301.0
247	275301.0
248	275301.0
249	275301.0
