0	189452.0
1	189452.0
2	189452.0
3	189452.0
4	189452.0
5	214281.0
6	214281.0
7	214281.0
8	214281.0
9	214281.0
10	163833.0
11	163833.0
12	163833.0
13	163833.0
14	163833.0
15	236225.0
16	236225.0
17	236225.0
18	236225.0
19	236225.0
20	249416.0
21	249416.0
22	249416.0
23	249416.0
24	249416.0
25	36508.0
26	36508.0
27	36508.0
28	36508.0
29	36508.0
30	248691.0
31	248691.0
32	248691.0
33	248691.0
34	248691.0
35	24177.0
36	24177.0
37	24177.0
38	24177.0
39	24177.0
40	263463.0
41	263463.0
42	263463.0
43	263463.0
44	263463.0
45	100925.0
46	100925.0
47	100925.0
48	100925.0
49	100925.0
50	231427.0
51	231427.0
52	231427.0
53	231427.0
54	231427.0
55	72006.0
56	72006.0
57	72006.0
58	72006.0
59	72006.0
60	275983.0
61	275983.0
62	275983.0
63	275983.0
64	275983.0
65	262542.0
66	262542.0
67	262542.0
68	262542.0
69	262542.0
70	57003.0
71	57003.0
72	57003.0
73	57003.0
74	57003.0
75	275219.0
76	275219.0
77	275219.0
78	275219.0
79	275219.0
80	13190.0
81	13190.0
82	13190.0
83	13190.0
84	13190.0
85	36165.0
86	36165.0
87	36165.0
88	36165.0
89	36165.0
90	29859.0
91	29859.0
92	29859.0
93	29859.0
94	29859.0
95	113977.0
96	113977.0
97	113977.0
98	113977.0
99	113977.0
100	291040.0
101	291040.0
102	291040.0
103	291040.0
104	291040.0
105	185962.0
106	185962.0
107	185962.0
108	185962.0
109	185962.0
110	138839.0
111	138839.0
112	138839.0
113	138839.0
114	138839.0
115	38521.0
116	38521.0
117	38521.0
118	38521.0
119	38521.0
120	169356.0
121	169356.0
122	169356.0
123	169356.0
124	169356.0
125	140083.0
126	140083.0
127	140083.0
128	140083.0
129	140083.0
130	104224.0
131	104224.0
132	104224.0
133	104224.0
134	104224.0
135	105391.0
136	105391.0
137	105391.0
138	105391.0
139	105391.0
140	34804.0
141	34804.0
142	34804.0
143	34804.0
144	34804.0
145	285673.0
146	285673.0
147	285673.0
148	285673.0
149	285673.0
150	156125.0
151	156125.0
152	156125.0
153	156125.0
154	156125.0
155	286216.0
156	286216.0
157	286216.0
158	286216.0
159	286216.0
160	90521.0
161	90521.0
162	90521.0
163	90521.0
164	90521.0
165	30355.0
166	30355.0
167	30355.0
168	30355.0
169	30355.0
170	125802.0
171	125802.0
172	125802.0
173	125802.0
174	125802.0
175	8672.0
176	8672.0
177	8672.0
178	8672.0
179	8672.0
180	92621.0
181	92621.0
182	92621.0
183	92621.0
184	92621.0
185	205547.0
186	205547.0
187	205547.0
188	205547.0
189	205547.0
190	147773.0
191	147773.0
192	147773.0
193	147773.0
194	147773.0
195	13191.0
196	13191.0
197	13191.0
198	13191.0
199	13191.0
200	144133.0
201	144133.0
202	144133.0
203	144133.0
204	144133.0
205	49504.0
206	49504.0
207	49504.0
208	49504.0
209	49504.0
210	123563.0
211	123563.0
212	123563.0
213	123563.0
214	123563.0
215	118391.0
216	118391.0
217	118391.0
218	118391.0
219	118391.0
220	143776.0
221	143776.0
222	143776.0
223	143776.0
224	143776.0
225	150617.0
226	150617.0
227	150617.0
228	150617.0
229	150617.0
230	293669.0
231	293669.0
232	293669.0
233	293669.0
234	293669.0
235	161928.0
236	161928.0
237	161928.0
238	161928.0
239	161928.0
240	293421.0
241	293421.0
242	293421.0
243	293421.0
244	293421.0
245	51958.0
246	51958.0
247	51958.0
248	51958.0
249	51958.0
