0	166519.0
1	166519.0
2	166519.0
3	166519.0
4	166519.0
5	53512.0
6	53512.0
7	53512.0
8	53512.0
9	53512.0
10	238922.0
11	238922.0
12	238922.0
13	238922.0
14	238922.0
15	255325.0
16	255325.0
17	255325.0
18	255325.0
19	255325.0
20	169126.0
21	169126.0
22	169126.0
23	169126.0
24	169126.0
25	154231.0
26	154231.0
27	154231.0
28	154231.0
29	154231.0
30	61843.0
31	61843.0
32	61843.0
33	61843.0
34	61843.0
35	126827.0
36	126827.0
37	126827.0
38	126827.0
39	126827.0
40	28441.0
41	28441.0
42	28441.0
43	28441.0
44	28441.0
45	261073.0
46	261073.0
47	261073.0
48	261073.0
49	261073.0
50	154208.0
51	154208.0
52	154208.0
53	154208.0
54	154208.0
55	87811.0
56	87811.0
57	87811.0
58	87811.0
59	87811.0
60	280771.0
61	280771.0
62	280771.0
63	280771.0
64	280771.0
65	93961.0
66	93961.0
67	93961.0
68	93961.0
69	93961.0
70	26827.0
71	26827.0
72	26827.0
73	26827.0
74	26827.0
75	184344.0
76	184344.0
77	184344.0
78	184344.0
79	184344.0
80	183325.0
81	183325.0
82	183325.0
83	183325.0
84	183325.0
85	181870.0
86	181870.0
87	181870.0
88	181870.0
89	181870.0
90	218786.0
91	218786.0
92	218786.0
93	218786.0
94	218786.0
95	144076.0
96	144076.0
97	144076.0
98	144076.0
99	144076.0
100	28029.0
101	28029.0
102	28029.0
103	28029.0
104	28029.0
105	142170.0
106	142170.0
107	142170.0
108	142170.0
109	142170.0
110	58786.0
111	58786.0
112	58786.0
113	58786.0
114	58786.0
115	56876.0
116	56876.0
117	56876.0
118	56876.0
119	56876.0
120	174075.0
121	174075.0
122	174075.0
123	174075.0
124	174075.0
125	270358.0
126	270358.0
127	270358.0
128	270358.0
129	270358.0
130	273239.0
131	273239.0
132	273239.0
133	273239.0
134	273239.0
135	225476.0
136	225476.0
137	225476.0
138	225476.0
139	225476.0
140	29868.0
141	29868.0
142	29868.0
143	29868.0
144	29868.0
145	78650.0
146	78650.0
147	78650.0
148	78650.0
149	78650.0
150	278525.0
151	278525.0
152	278525.0
153	278525.0
154	278525.0
155	76231.0
156	76231.0
157	76231.0
158	76231.0
159	76231.0
160	58069.0
161	58069.0
162	58069.0
163	58069.0
164	58069.0
165	8911.0
166	8911.0
167	8911.0
168	8911.0
169	8911.0
170	42838.0
171	42838.0
172	42838.0
173	42838.0
174	42838.0
175	82841.0
176	82841.0
177	82841.0
178	82841.0
179	82841.0
180	12073.0
181	12073.0
182	12073.0
183	12073.0
184	12073.0
185	298888.0
186	298888.0
187	298888.0
188	298888.0
189	298888.0
190	137394.0
191	137394.0
192	137394.0
193	137394.0
194	137394.0
195	218871.0
196	218871.0
197	218871.0
198	218871.0
199	218871.0
200	44773.0
201	44773.0
202	44773.0
203	44773.0
204	44773.0
205	118748.0
206	118748.0
207	118748.0
208	118748.0
209	118748.0
210	105646.0
211	105646.0
212	105646.0
213	105646.0
214	105646.0
215	298820.0
216	298820.0
217	298820.0
218	298820.0
219	298820.0
220	113879.0
221	113879.0
222	113879.0
223	113879.0
224	113879.0
225	3068.0
226	3068.0
227	3068.0
228	3068.0
229	3068.0
230	163920.0
231	163920.0
232	163920.0
233	163920.0
234	163920.0
235	292671.0
236	292671.0
237	292671.0
238	292671.0
239	292671.0
240	25899.0
241	25899.0
242	25899.0
243	25899.0
244	25899.0
245	297634.0
246	297634.0
247	297634.0
248	297634.0
249	297634.0
