0	147746.0
1	147746.0
2	147746.0
3	147746.0
4	147746.0
5	297208.0
6	297208.0
7	297208.0
8	297208.0
9	297208.0
10	168698.0
11	168698.0
12	168698.0
13	168698.0
14	168698.0
15	88786.0
16	88786.0
17	88786.0
18	88786.0
19	88786.0
20	141399.0
21	141399.0
22	141399.0
23	141399.0
24	141399.0
25	98671.0
26	98671.0
27	98671.0
28	98671.0
29	98671.0
30	7308.0
31	7308.0
32	7308.0
33	7308.0
34	7308.0
35	282517.0
36	282517.0
37	282517.0
38	282517.0
39	282517.0
40	187067.0
41	187067.0
42	187067.0
43	187067.0
44	187067.0
45	281074.0
46	281074.0
47	281074.0
48	281074.0
49	281074.0
50	157124.0
51	157124.0
52	157124.0
53	157124.0
54	157124.0
55	281047.0
56	281047.0
57	281047.0
58	281047.0
59	281047.0
60	40434.0
61	40434.0
62	40434.0
63	40434.0
64	40434.0
65	130341.0
66	130341.0
67	130341.0
68	130341.0
69	130341.0
70	113696.0
71	113696.0
72	113696.0
73	113696.0
74	113696.0
75	242719.0
76	242719.0
77	242719.0
78	242719.0
79	242719.0
80	275882.0
81	275882.0
82	275882.0
83	275882.0
84	275882.0
85	210513.0
86	210513.0
87	210513.0
88	210513.0
89	210513.0
90	160752.0
91	160752.0
92	160752.0
93	160752.0
94	160752.0
95	233457.0
96	233457.0
97	233457.0
98	233457.0
99	233457.0
100	203375.0
101	203375.0
102	203375.0
103	203375.0
104	203375.0
105	137913.0
106	137913.0
107	137913.0
108	137913.0
109	137913.0
110	294930.0
111	294930.0
112	294930.0
113	294930.0
114	294930.0
115	86832.0
116	86832.0
117	86832.0
118	86832.0
119	86832.0
120	213220.0
121	213220.0
122	213220.0
123	213220.0
124	213220.0
125	103795.0
126	103795.0
127	103795.0
128	103795.0
129	103795.0
130	46233.0
131	46233.0
132	46233.0
133	46233.0
134	46233.0
135	92286.0
136	92286.0
137	92286.0
138	92286.0
139	92286.0
140	97373.0
141	97373.0
142	97373.0
143	97373.0
144	97373.0
145	162572.0
146	162572.0
147	162572.0
148	162572.0
149	162572.0
150	94540.0
151	94540.0
152	94540.0
153	94540.0
154	94540.0
155	220561.0
156	220561.0
157	220561.0
158	220561.0
159	220561.0
160	229298.0
161	229298.0
162	229298.0
163	229298.0
164	229298.0
165	272983.0
166	272983.0
167	272983.0
168	272983.0
169	272983.0
170	70437.0
171	70437.0
172	70437.0
173	70437.0
174	70437.0
175	287163.0
176	287163.0
177	287163.0
178	287163.0
179	287163.0
180	157657.0
181	157657.0
182	157657.0
183	157657.0
184	157657.0
185	18372.0
186	18372.0
187	18372.0
188	18372.0
189	18372.0
190	275722.0
191	275722.0
192	275722.0
193	275722.0
194	275722.0
195	71488.0
196	71488.0
197	71488.0
198	71488.0
199	71488.0
200	248874.0
201	248874.0
202	248874.0
203	248874.0
204	248874.0
205	211289.0
206	211289.0
207	211289.0
208	211289.0
209	211289.0
210	167106.0
211	167106.0
212	167106.0
213	167106.0
214	167106.0
215	302460.0
216	302460.0
217	302460.0
218	302460.0
219	302460.0
220	36648.0
221	36648.0
222	36648.0
223	36648.0
224	36648.0
225	282896.0
226	282896.0
227	282896.0
228	282896.0
229	282896.0
230	126731.0
231	126731.0
232	126731.0
233	126731.0
234	126731.0
235	189618.0
236	189618.0
237	189618.0
238	189618.0
239	189618.0
240	266476.0
241	266476.0
242	266476.0
243	266476.0
244	266476.0
245	30648.0
246	30648.0
247	30648.0
248	30648.0
249	30648.0
