0	347552.0
1	347552.0
2	347552.0
3	347552.0
4	347552.0
5	22756.0
6	22756.0
7	22756.0
8	22756.0
9	22756.0
10	332162.0
11	332162.0
12	332162.0
13	332162.0
14	332162.0
15	85165.0
16	85165.0
17	85165.0
18	85165.0
19	85165.0
20	210169.0
21	210169.0
22	210169.0
23	210169.0
24	210169.0
25	283561.0
26	283561.0
27	283561.0
28	283561.0
29	283561.0
30	286212.0
31	286212.0
32	286212.0
33	286212.0
34	286212.0
35	54890.0
36	54890.0
37	54890.0
38	54890.0
39	54890.0
40	285552.0
41	285552.0
42	285552.0
43	285552.0
44	285552.0
45	110019.0
46	110019.0
47	110019.0
48	110019.0
49	110019.0
50	239455.0
51	239455.0
52	239455.0
53	239455.0
54	239455.0
55	158972.0
56	158972.0
57	158972.0
58	158972.0
59	158972.0
60	217956.0
61	217956.0
62	217956.0
63	217956.0
64	217956.0
65	239700.0
66	239700.0
67	239700.0
68	239700.0
69	239700.0
70	57010.0
71	57010.0
72	57010.0
73	57010.0
74	57010.0
75	290797.0
76	290797.0
77	290797.0
78	290797.0
79	290797.0
80	292269.0
81	292269.0
82	292269.0
83	292269.0
84	292269.0
85	161441.0
86	161441.0
87	161441.0
88	161441.0
89	161441.0
90	319357.0
91	319357.0
92	319357.0
93	319357.0
94	319357.0
95	81152.0
96	81152.0
97	81152.0
98	81152.0
99	81152.0
100	140208.0
101	140208.0
102	140208.0
103	140208.0
104	140208.0
105	112630.0
106	112630.0
107	112630.0
108	112630.0
109	112630.0
110	99142.0
111	99142.0
112	99142.0
113	99142.0
114	99142.0
115	101791.0
116	101791.0
117	101791.0
118	101791.0
119	101791.0
120	214366.0
121	214366.0
122	214366.0
123	214366.0
124	214366.0
125	41167.0
126	41167.0
127	41167.0
128	41167.0
129	41167.0
130	178233.0
131	178233.0
132	178233.0
133	178233.0
134	178233.0
135	342449.0
136	342449.0
137	342449.0
138	342449.0
139	342449.0
140	68357.0
141	68357.0
142	68357.0
143	68357.0
144	68357.0
145	37059.0
146	37059.0
147	37059.0
148	37059.0
149	37059.0
150	286522.0
151	286522.0
152	286522.0
153	286522.0
154	286522.0
155	150003.0
156	150003.0
157	150003.0
158	150003.0
159	150003.0
160	281271.0
161	281271.0
162	281271.0
163	281271.0
164	281271.0
165	165680.0
166	165680.0
167	165680.0
168	165680.0
169	165680.0
170	324093.0
171	324093.0
172	324093.0
173	324093.0
174	324093.0
175	13712.0
176	13712.0
177	13712.0
178	13712.0
179	13712.0
180	2930.0
181	2930.0
182	2930.0
183	2930.0
184	2930.0
185	101205.0
186	101205.0
187	101205.0
188	101205.0
189	101205.0
190	181534.0
191	181534.0
192	181534.0
193	181534.0
194	181534.0
195	30409.0
196	30409.0
197	30409.0
198	30409.0
199	30409.0
200	297551.0
201	297551.0
202	297551.0
203	297551.0
204	297551.0
205	233343.0
206	233343.0
207	233343.0
208	233343.0
209	233343.0
210	112246.0
211	112246.0
212	112246.0
213	112246.0
214	112246.0
215	83582.0
216	83582.0
217	83582.0
218	83582.0
219	83582.0
220	304999.0
221	304999.0
222	304999.0
223	304999.0
224	304999.0
225	37261.0
226	37261.0
227	37261.0
228	37261.0
229	37261.0
230	10393.0
231	10393.0
232	10393.0
233	10393.0
234	10393.0
235	291816.0
236	291816.0
237	291816.0
238	291816.0
239	291816.0
240	80997.0
241	80997.0
242	80997.0
243	80997.0
244	80997.0
245	88759.0
246	88759.0
247	88759.0
248	88759.0
249	88759.0
