0	74.0
1	74.0
2	74.0
3	74.0
4	74.0
5	321640.0
6	321640.0
7	321640.0
8	321640.0
9	321640.0
10	204430.0
11	204430.0
12	204430.0
13	204430.0
14	204430.0
15	38365.0
16	38365.0
17	38365.0
18	38365.0
19	38365.0
20	20412.0
21	20412.0
22	20412.0
23	20412.0
24	20412.0
25	189085.0
26	189085.0
27	189085.0
28	189085.0
29	189085.0
30	296726.0
31	296726.0
32	296726.0
33	296726.0
34	296726.0
35	260844.0
36	260844.0
37	260844.0
38	260844.0
39	260844.0
40	149309.0
41	149309.0
42	149309.0
43	149309.0
44	149309.0
45	310428.0
46	310428.0
47	310428.0
48	310428.0
49	310428.0
50	167610.0
51	167610.0
52	167610.0
53	167610.0
54	167610.0
55	270470.0
56	270470.0
57	270470.0
58	270470.0
59	270470.0
60	212838.0
61	212838.0
62	212838.0
63	212838.0
64	212838.0
65	315742.0
66	315742.0
67	315742.0
68	315742.0
69	315742.0
70	21805.0
71	21805.0
72	21805.0
73	21805.0
74	21805.0
75	112512.0
76	112512.0
77	112512.0
78	112512.0
79	112512.0
80	203496.0
81	203496.0
82	203496.0
83	203496.0
84	203496.0
85	166613.0
86	166613.0
87	166613.0
88	166613.0
89	166613.0
90	283712.0
91	283712.0
92	283712.0
93	283712.0
94	283712.0
95	344796.0
96	344796.0
97	344796.0
98	344796.0
99	344796.0
100	350124.0
101	350124.0
102	350124.0
103	350124.0
104	350124.0
105	89774.0
106	89774.0
107	89774.0
108	89774.0
109	89774.0
110	208343.0
111	208343.0
112	208343.0
113	208343.0
114	208343.0
115	265608.0
116	265608.0
117	265608.0
118	265608.0
119	265608.0
120	10497.0
121	10497.0
122	10497.0
123	10497.0
124	10497.0
125	127045.0
126	127045.0
127	127045.0
128	127045.0
129	127045.0
130	7958.0
131	7958.0
132	7958.0
133	7958.0
134	7958.0
135	313042.0
136	313042.0
137	313042.0
138	313042.0
139	313042.0
140	354338.0
141	354338.0
142	354338.0
143	354338.0
144	354338.0
145	71938.0
146	71938.0
147	71938.0
148	71938.0
149	71938.0
150	69191.0
151	69191.0
152	69191.0
153	69191.0
154	69191.0
155	103703.0
156	103703.0
157	103703.0
158	103703.0
159	103703.0
160	324706.0
161	324706.0
162	324706.0
163	324706.0
164	324706.0
165	151948.0
166	151948.0
167	151948.0
168	151948.0
169	151948.0
170	110289.0
171	110289.0
172	110289.0
173	110289.0
174	110289.0
175	173613.0
176	173613.0
177	173613.0
178	173613.0
179	173613.0
180	167450.0
181	167450.0
182	167450.0
183	167450.0
184	167450.0
185	7735.0
186	7735.0
187	7735.0
188	7735.0
189	7735.0
190	31376.0
191	31376.0
192	31376.0
193	31376.0
194	31376.0
195	331948.0
196	331948.0
197	331948.0
198	331948.0
199	331948.0
200	199039.0
201	199039.0
202	199039.0
203	199039.0
204	199039.0
205	61464.0
206	61464.0
207	61464.0
208	61464.0
209	61464.0
210	256596.0
211	256596.0
212	256596.0
213	256596.0
214	256596.0
215	280898.0
216	280898.0
217	280898.0
218	280898.0
219	280898.0
220	46125.0
221	46125.0
222	46125.0
223	46125.0
224	46125.0
225	321159.0
226	321159.0
227	321159.0
228	321159.0
229	321159.0
230	353964.0
231	353964.0
232	353964.0
233	353964.0
234	353964.0
235	121788.0
236	121788.0
237	121788.0
238	121788.0
239	121788.0
240	106841.0
241	106841.0
242	106841.0
243	106841.0
244	106841.0
245	225346.0
246	225346.0
247	225346.0
248	225346.0
249	225346.0
