0	55246.0
1	55246.0
2	55246.0
3	55246.0
4	55246.0
5	174167.0
6	174167.0
7	174167.0
8	174167.0
9	174167.0
10	87414.0
11	87414.0
12	87414.0
13	87414.0
14	87414.0
15	21282.0
16	21282.0
17	21282.0
18	21282.0
19	21282.0
20	57896.0
21	57896.0
22	57896.0
23	57896.0
24	57896.0
25	20704.0
26	20704.0
27	20704.0
28	20704.0
29	20704.0
30	61978.0
31	61978.0
32	61978.0
33	61978.0
34	61978.0
35	73345.0
36	73345.0
37	73345.0
38	73345.0
39	73345.0
40	180501.0
41	180501.0
42	180501.0
43	180501.0
44	180501.0
45	231488.0
46	231488.0
47	231488.0
48	231488.0
49	231488.0
50	342036.0
51	342036.0
52	342036.0
53	342036.0
54	342036.0
55	97498.0
56	97498.0
57	97498.0
58	97498.0
59	97498.0
60	321407.0
61	321407.0
62	321407.0
63	321407.0
64	321407.0
65	82669.0
66	82669.0
67	82669.0
68	82669.0
69	82669.0
70	96831.0
71	96831.0
72	96831.0
73	96831.0
74	96831.0
75	12733.0
76	12733.0
77	12733.0
78	12733.0
79	12733.0
80	53958.0
81	53958.0
82	53958.0
83	53958.0
84	53958.0
85	21077.0
86	21077.0
87	21077.0
88	21077.0
89	21077.0
90	239541.0
91	239541.0
92	239541.0
93	239541.0
94	239541.0
95	243796.0
96	243796.0
97	243796.0
98	243796.0
99	243796.0
100	351758.0
101	351758.0
102	351758.0
103	351758.0
104	351758.0
105	328619.0
106	328619.0
107	328619.0
108	328619.0
109	328619.0
110	333744.0
111	333744.0
112	333744.0
113	333744.0
114	333744.0
115	87581.0
116	87581.0
117	87581.0
118	87581.0
119	87581.0
120	190899.0
121	190899.0
122	190899.0
123	190899.0
124	190899.0
125	16695.0
126	16695.0
127	16695.0
128	16695.0
129	16695.0
130	35957.0
131	35957.0
132	35957.0
133	35957.0
134	35957.0
135	34687.0
136	34687.0
137	34687.0
138	34687.0
139	34687.0
140	331396.0
141	331396.0
142	331396.0
143	331396.0
144	331396.0
145	67912.0
146	67912.0
147	67912.0
148	67912.0
149	67912.0
150	230039.0
151	230039.0
152	230039.0
153	230039.0
154	230039.0
155	99383.0
156	99383.0
157	99383.0
158	99383.0
159	99383.0
160	285556.0
161	285556.0
162	285556.0
163	285556.0
164	285556.0
165	196068.0
166	196068.0
167	196068.0
168	196068.0
169	196068.0
170	119920.0
171	119920.0
172	119920.0
173	119920.0
174	119920.0
175	352169.0
176	352169.0
177	352169.0
178	352169.0
179	352169.0
180	286046.0
181	286046.0
182	286046.0
183	286046.0
184	286046.0
185	152122.0
186	152122.0
187	152122.0
188	152122.0
189	152122.0
190	25886.0
191	25886.0
192	25886.0
193	25886.0
194	25886.0
195	323792.0
196	323792.0
197	323792.0
198	323792.0
199	323792.0
200	337557.0
201	337557.0
202	337557.0
203	337557.0
204	337557.0
205	118774.0
206	118774.0
207	118774.0
208	118774.0
209	118774.0
210	54234.0
211	54234.0
212	54234.0
213	54234.0
214	54234.0
215	312864.0
216	312864.0
217	312864.0
218	312864.0
219	312864.0
220	289579.0
221	289579.0
222	289579.0
223	289579.0
224	289579.0
225	165834.0
226	165834.0
227	165834.0
228	165834.0
229	165834.0
230	128811.0
231	128811.0
232	128811.0
233	128811.0
234	128811.0
235	119948.0
236	119948.0
237	119948.0
238	119948.0
239	119948.0
240	55144.0
241	55144.0
242	55144.0
243	55144.0
244	55144.0
245	200815.0
246	200815.0
247	200815.0
248	200815.0
249	200815.0
