0	568667.0
1	568667.0
2	568667.0
3	568667.0
4	568667.0
5	106869.0
6	106869.0
7	106869.0
8	106869.0
9	106869.0
10	137524.0
11	137524.0
12	137524.0
13	137524.0
14	137524.0
15	448913.0
16	448913.0
17	448913.0
18	448913.0
19	448913.0
20	269926.0
21	269926.0
22	269926.0
23	269926.0
24	269926.0
25	285477.0
26	285477.0
27	285477.0
28	285477.0
29	285477.0
30	462685.0
31	462685.0
32	462685.0
33	462685.0
34	462685.0
35	333492.0
36	333492.0
37	333492.0
38	333492.0
39	333492.0
40	234897.0
41	234897.0
42	234897.0
43	234897.0
44	234897.0
45	309538.0
46	309538.0
47	309538.0
48	309538.0
49	309538.0
50	64474.0
51	64474.0
52	64474.0
53	64474.0
54	64474.0
55	458243.0
56	458243.0
57	458243.0
58	458243.0
59	458243.0
60	457503.0
61	457503.0
62	457503.0
63	457503.0
64	457503.0
65	7394.0
66	7394.0
67	7394.0
68	7394.0
69	7394.0
70	237533.0
71	237533.0
72	237533.0
73	237533.0
74	237533.0
75	25580.0
76	25580.0
77	25580.0
78	25580.0
79	25580.0
80	320021.0
81	320021.0
82	320021.0
83	320021.0
84	320021.0
85	204561.0
86	204561.0
87	204561.0
88	204561.0
89	204561.0
90	389432.0
91	389432.0
92	389432.0
93	389432.0
94	389432.0
95	9310.0
96	9310.0
97	9310.0
98	9310.0
99	9310.0
100	451833.0
101	451833.0
102	451833.0
103	451833.0
104	451833.0
105	108600.0
106	108600.0
107	108600.0
108	108600.0
109	108600.0
110	40945.0
111	40945.0
112	40945.0
113	40945.0
114	40945.0
115	38407.0
116	38407.0
117	38407.0
118	38407.0
119	38407.0
120	68381.0
121	68381.0
122	68381.0
123	68381.0
124	68381.0
125	31926.0
126	31926.0
127	31926.0
128	31926.0
129	31926.0
130	424870.0
131	424870.0
132	424870.0
133	424870.0
134	424870.0
135	476325.0
136	476325.0
137	476325.0
138	476325.0
139	476325.0
140	482423.0
141	482423.0
142	482423.0
143	482423.0
144	482423.0
145	304633.0
146	304633.0
147	304633.0
148	304633.0
149	304633.0
150	105261.0
151	105261.0
152	105261.0
153	105261.0
154	105261.0
155	541843.0
156	541843.0
157	541843.0
158	541843.0
159	541843.0
160	4513.0
161	4513.0
162	4513.0
163	4513.0
164	4513.0
165	519068.0
166	519068.0
167	519068.0
168	519068.0
169	519068.0
170	407860.0
171	407860.0
172	407860.0
173	407860.0
174	407860.0
175	159322.0
176	159322.0
177	159322.0
178	159322.0
179	159322.0
180	508815.0
181	508815.0
182	508815.0
183	508815.0
184	508815.0
185	268319.0
186	268319.0
187	268319.0
188	268319.0
189	268319.0
190	58306.0
191	58306.0
192	58306.0
193	58306.0
194	58306.0
195	288936.0
196	288936.0
197	288936.0
198	288936.0
199	288936.0
200	202824.0
201	202824.0
202	202824.0
203	202824.0
204	202824.0
205	22430.0
206	22430.0
207	22430.0
208	22430.0
209	22430.0
210	616813.0
211	616813.0
212	616813.0
213	616813.0
214	616813.0
215	17604.0
216	17604.0
217	17604.0
218	17604.0
219	17604.0
220	555064.0
221	555064.0
222	555064.0
223	555064.0
224	555064.0
225	467946.0
226	467946.0
227	467946.0
228	467946.0
229	467946.0
230	321326.0
231	321326.0
232	321326.0
233	321326.0
234	321326.0
235	517832.0
236	517832.0
237	517832.0
238	517832.0
239	517832.0
240	150577.0
241	150577.0
242	150577.0
243	150577.0
244	150577.0
245	547871.0
246	547871.0
247	547871.0
248	547871.0
249	547871.0
