0	27090.0
1	27090.0
2	27090.0
3	27090.0
4	27090.0
5	385881.0
6	385881.0
7	385881.0
8	385881.0
9	385881.0
10	224336.0
11	224336.0
12	224336.0
13	224336.0
14	224336.0
15	305113.0
16	305113.0
17	305113.0
18	305113.0
19	305113.0
20	262336.0
21	262336.0
22	262336.0
23	262336.0
24	262336.0
25	459457.0
26	459457.0
27	459457.0
28	459457.0
29	459457.0
30	351101.0
31	351101.0
32	351101.0
33	351101.0
34	351101.0
35	197282.0
36	197282.0
37	197282.0
38	197282.0
39	197282.0
40	458006.0
41	458006.0
42	458006.0
43	458006.0
44	458006.0
45	11701.0
46	11701.0
47	11701.0
48	11701.0
49	11701.0
50	389361.0
51	389361.0
52	389361.0
53	389361.0
54	389361.0
55	515073.0
56	515073.0
57	515073.0
58	515073.0
59	515073.0
60	591631.0
61	591631.0
62	591631.0
63	591631.0
64	591631.0
65	521166.0
66	521166.0
67	521166.0
68	521166.0
69	521166.0
70	326489.0
71	326489.0
72	326489.0
73	326489.0
74	326489.0
75	115674.0
76	115674.0
77	115674.0
78	115674.0
79	115674.0
80	393112.0
81	393112.0
82	393112.0
83	393112.0
84	393112.0
85	445141.0
86	445141.0
87	445141.0
88	445141.0
89	445141.0
90	91493.0
91	91493.0
92	91493.0
93	91493.0
94	91493.0
95	196769.0
96	196769.0
97	196769.0
98	196769.0
99	196769.0
100	43339.0
101	43339.0
102	43339.0
103	43339.0
104	43339.0
105	126787.0
106	126787.0
107	126787.0
108	126787.0
109	126787.0
110	337716.0
111	337716.0
112	337716.0
113	337716.0
114	337716.0
115	590898.0
116	590898.0
117	590898.0
118	590898.0
119	590898.0
120	69961.0
121	69961.0
122	69961.0
123	69961.0
124	69961.0
125	624620.0
126	624620.0
127	624620.0
128	624620.0
129	624620.0
130	47544.0
131	47544.0
132	47544.0
133	47544.0
134	47544.0
135	556920.0
136	556920.0
137	556920.0
138	556920.0
139	556920.0
140	130213.0
141	130213.0
142	130213.0
143	130213.0
144	130213.0
145	382083.0
146	382083.0
147	382083.0
148	382083.0
149	382083.0
150	250737.0
151	250737.0
152	250737.0
153	250737.0
154	250737.0
155	137475.0
156	137475.0
157	137475.0
158	137475.0
159	137475.0
160	460644.0
161	460644.0
162	460644.0
163	460644.0
164	460644.0
165	362522.0
166	362522.0
167	362522.0
168	362522.0
169	362522.0
170	135839.0
171	135839.0
172	135839.0
173	135839.0
174	135839.0
175	263500.0
176	263500.0
177	263500.0
178	263500.0
179	263500.0
180	525280.0
181	525280.0
182	525280.0
183	525280.0
184	525280.0
185	540023.0
186	540023.0
187	540023.0
188	540023.0
189	540023.0
190	629931.0
191	629931.0
192	629931.0
193	629931.0
194	629931.0
195	430291.0
196	430291.0
197	430291.0
198	430291.0
199	430291.0
200	411799.0
201	411799.0
202	411799.0
203	411799.0
204	411799.0
205	447575.0
206	447575.0
207	447575.0
208	447575.0
209	447575.0
210	328338.0
211	328338.0
212	328338.0
213	328338.0
214	328338.0
215	447208.0
216	447208.0
217	447208.0
218	447208.0
219	447208.0
220	302766.0
221	302766.0
222	302766.0
223	302766.0
224	302766.0
225	499177.0
226	499177.0
227	499177.0
228	499177.0
229	499177.0
230	169136.0
231	169136.0
232	169136.0
233	169136.0
234	169136.0
235	76372.0
236	76372.0
237	76372.0
238	76372.0
239	76372.0
240	447416.0
241	447416.0
242	447416.0
243	447416.0
244	447416.0
245	524431.0
246	524431.0
247	524431.0
248	524431.0
249	524431.0
