0	29894.0
1	29894.0
2	29894.0
3	29894.0
4	29894.0
5	145556.0
6	145556.0
7	145556.0
8	145556.0
9	145556.0
10	114815.0
11	114815.0
12	114815.0
13	114815.0
14	114815.0
15	491109.0
16	491109.0
17	491109.0
18	491109.0
19	491109.0
20	53829.0
21	53829.0
22	53829.0
23	53829.0
24	53829.0
25	640227.0
26	640227.0
27	640227.0
28	640227.0
29	640227.0
30	592410.0
31	592410.0
32	592410.0
33	592410.0
34	592410.0
35	10334.0
36	10334.0
37	10334.0
38	10334.0
39	10334.0
40	580810.0
41	580810.0
42	580810.0
43	580810.0
44	580810.0
45	83690.0
46	83690.0
47	83690.0
48	83690.0
49	83690.0
50	413977.0
51	413977.0
52	413977.0
53	413977.0
54	413977.0
55	604169.0
56	604169.0
57	604169.0
58	604169.0
59	604169.0
60	114161.0
61	114161.0
62	114161.0
63	114161.0
64	114161.0
65	429360.0
66	429360.0
67	429360.0
68	429360.0
69	429360.0
70	221425.0
71	221425.0
72	221425.0
73	221425.0
74	221425.0
75	626969.0
76	626969.0
77	626969.0
78	626969.0
79	626969.0
80	464174.0
81	464174.0
82	464174.0
83	464174.0
84	464174.0
85	260881.0
86	260881.0
87	260881.0
88	260881.0
89	260881.0
90	625748.0
91	625748.0
92	625748.0
93	625748.0
94	625748.0
95	435720.0
96	435720.0
97	435720.0
98	435720.0
99	435720.0
100	399151.0
101	399151.0
102	399151.0
103	399151.0
104	399151.0
105	571304.0
106	571304.0
107	571304.0
108	571304.0
109	571304.0
110	357854.0
111	357854.0
112	357854.0
113	357854.0
114	357854.0
115	639345.0
116	639345.0
117	639345.0
118	639345.0
119	639345.0
120	178307.0
121	178307.0
122	178307.0
123	178307.0
124	178307.0
125	14203.0
126	14203.0
127	14203.0
128	14203.0
129	14203.0
130	397661.0
131	397661.0
132	397661.0
133	397661.0
134	397661.0
135	212796.0
136	212796.0
137	212796.0
138	212796.0
139	212796.0
140	266863.0
141	266863.0
142	266863.0
143	266863.0
144	266863.0
145	269848.0
146	269848.0
147	269848.0
148	269848.0
149	269848.0
150	159149.0
151	159149.0
152	159149.0
153	159149.0
154	159149.0
155	394286.0
156	394286.0
157	394286.0
158	394286.0
159	394286.0
160	541702.0
161	541702.0
162	541702.0
163	541702.0
164	541702.0
165	574857.0
166	574857.0
167	574857.0
168	574857.0
169	574857.0
170	111064.0
171	111064.0
172	111064.0
173	111064.0
174	111064.0
175	509158.0
176	509158.0
177	509158.0
178	509158.0
179	509158.0
180	444513.0
181	444513.0
182	444513.0
183	444513.0
184	444513.0
185	517566.0
186	517566.0
187	517566.0
188	517566.0
189	517566.0
190	571055.0
191	571055.0
192	571055.0
193	571055.0
194	571055.0
195	408727.0
196	408727.0
197	408727.0
198	408727.0
199	408727.0
200	187428.0
201	187428.0
202	187428.0
203	187428.0
204	187428.0
205	391295.0
206	391295.0
207	391295.0
208	391295.0
209	391295.0
210	276109.0
211	276109.0
212	276109.0
213	276109.0
214	276109.0
215	120508.0
216	120508.0
217	120508.0
218	120508.0
219	120508.0
220	243900.0
221	243900.0
222	243900.0
223	243900.0
224	243900.0
225	574365.0
226	574365.0
227	574365.0
228	574365.0
229	574365.0
230	571384.0
231	571384.0
232	571384.0
233	571384.0
234	571384.0
235	8381.0
236	8381.0
237	8381.0
238	8381.0
239	8381.0
240	380565.0
241	380565.0
242	380565.0
243	380565.0
244	380565.0
245	572718.0
246	572718.0
247	572718.0
248	572718.0
249	572718.0
