0	294609.0
1	294609.0
2	294609.0
3	294609.0
4	294609.0
5	437723.0
6	437723.0
7	437723.0
8	437723.0
9	437723.0
10	584588.0
11	584588.0
12	584588.0
13	584588.0
14	584588.0
15	443535.0
16	443535.0
17	443535.0
18	443535.0
19	443535.0
20	257154.0
21	257154.0
22	257154.0
23	257154.0
24	257154.0
25	113482.0
26	113482.0
27	113482.0
28	113482.0
29	113482.0
30	9373.0
31	9373.0
32	9373.0
33	9373.0
34	9373.0
35	347057.0
36	347057.0
37	347057.0
38	347057.0
39	347057.0
40	139195.0
41	139195.0
42	139195.0
43	139195.0
44	139195.0
45	278998.0
46	278998.0
47	278998.0
48	278998.0
49	278998.0
50	318373.0
51	318373.0
52	318373.0
53	318373.0
54	318373.0
55	91173.0
56	91173.0
57	91173.0
58	91173.0
59	91173.0
60	35923.0
61	35923.0
62	35923.0
63	35923.0
64	35923.0
65	472337.0
66	472337.0
67	472337.0
68	472337.0
69	472337.0
70	517870.0
71	517870.0
72	517870.0
73	517870.0
74	517870.0
75	31580.0
76	31580.0
77	31580.0
78	31580.0
79	31580.0
80	362154.0
81	362154.0
82	362154.0
83	362154.0
84	362154.0
85	201974.0
86	201974.0
87	201974.0
88	201974.0
89	201974.0
90	323497.0
91	323497.0
92	323497.0
93	323497.0
94	323497.0
95	69676.0
96	69676.0
97	69676.0
98	69676.0
99	69676.0
100	212908.0
101	212908.0
102	212908.0
103	212908.0
104	212908.0
105	373699.0
106	373699.0
107	373699.0
108	373699.0
109	373699.0
110	84726.0
111	84726.0
112	84726.0
113	84726.0
114	84726.0
115	295612.0
116	295612.0
117	295612.0
118	295612.0
119	295612.0
120	279294.0
121	279294.0
122	279294.0
123	279294.0
124	279294.0
125	459095.0
126	459095.0
127	459095.0
128	459095.0
129	459095.0
130	265649.0
131	265649.0
132	265649.0
133	265649.0
134	265649.0
135	30971.0
136	30971.0
137	30971.0
138	30971.0
139	30971.0
140	482200.0
141	482200.0
142	482200.0
143	482200.0
144	482200.0
145	264533.0
146	264533.0
147	264533.0
148	264533.0
149	264533.0
150	622238.0
151	622238.0
152	622238.0
153	622238.0
154	622238.0
155	311630.0
156	311630.0
157	311630.0
158	311630.0
159	311630.0
160	156350.0
161	156350.0
162	156350.0
163	156350.0
164	156350.0
165	636766.0
166	636766.0
167	636766.0
168	636766.0
169	636766.0
170	191153.0
171	191153.0
172	191153.0
173	191153.0
174	191153.0
175	411179.0
176	411179.0
177	411179.0
178	411179.0
179	411179.0
180	512352.0
181	512352.0
182	512352.0
183	512352.0
184	512352.0
185	631497.0
186	631497.0
187	631497.0
188	631497.0
189	631497.0
190	101100.0
191	101100.0
192	101100.0
193	101100.0
194	101100.0
195	384871.0
196	384871.0
197	384871.0
198	384871.0
199	384871.0
200	55534.0
201	55534.0
202	55534.0
203	55534.0
204	55534.0
205	246665.0
206	246665.0
207	246665.0
208	246665.0
209	246665.0
210	201765.0
211	201765.0
212	201765.0
213	201765.0
214	201765.0
215	105444.0
216	105444.0
217	105444.0
218	105444.0
219	105444.0
220	40731.0
221	40731.0
222	40731.0
223	40731.0
224	40731.0
225	507118.0
226	507118.0
227	507118.0
228	507118.0
229	507118.0
230	644318.0
231	644318.0
232	644318.0
233	644318.0
234	644318.0
235	440341.0
236	440341.0
237	440341.0
238	440341.0
239	440341.0
240	422412.0
241	422412.0
242	422412.0
243	422412.0
244	422412.0
245	579648.0
246	579648.0
247	579648.0
248	579648.0
249	579648.0
