0	29795.0
1	29795.0
2	29795.0
3	29795.0
4	29795.0
5	502760.0
6	502760.0
7	502760.0
8	502760.0
9	502760.0
10	389294.0
11	389294.0
12	389294.0
13	389294.0
14	389294.0
15	492119.0
16	492119.0
17	492119.0
18	492119.0
19	492119.0
20	29020.0
21	29020.0
22	29020.0
23	29020.0
24	29020.0
25	134974.0
26	134974.0
27	134974.0
28	134974.0
29	134974.0
30	232727.0
31	232727.0
32	232727.0
33	232727.0
34	232727.0
35	34916.0
36	34916.0
37	34916.0
38	34916.0
39	34916.0
40	442444.0
41	442444.0
42	442444.0
43	442444.0
44	442444.0
45	190917.0
46	190917.0
47	190917.0
48	190917.0
49	190917.0
50	308404.0
51	308404.0
52	308404.0
53	308404.0
54	308404.0
55	46123.0
56	46123.0
57	46123.0
58	46123.0
59	46123.0
60	118529.0
61	118529.0
62	118529.0
63	118529.0
64	118529.0
65	260420.0
66	260420.0
67	260420.0
68	260420.0
69	260420.0
70	238731.0
71	238731.0
72	238731.0
73	238731.0
74	238731.0
75	91379.0
76	91379.0
77	91379.0
78	91379.0
79	91379.0
80	267181.0
81	267181.0
82	267181.0
83	267181.0
84	267181.0
85	171493.0
86	171493.0
87	171493.0
88	171493.0
89	171493.0
90	406651.0
91	406651.0
92	406651.0
93	406651.0
94	406651.0
95	4558.0
96	4558.0
97	4558.0
98	4558.0
99	4558.0
100	11066.0
101	11066.0
102	11066.0
103	11066.0
104	11066.0
105	235441.0
106	235441.0
107	235441.0
108	235441.0
109	235441.0
110	75033.0
111	75033.0
112	75033.0
113	75033.0
114	75033.0
115	312528.0
116	312528.0
117	312528.0
118	312528.0
119	312528.0
120	214009.0
121	214009.0
122	214009.0
123	214009.0
124	214009.0
125	423988.0
126	423988.0
127	423988.0
128	423988.0
129	423988.0
130	406199.0
131	406199.0
132	406199.0
133	406199.0
134	406199.0
135	444899.0
136	444899.0
137	444899.0
138	444899.0
139	444899.0
140	93596.0
141	93596.0
142	93596.0
143	93596.0
144	93596.0
145	481621.0
146	481621.0
147	481621.0
148	481621.0
149	481621.0
150	223718.0
151	223718.0
152	223718.0
153	223718.0
154	223718.0
155	364327.0
156	364327.0
157	364327.0
158	364327.0
159	364327.0
160	448443.0
161	448443.0
162	448443.0
163	448443.0
164	448443.0
165	32296.0
166	32296.0
167	32296.0
168	32296.0
169	32296.0
170	14197.0
171	14197.0
172	14197.0
173	14197.0
174	14197.0
175	344761.0
176	344761.0
177	344761.0
178	344761.0
179	344761.0
180	200846.0
181	200846.0
182	200846.0
183	200846.0
184	200846.0
185	230001.0
186	230001.0
187	230001.0
188	230001.0
189	230001.0
190	422855.0
191	422855.0
192	422855.0
193	422855.0
194	422855.0
195	24070.0
196	24070.0
197	24070.0
198	24070.0
199	24070.0
200	248533.0
201	248533.0
202	248533.0
203	248533.0
204	248533.0
205	397221.0
206	397221.0
207	397221.0
208	397221.0
209	397221.0
210	478851.0
211	478851.0
212	478851.0
213	478851.0
214	478851.0
215	304853.0
216	304853.0
217	304853.0
218	304853.0
219	304853.0
220	470159.0
221	470159.0
222	470159.0
223	470159.0
224	470159.0
225	270147.0
226	270147.0
227	270147.0
228	270147.0
229	270147.0
230	493940.0
231	493940.0
232	493940.0
233	493940.0
234	493940.0
235	474079.0
236	474079.0
237	474079.0
238	474079.0
239	474079.0
240	449416.0
241	449416.0
242	449416.0
243	449416.0
244	449416.0
245	58003.0
246	58003.0
247	58003.0
248	58003.0
249	58003.0
