0	219016.0
1	219016.0
2	219016.0
3	219016.0
4	219016.0
5	505997.0
6	505997.0
7	505997.0
8	505997.0
9	505997.0
10	34150.0
11	34150.0
12	34150.0
13	34150.0
14	34150.0
15	302220.0
16	302220.0
17	302220.0
18	302220.0
19	302220.0
20	381305.0
21	381305.0
22	381305.0
23	381305.0
24	381305.0
25	177.0
26	177.0
27	177.0
28	177.0
29	177.0
30	147368.0
31	147368.0
32	147368.0
33	147368.0
34	147368.0
35	493026.0
36	493026.0
37	493026.0
38	493026.0
39	493026.0
40	37530.0
41	37530.0
42	37530.0
43	37530.0
44	37530.0
45	193573.0
46	193573.0
47	193573.0
48	193573.0
49	193573.0
50	10076.0
51	10076.0
52	10076.0
53	10076.0
54	10076.0
55	90461.0
56	90461.0
57	90461.0
58	90461.0
59	90461.0
60	113704.0
61	113704.0
62	113704.0
63	113704.0
64	113704.0
65	25776.0
66	25776.0
67	25776.0
68	25776.0
69	25776.0
70	191793.0
71	191793.0
72	191793.0
73	191793.0
74	191793.0
75	380685.0
76	380685.0
77	380685.0
78	380685.0
79	380685.0
80	12881.0
81	12881.0
82	12881.0
83	12881.0
84	12881.0
85	272526.0
86	272526.0
87	272526.0
88	272526.0
89	272526.0
90	423135.0
91	423135.0
92	423135.0
93	423135.0
94	423135.0
95	17288.0
96	17288.0
97	17288.0
98	17288.0
99	17288.0
100	354720.0
101	354720.0
102	354720.0
103	354720.0
104	354720.0
105	162059.0
106	162059.0
107	162059.0
108	162059.0
109	162059.0
110	94917.0
111	94917.0
112	94917.0
113	94917.0
114	94917.0
115	243880.0
116	243880.0
117	243880.0
118	243880.0
119	243880.0
120	434835.0
121	434835.0
122	434835.0
123	434835.0
124	434835.0
125	268830.0
126	268830.0
127	268830.0
128	268830.0
129	268830.0
130	345910.0
131	345910.0
132	345910.0
133	345910.0
134	345910.0
135	71376.0
136	71376.0
137	71376.0
138	71376.0
139	71376.0
140	92806.0
141	92806.0
142	92806.0
143	92806.0
144	92806.0
145	456473.0
146	456473.0
147	456473.0
148	456473.0
149	456473.0
150	129978.0
151	129978.0
152	129978.0
153	129978.0
154	129978.0
155	283030.0
156	283030.0
157	283030.0
158	283030.0
159	283030.0
160	94966.0
161	94966.0
162	94966.0
163	94966.0
164	94966.0
165	250418.0
166	250418.0
167	250418.0
168	250418.0
169	250418.0
170	397968.0
171	397968.0
172	397968.0
173	397968.0
174	397968.0
175	147259.0
176	147259.0
177	147259.0
178	147259.0
179	147259.0
180	242670.0
181	242670.0
182	242670.0
183	242670.0
184	242670.0
185	70683.0
186	70683.0
187	70683.0
188	70683.0
189	70683.0
190	493610.0
191	493610.0
192	493610.0
193	493610.0
194	493610.0
195	394251.0
196	394251.0
197	394251.0
198	394251.0
199	394251.0
200	17667.0
201	17667.0
202	17667.0
203	17667.0
204	17667.0
205	438294.0
206	438294.0
207	438294.0
208	438294.0
209	438294.0
210	508356.0
211	508356.0
212	508356.0
213	508356.0
214	508356.0
215	147426.0
216	147426.0
217	147426.0
218	147426.0
219	147426.0
220	179543.0
221	179543.0
222	179543.0
223	179543.0
224	179543.0
225	331974.0
226	331974.0
227	331974.0
228	331974.0
229	331974.0
230	141044.0
231	141044.0
232	141044.0
233	141044.0
234	141044.0
235	26938.0
236	26938.0
237	26938.0
238	26938.0
239	26938.0
240	81977.0
241	81977.0
242	81977.0
243	81977.0
244	81977.0
245	436634.0
246	436634.0
247	436634.0
248	436634.0
249	436634.0
