0	360782.0
1	360782.0
2	360782.0
3	360782.0
4	360782.0
5	86262.0
6	86262.0
7	86262.0
8	86262.0
9	86262.0
10	220930.0
11	220930.0
12	220930.0
13	220930.0
14	220930.0
15	345600.0
16	345600.0
17	345600.0
18	345600.0
19	345600.0
20	390377.0
21	390377.0
22	390377.0
23	390377.0
24	390377.0
25	326252.0
26	326252.0
27	326252.0
28	326252.0
29	326252.0
30	396788.0
31	396788.0
32	396788.0
33	396788.0
34	396788.0
35	34426.0
36	34426.0
37	34426.0
38	34426.0
39	34426.0
40	351674.0
41	351674.0
42	351674.0
43	351674.0
44	351674.0
45	139178.0
46	139178.0
47	139178.0
48	139178.0
49	139178.0
50	403040.0
51	403040.0
52	403040.0
53	403040.0
54	403040.0
55	149603.0
56	149603.0
57	149603.0
58	149603.0
59	149603.0
60	230690.0
61	230690.0
62	230690.0
63	230690.0
64	230690.0
65	137584.0
66	137584.0
67	137584.0
68	137584.0
69	137584.0
70	479948.0
71	479948.0
72	479948.0
73	479948.0
74	479948.0
75	459687.0
76	459687.0
77	459687.0
78	459687.0
79	459687.0
80	389537.0
81	389537.0
82	389537.0
83	389537.0
84	389537.0
85	291520.0
86	291520.0
87	291520.0
88	291520.0
89	291520.0
90	38988.0
91	38988.0
92	38988.0
93	38988.0
94	38988.0
95	152201.0
96	152201.0
97	152201.0
98	152201.0
99	152201.0
100	62344.0
101	62344.0
102	62344.0
103	62344.0
104	62344.0
105	369276.0
106	369276.0
107	369276.0
108	369276.0
109	369276.0
110	284595.0
111	284595.0
112	284595.0
113	284595.0
114	284595.0
115	216841.0
116	216841.0
117	216841.0
118	216841.0
119	216841.0
120	202964.0
121	202964.0
122	202964.0
123	202964.0
124	202964.0
125	427235.0
126	427235.0
127	427235.0
128	427235.0
129	427235.0
130	283621.0
131	283621.0
132	283621.0
133	283621.0
134	283621.0
135	18644.0
136	18644.0
137	18644.0
138	18644.0
139	18644.0
140	378630.0
141	378630.0
142	378630.0
143	378630.0
144	378630.0
145	407022.0
146	407022.0
147	407022.0
148	407022.0
149	407022.0
150	377857.0
151	377857.0
152	377857.0
153	377857.0
154	377857.0
155	438336.0
156	438336.0
157	438336.0
158	438336.0
159	438336.0
160	312537.0
161	312537.0
162	312537.0
163	312537.0
164	312537.0
165	394680.0
166	394680.0
167	394680.0
168	394680.0
169	394680.0
170	384297.0
171	384297.0
172	384297.0
173	384297.0
174	384297.0
175	416535.0
176	416535.0
177	416535.0
178	416535.0
179	416535.0
180	301735.0
181	301735.0
182	301735.0
183	301735.0
184	301735.0
185	137910.0
186	137910.0
187	137910.0
188	137910.0
189	137910.0
190	107871.0
191	107871.0
192	107871.0
193	107871.0
194	107871.0
195	134138.0
196	134138.0
197	134138.0
198	134138.0
199	134138.0
200	424683.0
201	424683.0
202	424683.0
203	424683.0
204	424683.0
205	386690.0
206	386690.0
207	386690.0
208	386690.0
209	386690.0
210	326029.0
211	326029.0
212	326029.0
213	326029.0
214	326029.0
215	88816.0
216	88816.0
217	88816.0
218	88816.0
219	88816.0
220	377502.0
221	377502.0
222	377502.0
223	377502.0
224	377502.0
225	210930.0
226	210930.0
227	210930.0
228	210930.0
229	210930.0
230	117553.0
231	117553.0
232	117553.0
233	117553.0
234	117553.0
235	412078.0
236	412078.0
237	412078.0
238	412078.0
239	412078.0
240	373812.0
241	373812.0
242	373812.0
243	373812.0
244	373812.0
245	232054.0
246	232054.0
247	232054.0
248	232054.0
249	232054.0
