0	252357.0
1	252357.0
2	252357.0
3	252357.0
4	252357.0
5	172939.0
6	172939.0
7	172939.0
8	172939.0
9	172939.0
10	494691.0
11	494691.0
12	494691.0
13	494691.0
14	494691.0
15	356390.0
16	356390.0
17	356390.0
18	356390.0
19	356390.0
20	44446.0
21	44446.0
22	44446.0
23	44446.0
24	44446.0
25	511979.0
26	511979.0
27	511979.0
28	511979.0
29	511979.0
30	2063.0
31	2063.0
32	2063.0
33	2063.0
34	2063.0
35	278639.0
36	278639.0
37	278639.0
38	278639.0
39	278639.0
40	103059.0
41	103059.0
42	103059.0
43	103059.0
44	103059.0
45	404131.0
46	404131.0
47	404131.0
48	404131.0
49	404131.0
50	357244.0
51	357244.0
52	357244.0
53	357244.0
54	357244.0
55	68992.0
56	68992.0
57	68992.0
58	68992.0
59	68992.0
60	230152.0
61	230152.0
62	230152.0
63	230152.0
64	230152.0
65	442877.0
66	442877.0
67	442877.0
68	442877.0
69	442877.0
70	436984.0
71	436984.0
72	436984.0
73	436984.0
74	436984.0
75	76496.0
76	76496.0
77	76496.0
78	76496.0
79	76496.0
80	20788.0
81	20788.0
82	20788.0
83	20788.0
84	20788.0
85	488281.0
86	488281.0
87	488281.0
88	488281.0
89	488281.0
90	413775.0
91	413775.0
92	413775.0
93	413775.0
94	413775.0
95	197624.0
96	197624.0
97	197624.0
98	197624.0
99	197624.0
100	175479.0
101	175479.0
102	175479.0
103	175479.0
104	175479.0
105	320870.0
106	320870.0
107	320870.0
108	320870.0
109	320870.0
110	218227.0
111	218227.0
112	218227.0
113	218227.0
114	218227.0
115	479668.0
116	479668.0
117	479668.0
118	479668.0
119	479668.0
120	37480.0
121	37480.0
122	37480.0
123	37480.0
124	37480.0
125	419294.0
126	419294.0
127	419294.0
128	419294.0
129	419294.0
130	304877.0
131	304877.0
132	304877.0
133	304877.0
134	304877.0
135	71248.0
136	71248.0
137	71248.0
138	71248.0
139	71248.0
140	234061.0
141	234061.0
142	234061.0
143	234061.0
144	234061.0
145	274204.0
146	274204.0
147	274204.0
148	274204.0
149	274204.0
150	368788.0
151	368788.0
152	368788.0
153	368788.0
154	368788.0
155	177910.0
156	177910.0
157	177910.0
158	177910.0
159	177910.0
160	273823.0
161	273823.0
162	273823.0
163	273823.0
164	273823.0
165	469763.0
166	469763.0
167	469763.0
168	469763.0
169	469763.0
170	222881.0
171	222881.0
172	222881.0
173	222881.0
174	222881.0
175	501874.0
176	501874.0
177	501874.0
178	501874.0
179	501874.0
180	9394.0
181	9394.0
182	9394.0
183	9394.0
184	9394.0
185	273824.0
186	273824.0
187	273824.0
188	273824.0
189	273824.0
190	66570.0
191	66570.0
192	66570.0
193	66570.0
194	66570.0
195	13125.0
196	13125.0
197	13125.0
198	13125.0
199	13125.0
200	395271.0
201	395271.0
202	395271.0
203	395271.0
204	395271.0
205	229293.0
206	229293.0
207	229293.0
208	229293.0
209	229293.0
210	260742.0
211	260742.0
212	260742.0
213	260742.0
214	260742.0
215	61998.0
216	61998.0
217	61998.0
218	61998.0
219	61998.0
220	239566.0
221	239566.0
222	239566.0
223	239566.0
224	239566.0
225	90618.0
226	90618.0
227	90618.0
228	90618.0
229	90618.0
230	257821.0
231	257821.0
232	257821.0
233	257821.0
234	257821.0
235	239755.0
236	239755.0
237	239755.0
238	239755.0
239	239755.0
240	204061.0
241	204061.0
242	204061.0
243	204061.0
244	204061.0
245	469601.0
246	469601.0
247	469601.0
248	469601.0
249	469601.0
