0	64954.0
1	64954.0
2	64954.0
3	64954.0
4	64954.0
5	256588.0
6	256588.0
7	256588.0
8	256588.0
9	256588.0
10	313197.0
11	313197.0
12	313197.0
13	313197.0
14	313197.0
15	285554.0
16	285554.0
17	285554.0
18	285554.0
19	285554.0
20	232249.0
21	232249.0
22	232249.0
23	232249.0
24	232249.0
25	57212.0
26	57212.0
27	57212.0
28	57212.0
29	57212.0
30	330090.0
31	330090.0
32	330090.0
33	330090.0
34	330090.0
35	232868.0
36	232868.0
37	232868.0
38	232868.0
39	232868.0
40	329197.0
41	329197.0
42	329197.0
43	329197.0
44	329197.0
45	210252.0
46	210252.0
47	210252.0
48	210252.0
49	210252.0
50	343441.0
51	343441.0
52	343441.0
53	343441.0
54	343441.0
55	92834.0
56	92834.0
57	92834.0
58	92834.0
59	92834.0
60	382523.0
61	382523.0
62	382523.0
63	382523.0
64	382523.0
65	334944.0
66	334944.0
67	334944.0
68	334944.0
69	334944.0
70	174829.0
71	174829.0
72	174829.0
73	174829.0
74	174829.0
75	138760.0
76	138760.0
77	138760.0
78	138760.0
79	138760.0
80	363079.0
81	363079.0
82	363079.0
83	363079.0
84	363079.0
85	165031.0
86	165031.0
87	165031.0
88	165031.0
89	165031.0
90	304108.0
91	304108.0
92	304108.0
93	304108.0
94	304108.0
95	138986.0
96	138986.0
97	138986.0
98	138986.0
99	138986.0
100	79903.0
101	79903.0
102	79903.0
103	79903.0
104	79903.0
105	50598.0
106	50598.0
107	50598.0
108	50598.0
109	50598.0
110	145306.0
111	145306.0
112	145306.0
113	145306.0
114	145306.0
115	64783.0
116	64783.0
117	64783.0
118	64783.0
119	64783.0
120	214079.0
121	214079.0
122	214079.0
123	214079.0
124	214079.0
125	82980.0
126	82980.0
127	82980.0
128	82980.0
129	82980.0
130	314966.0
131	314966.0
132	314966.0
133	314966.0
134	314966.0
135	178507.0
136	178507.0
137	178507.0
138	178507.0
139	178507.0
140	94294.0
141	94294.0
142	94294.0
143	94294.0
144	94294.0
145	222875.0
146	222875.0
147	222875.0
148	222875.0
149	222875.0
150	351011.0
151	351011.0
152	351011.0
153	351011.0
154	351011.0
155	137880.0
156	137880.0
157	137880.0
158	137880.0
159	137880.0
160	153391.0
161	153391.0
162	153391.0
163	153391.0
164	153391.0
165	48501.0
166	48501.0
167	48501.0
168	48501.0
169	48501.0
170	115319.0
171	115319.0
172	115319.0
173	115319.0
174	115319.0
175	182004.0
176	182004.0
177	182004.0
178	182004.0
179	182004.0
180	145597.0
181	145597.0
182	145597.0
183	145597.0
184	145597.0
185	24870.0
186	24870.0
187	24870.0
188	24870.0
189	24870.0
190	83913.0
191	83913.0
192	83913.0
193	83913.0
194	83913.0
195	250783.0
196	250783.0
197	250783.0
198	250783.0
199	250783.0
200	239963.0
201	239963.0
202	239963.0
203	239963.0
204	239963.0
205	159699.0
206	159699.0
207	159699.0
208	159699.0
209	159699.0
210	84438.0
211	84438.0
212	84438.0
213	84438.0
214	84438.0
215	361686.0
216	361686.0
217	361686.0
218	361686.0
219	361686.0
220	322160.0
221	322160.0
222	322160.0
223	322160.0
224	322160.0
225	49125.0
226	49125.0
227	49125.0
228	49125.0
229	49125.0
230	55031.0
231	55031.0
232	55031.0
233	55031.0
234	55031.0
235	291265.0
236	291265.0
237	291265.0
238	291265.0
239	291265.0
240	17885.0
241	17885.0
242	17885.0
243	17885.0
244	17885.0
245	349270.0
246	349270.0
247	349270.0
248	349270.0
249	349270.0
