0	204905.0
1	204905.0
2	204905.0
3	204905.0
4	204905.0
5	371520.0
6	371520.0
7	371520.0
8	371520.0
9	371520.0
10	347729.0
11	347729.0
12	347729.0
13	347729.0
14	347729.0
15	268749.0
16	268749.0
17	268749.0
18	268749.0
19	268749.0
20	50190.0
21	50190.0
22	50190.0
23	50190.0
24	50190.0
25	265797.0
26	265797.0
27	265797.0
28	265797.0
29	265797.0
30	329283.0
31	329283.0
32	329283.0
33	329283.0
34	329283.0
35	14089.0
36	14089.0
37	14089.0
38	14089.0
39	14089.0
40	247220.0
41	247220.0
42	247220.0
43	247220.0
44	247220.0
45	328797.0
46	328797.0
47	328797.0
48	328797.0
49	328797.0
50	287654.0
51	287654.0
52	287654.0
53	287654.0
54	287654.0
55	376386.0
56	376386.0
57	376386.0
58	376386.0
59	376386.0
60	313508.0
61	313508.0
62	313508.0
63	313508.0
64	313508.0
65	65792.0
66	65792.0
67	65792.0
68	65792.0
69	65792.0
70	143029.0
71	143029.0
72	143029.0
73	143029.0
74	143029.0
75	272074.0
76	272074.0
77	272074.0
78	272074.0
79	272074.0
80	73671.0
81	73671.0
82	73671.0
83	73671.0
84	73671.0
85	115749.0
86	115749.0
87	115749.0
88	115749.0
89	115749.0
90	120152.0
91	120152.0
92	120152.0
93	120152.0
94	120152.0
95	117323.0
96	117323.0
97	117323.0
98	117323.0
99	117323.0
100	291076.0
101	291076.0
102	291076.0
103	291076.0
104	291076.0
105	112613.0
106	112613.0
107	112613.0
108	112613.0
109	112613.0
110	345219.0
111	345219.0
112	345219.0
113	345219.0
114	345219.0
115	96102.0
116	96102.0
117	96102.0
118	96102.0
119	96102.0
120	69102.0
121	69102.0
122	69102.0
123	69102.0
124	69102.0
125	126290.0
126	126290.0
127	126290.0
128	126290.0
129	126290.0
130	122995.0
131	122995.0
132	122995.0
133	122995.0
134	122995.0
135	356479.0
136	356479.0
137	356479.0
138	356479.0
139	356479.0
140	245848.0
141	245848.0
142	245848.0
143	245848.0
144	245848.0
145	187893.0
146	187893.0
147	187893.0
148	187893.0
149	187893.0
150	341617.0
151	341617.0
152	341617.0
153	341617.0
154	341617.0
155	238049.0
156	238049.0
157	238049.0
158	238049.0
159	238049.0
160	114979.0
161	114979.0
162	114979.0
163	114979.0
164	114979.0
165	334081.0
166	334081.0
167	334081.0
168	334081.0
169	334081.0
170	245271.0
171	245271.0
172	245271.0
173	245271.0
174	245271.0
175	42306.0
176	42306.0
177	42306.0
178	42306.0
179	42306.0
180	192452.0
181	192452.0
182	192452.0
183	192452.0
184	192452.0
185	335671.0
186	335671.0
187	335671.0
188	335671.0
189	335671.0
190	303551.0
191	303551.0
192	303551.0
193	303551.0
194	303551.0
195	40614.0
196	40614.0
197	40614.0
198	40614.0
199	40614.0
200	16860.0
201	16860.0
202	16860.0
203	16860.0
204	16860.0
205	190271.0
206	190271.0
207	190271.0
208	190271.0
209	190271.0
210	372388.0
211	372388.0
212	372388.0
213	372388.0
214	372388.0
215	195032.0
216	195032.0
217	195032.0
218	195032.0
219	195032.0
220	162618.0
221	162618.0
222	162618.0
223	162618.0
224	162618.0
225	19664.0
226	19664.0
227	19664.0
228	19664.0
229	19664.0
230	40048.0
231	40048.0
232	40048.0
233	40048.0
234	40048.0
235	354862.0
236	354862.0
237	354862.0
238	354862.0
239	354862.0
240	201796.0
241	201796.0
242	201796.0
243	201796.0
244	201796.0
245	67559.0
246	67559.0
247	67559.0
248	67559.0
249	67559.0
