0	212675.0
1	212675.0
2	212675.0
3	212675.0
4	212675.0
5	147750.0
6	147750.0
7	147750.0
8	147750.0
9	147750.0
10	253637.0
11	253637.0
12	253637.0
13	253637.0
14	253637.0
15	232951.0
16	232951.0
17	232951.0
18	232951.0
19	232951.0
20	384383.0
21	384383.0
22	384383.0
23	384383.0
24	384383.0
25	300955.0
26	300955.0
27	300955.0
28	300955.0
29	300955.0
30	97133.0
31	97133.0
32	97133.0
33	97133.0
34	97133.0
35	253137.0
36	253137.0
37	253137.0
38	253137.0
39	253137.0
40	99201.0
41	99201.0
42	99201.0
43	99201.0
44	99201.0
45	229281.0
46	229281.0
47	229281.0
48	229281.0
49	229281.0
50	443908.0
51	443908.0
52	443908.0
53	443908.0
54	443908.0
55	347668.0
56	347668.0
57	347668.0
58	347668.0
59	347668.0
60	302962.0
61	302962.0
62	302962.0
63	302962.0
64	302962.0
65	363329.0
66	363329.0
67	363329.0
68	363329.0
69	363329.0
70	25946.0
71	25946.0
72	25946.0
73	25946.0
74	25946.0
75	54322.0
76	54322.0
77	54322.0
78	54322.0
79	54322.0
80	372126.0
81	372126.0
82	372126.0
83	372126.0
84	372126.0
85	139032.0
86	139032.0
87	139032.0
88	139032.0
89	139032.0
90	232007.0
91	232007.0
92	232007.0
93	232007.0
94	232007.0
95	362899.0
96	362899.0
97	362899.0
98	362899.0
99	362899.0
100	211828.0
101	211828.0
102	211828.0
103	211828.0
104	211828.0
105	181194.0
106	181194.0
107	181194.0
108	181194.0
109	181194.0
110	225917.0
111	225917.0
112	225917.0
113	225917.0
114	225917.0
115	277640.0
116	277640.0
117	277640.0
118	277640.0
119	277640.0
120	266484.0
121	266484.0
122	266484.0
123	266484.0
124	266484.0
125	388010.0
126	388010.0
127	388010.0
128	388010.0
129	388010.0
130	76658.0
131	76658.0
132	76658.0
133	76658.0
134	76658.0
135	279755.0
136	279755.0
137	279755.0
138	279755.0
139	279755.0
140	219924.0
141	219924.0
142	219924.0
143	219924.0
144	219924.0
145	406164.0
146	406164.0
147	406164.0
148	406164.0
149	406164.0
150	352858.0
151	352858.0
152	352858.0
153	352858.0
154	352858.0
155	38923.0
156	38923.0
157	38923.0
158	38923.0
159	38923.0
160	102309.0
161	102309.0
162	102309.0
163	102309.0
164	102309.0
165	325263.0
166	325263.0
167	325263.0
168	325263.0
169	325263.0
170	290575.0
171	290575.0
172	290575.0
173	290575.0
174	290575.0
175	375455.0
176	375455.0
177	375455.0
178	375455.0
179	375455.0
180	405636.0
181	405636.0
182	405636.0
183	405636.0
184	405636.0
185	59189.0
186	59189.0
187	59189.0
188	59189.0
189	59189.0
190	183468.0
191	183468.0
192	183468.0
193	183468.0
194	183468.0
195	425286.0
196	425286.0
197	425286.0
198	425286.0
199	425286.0
200	80277.0
201	80277.0
202	80277.0
203	80277.0
204	80277.0
205	9861.0
206	9861.0
207	9861.0
208	9861.0
209	9861.0
210	257160.0
211	257160.0
212	257160.0
213	257160.0
214	257160.0
215	264630.0
216	264630.0
217	264630.0
218	264630.0
219	264630.0
220	100210.0
221	100210.0
222	100210.0
223	100210.0
224	100210.0
225	95502.0
226	95502.0
227	95502.0
228	95502.0
229	95502.0
230	310435.0
231	310435.0
232	310435.0
233	310435.0
234	310435.0
235	407787.0
236	407787.0
237	407787.0
238	407787.0
239	407787.0
240	34932.0
241	34932.0
242	34932.0
243	34932.0
244	34932.0
245	285835.0
246	285835.0
247	285835.0
248	285835.0
249	285835.0
