0	104721.0
1	104721.0
2	104721.0
3	104721.0
4	104721.0
5	259346.0
6	259346.0
7	259346.0
8	259346.0
9	259346.0
10	441206.0
11	441206.0
12	441206.0
13	441206.0
14	441206.0
15	449288.0
16	449288.0
17	449288.0
18	449288.0
19	449288.0
20	158926.0
21	158926.0
22	158926.0
23	158926.0
24	158926.0
25	213481.0
26	213481.0
27	213481.0
28	213481.0
29	213481.0
30	316608.0
31	316608.0
32	316608.0
33	316608.0
34	316608.0
35	252593.0
36	252593.0
37	252593.0
38	252593.0
39	252593.0
40	40328.0
41	40328.0
42	40328.0
43	40328.0
44	40328.0
45	408738.0
46	408738.0
47	408738.0
48	408738.0
49	408738.0
50	318168.0
51	318168.0
52	318168.0
53	318168.0
54	318168.0
55	154322.0
56	154322.0
57	154322.0
58	154322.0
59	154322.0
60	19744.0
61	19744.0
62	19744.0
63	19744.0
64	19744.0
65	256356.0
66	256356.0
67	256356.0
68	256356.0
69	256356.0
70	245324.0
71	245324.0
72	245324.0
73	245324.0
74	245324.0
75	196427.0
76	196427.0
77	196427.0
78	196427.0
79	196427.0
80	301521.0
81	301521.0
82	301521.0
83	301521.0
84	301521.0
85	145404.0
86	145404.0
87	145404.0
88	145404.0
89	145404.0
90	56613.0
91	56613.0
92	56613.0
93	56613.0
94	56613.0
95	38651.0
96	38651.0
97	38651.0
98	38651.0
99	38651.0
100	126130.0
101	126130.0
102	126130.0
103	126130.0
104	126130.0
105	26476.0
106	26476.0
107	26476.0
108	26476.0
109	26476.0
110	198031.0
111	198031.0
112	198031.0
113	198031.0
114	198031.0
115	3725.0
116	3725.0
117	3725.0
118	3725.0
119	3725.0
120	329679.0
121	329679.0
122	329679.0
123	329679.0
124	329679.0
125	48690.0
126	48690.0
127	48690.0
128	48690.0
129	48690.0
130	248828.0
131	248828.0
132	248828.0
133	248828.0
134	248828.0
135	409381.0
136	409381.0
137	409381.0
138	409381.0
139	409381.0
140	52740.0
141	52740.0
142	52740.0
143	52740.0
144	52740.0
145	321170.0
146	321170.0
147	321170.0
148	321170.0
149	321170.0
150	413502.0
151	413502.0
152	413502.0
153	413502.0
154	413502.0
155	185955.0
156	185955.0
157	185955.0
158	185955.0
159	185955.0
160	266292.0
161	266292.0
162	266292.0
163	266292.0
164	266292.0
165	206805.0
166	206805.0
167	206805.0
168	206805.0
169	206805.0
170	303753.0
171	303753.0
172	303753.0
173	303753.0
174	303753.0
175	379024.0
176	379024.0
177	379024.0
178	379024.0
179	379024.0
180	388771.0
181	388771.0
182	388771.0
183	388771.0
184	388771.0
185	315249.0
186	315249.0
187	315249.0
188	315249.0
189	315249.0
190	304727.0
191	304727.0
192	304727.0
193	304727.0
194	304727.0
195	63263.0
196	63263.0
197	63263.0
198	63263.0
199	63263.0
200	438032.0
201	438032.0
202	438032.0
203	438032.0
204	438032.0
205	284269.0
206	284269.0
207	284269.0
208	284269.0
209	284269.0
210	3616.0
211	3616.0
212	3616.0
213	3616.0
214	3616.0
215	276104.0
216	276104.0
217	276104.0
218	276104.0
219	276104.0
220	271382.0
221	271382.0
222	271382.0
223	271382.0
224	271382.0
225	357272.0
226	357272.0
227	357272.0
228	357272.0
229	357272.0
230	232855.0
231	232855.0
232	232855.0
233	232855.0
234	232855.0
235	110969.0
236	110969.0
237	110969.0
238	110969.0
239	110969.0
240	80669.0
241	80669.0
242	80669.0
243	80669.0
244	80669.0
245	333987.0
246	333987.0
247	333987.0
248	333987.0
249	333987.0
