0	182739.0
1	182739.0
2	182739.0
3	182739.0
4	182739.0
5	438205.0
6	438205.0
7	438205.0
8	438205.0
9	438205.0
10	20438.0
11	20438.0
12	20438.0
13	20438.0
14	20438.0
15	48535.0
16	48535.0
17	48535.0
18	48535.0
19	48535.0
20	44413.0
21	44413.0
22	44413.0
23	44413.0
24	44413.0
25	30406.0
26	30406.0
27	30406.0
28	30406.0
29	30406.0
30	27034.0
31	27034.0
32	27034.0
33	27034.0
34	27034.0
35	367559.0
36	367559.0
37	367559.0
38	367559.0
39	367559.0
40	152521.0
41	152521.0
42	152521.0
43	152521.0
44	152521.0
45	131464.0
46	131464.0
47	131464.0
48	131464.0
49	131464.0
50	128216.0
51	128216.0
52	128216.0
53	128216.0
54	128216.0
55	137961.0
56	137961.0
57	137961.0
58	137961.0
59	137961.0
60	111921.0
61	111921.0
62	111921.0
63	111921.0
64	111921.0
65	10700.0
66	10700.0
67	10700.0
68	10700.0
69	10700.0
70	437381.0
71	437381.0
72	437381.0
73	437381.0
74	437381.0
75	369.0
76	369.0
77	369.0
78	369.0
79	369.0
80	381617.0
81	381617.0
82	381617.0
83	381617.0
84	381617.0
85	320873.0
86	320873.0
87	320873.0
88	320873.0
89	320873.0
90	339501.0
91	339501.0
92	339501.0
93	339501.0
94	339501.0
95	340271.0
96	340271.0
97	340271.0
98	340271.0
99	340271.0
100	305800.0
101	305800.0
102	305800.0
103	305800.0
104	305800.0
105	67535.0
106	67535.0
107	67535.0
108	67535.0
109	67535.0
110	209849.0
111	209849.0
112	209849.0
113	209849.0
114	209849.0
115	407716.0
116	407716.0
117	407716.0
118	407716.0
119	407716.0
120	430779.0
121	430779.0
122	430779.0
123	430779.0
124	430779.0
125	139549.0
126	139549.0
127	139549.0
128	139549.0
129	139549.0
130	115027.0
131	115027.0
132	115027.0
133	115027.0
134	115027.0
135	164500.0
136	164500.0
137	164500.0
138	164500.0
139	164500.0
140	198914.0
141	198914.0
142	198914.0
143	198914.0
144	198914.0
145	184698.0
146	184698.0
147	184698.0
148	184698.0
149	184698.0
150	124482.0
151	124482.0
152	124482.0
153	124482.0
154	124482.0
155	439713.0
156	439713.0
157	439713.0
158	439713.0
159	439713.0
160	398241.0
161	398241.0
162	398241.0
163	398241.0
164	398241.0
165	312201.0
166	312201.0
167	312201.0
168	312201.0
169	312201.0
170	227497.0
171	227497.0
172	227497.0
173	227497.0
174	227497.0
175	228936.0
176	228936.0
177	228936.0
178	228936.0
179	228936.0
180	358056.0
181	358056.0
182	358056.0
183	358056.0
184	358056.0
185	313198.0
186	313198.0
187	313198.0
188	313198.0
189	313198.0
190	230064.0
191	230064.0
192	230064.0
193	230064.0
194	230064.0
195	157625.0
196	157625.0
197	157625.0
198	157625.0
199	157625.0
200	51062.0
201	51062.0
202	51062.0
203	51062.0
204	51062.0
205	40938.0
206	40938.0
207	40938.0
208	40938.0
209	40938.0
210	361893.0
211	361893.0
212	361893.0
213	361893.0
214	361893.0
215	100975.0
216	100975.0
217	100975.0
218	100975.0
219	100975.0
220	19546.0
221	19546.0
222	19546.0
223	19546.0
224	19546.0
225	394274.0
226	394274.0
227	394274.0
228	394274.0
229	394274.0
230	251327.0
231	251327.0
232	251327.0
233	251327.0
234	251327.0
235	244276.0
236	244276.0
237	244276.0
238	244276.0
239	244276.0
240	214673.0
241	214673.0
242	214673.0
243	214673.0
244	214673.0
245	213615.0
246	213615.0
247	213615.0
248	213615.0
249	213615.0
