0	191634.0
1	191634.0
2	191634.0
3	191634.0
4	191634.0
5	90871.0
6	90871.0
7	90871.0
8	90871.0
9	90871.0
10	293435.0
11	293435.0
12	293435.0
13	293435.0
14	293435.0
15	213667.0
16	213667.0
17	213667.0
18	213667.0
19	213667.0
20	305977.0
21	305977.0
22	305977.0
23	305977.0
24	305977.0
25	220746.0
26	220746.0
27	220746.0
28	220746.0
29	220746.0
30	227702.0
31	227702.0
32	227702.0
33	227702.0
34	227702.0
35	271238.0
36	271238.0
37	271238.0
38	271238.0
39	271238.0
40	337405.0
41	337405.0
42	337405.0
43	337405.0
44	337405.0
45	31276.0
46	31276.0
47	31276.0
48	31276.0
49	31276.0
50	158027.0
51	158027.0
52	158027.0
53	158027.0
54	158027.0
55	139443.0
56	139443.0
57	139443.0
58	139443.0
59	139443.0
60	281685.0
61	281685.0
62	281685.0
63	281685.0
64	281685.0
65	249345.0
66	249345.0
67	249345.0
68	249345.0
69	249345.0
70	167335.0
71	167335.0
72	167335.0
73	167335.0
74	167335.0
75	178517.0
76	178517.0
77	178517.0
78	178517.0
79	178517.0
80	129666.0
81	129666.0
82	129666.0
83	129666.0
84	129666.0
85	48518.0
86	48518.0
87	48518.0
88	48518.0
89	48518.0
90	111761.0
91	111761.0
92	111761.0
93	111761.0
94	111761.0
95	286078.0
96	286078.0
97	286078.0
98	286078.0
99	286078.0
100	253348.0
101	253348.0
102	253348.0
103	253348.0
104	253348.0
105	37351.0
106	37351.0
107	37351.0
108	37351.0
109	37351.0
110	91903.0
111	91903.0
112	91903.0
113	91903.0
114	91903.0
115	349673.0
116	349673.0
117	349673.0
118	349673.0
119	349673.0
120	164679.0
121	164679.0
122	164679.0
123	164679.0
124	164679.0
125	82894.0
126	82894.0
127	82894.0
128	82894.0
129	82894.0
130	355595.0
131	355595.0
132	355595.0
133	355595.0
134	355595.0
135	317068.0
136	317068.0
137	317068.0
138	317068.0
139	317068.0
140	290165.0
141	290165.0
142	290165.0
143	290165.0
144	290165.0
145	228866.0
146	228866.0
147	228866.0
148	228866.0
149	228866.0
150	316902.0
151	316902.0
152	316902.0
153	316902.0
154	316902.0
155	138180.0
156	138180.0
157	138180.0
158	138180.0
159	138180.0
160	50769.0
161	50769.0
162	50769.0
163	50769.0
164	50769.0
165	313687.0
166	313687.0
167	313687.0
168	313687.0
169	313687.0
170	74952.0
171	74952.0
172	74952.0
173	74952.0
174	74952.0
175	66336.0
176	66336.0
177	66336.0
178	66336.0
179	66336.0
180	102261.0
181	102261.0
182	102261.0
183	102261.0
184	102261.0
185	220530.0
186	220530.0
187	220530.0
188	220530.0
189	220530.0
190	296239.0
191	296239.0
192	296239.0
193	296239.0
194	296239.0
195	110984.0
196	110984.0
197	110984.0
198	110984.0
199	110984.0
200	274939.0
201	274939.0
202	274939.0
203	274939.0
204	274939.0
205	267357.0
206	267357.0
207	267357.0
208	267357.0
209	267357.0
210	8866.0
211	8866.0
212	8866.0
213	8866.0
214	8866.0
215	91082.0
216	91082.0
217	91082.0
218	91082.0
219	91082.0
220	343593.0
221	343593.0
222	343593.0
223	343593.0
224	343593.0
225	310607.0
226	310607.0
227	310607.0
228	310607.0
229	310607.0
230	135085.0
231	135085.0
232	135085.0
233	135085.0
234	135085.0
235	125358.0
236	125358.0
237	125358.0
238	125358.0
239	125358.0
240	244392.0
241	244392.0
242	244392.0
243	244392.0
244	244392.0
245	315224.0
246	315224.0
247	315224.0
248	315224.0
249	315224.0
