0	310144.0
1	310144.0
2	310144.0
3	310144.0
4	310144.0
5	93121.0
6	93121.0
7	93121.0
8	93121.0
9	93121.0
10	123176.0
11	123176.0
12	123176.0
13	123176.0
14	123176.0
15	116176.0
16	116176.0
17	116176.0
18	116176.0
19	116176.0
20	184695.0
21	184695.0
22	184695.0
23	184695.0
24	184695.0
25	281863.0
26	281863.0
27	281863.0
28	281863.0
29	281863.0
30	286758.0
31	286758.0
32	286758.0
33	286758.0
34	286758.0
35	222602.0
36	222602.0
37	222602.0
38	222602.0
39	222602.0
40	141916.0
41	141916.0
42	141916.0
43	141916.0
44	141916.0
45	55386.0
46	55386.0
47	55386.0
48	55386.0
49	55386.0
50	289417.0
51	289417.0
52	289417.0
53	289417.0
54	289417.0
55	262853.0
56	262853.0
57	262853.0
58	262853.0
59	262853.0
60	328692.0
61	328692.0
62	328692.0
63	328692.0
64	328692.0
65	155939.0
66	155939.0
67	155939.0
68	155939.0
69	155939.0
70	245376.0
71	245376.0
72	245376.0
73	245376.0
74	245376.0
75	73508.0
76	73508.0
77	73508.0
78	73508.0
79	73508.0
80	164622.0
81	164622.0
82	164622.0
83	164622.0
84	164622.0
85	99851.0
86	99851.0
87	99851.0
88	99851.0
89	99851.0
90	242530.0
91	242530.0
92	242530.0
93	242530.0
94	242530.0
95	82442.0
96	82442.0
97	82442.0
98	82442.0
99	82442.0
100	339774.0
101	339774.0
102	339774.0
103	339774.0
104	339774.0
105	123173.0
106	123173.0
107	123173.0
108	123173.0
109	123173.0
110	222885.0
111	222885.0
112	222885.0
113	222885.0
114	222885.0
115	12955.0
116	12955.0
117	12955.0
118	12955.0
119	12955.0
120	208265.0
121	208265.0
122	208265.0
123	208265.0
124	208265.0
125	192348.0
126	192348.0
127	192348.0
128	192348.0
129	192348.0
130	69279.0
131	69279.0
132	69279.0
133	69279.0
134	69279.0
135	234440.0
136	234440.0
137	234440.0
138	234440.0
139	234440.0
140	239853.0
141	239853.0
142	239853.0
143	239853.0
144	239853.0
145	280364.0
146	280364.0
147	280364.0
148	280364.0
149	280364.0
150	210767.0
151	210767.0
152	210767.0
153	210767.0
154	210767.0
155	286299.0
156	286299.0
157	286299.0
158	286299.0
159	286299.0
160	296878.0
161	296878.0
162	296878.0
163	296878.0
164	296878.0
165	246002.0
166	246002.0
167	246002.0
168	246002.0
169	246002.0
170	80731.0
171	80731.0
172	80731.0
173	80731.0
174	80731.0
175	14436.0
176	14436.0
177	14436.0
178	14436.0
179	14436.0
180	80161.0
181	80161.0
182	80161.0
183	80161.0
184	80161.0
185	310605.0
186	310605.0
187	310605.0
188	310605.0
189	310605.0
190	115187.0
191	115187.0
192	115187.0
193	115187.0
194	115187.0
195	264072.0
196	264072.0
197	264072.0
198	264072.0
199	264072.0
200	268186.0
201	268186.0
202	268186.0
203	268186.0
204	268186.0
205	133587.0
206	133587.0
207	133587.0
208	133587.0
209	133587.0
210	350413.0
211	350413.0
212	350413.0
213	350413.0
214	350413.0
215	23570.0
216	23570.0
217	23570.0
218	23570.0
219	23570.0
220	321302.0
221	321302.0
222	321302.0
223	321302.0
224	321302.0
225	43836.0
226	43836.0
227	43836.0
228	43836.0
229	43836.0
230	185929.0
231	185929.0
232	185929.0
233	185929.0
234	185929.0
235	133709.0
236	133709.0
237	133709.0
238	133709.0
239	133709.0
240	332489.0
241	332489.0
242	332489.0
243	332489.0
244	332489.0
245	156003.0
246	156003.0
247	156003.0
248	156003.0
249	156003.0
