0	352867.0
1	352867.0
2	352867.0
3	352867.0
4	352867.0
5	337034.0
6	337034.0
7	337034.0
8	337034.0
9	337034.0
10	320992.0
11	320992.0
12	320992.0
13	320992.0
14	320992.0
15	235580.0
16	235580.0
17	235580.0
18	235580.0
19	235580.0
20	10159.0
21	10159.0
22	10159.0
23	10159.0
24	10159.0
25	185391.0
26	185391.0
27	185391.0
28	185391.0
29	185391.0
30	364291.0
31	364291.0
32	364291.0
33	364291.0
34	364291.0
35	142964.0
36	142964.0
37	142964.0
38	142964.0
39	142964.0
40	12366.0
41	12366.0
42	12366.0
43	12366.0
44	12366.0
45	215670.0
46	215670.0
47	215670.0
48	215670.0
49	215670.0
50	251046.0
51	251046.0
52	251046.0
53	251046.0
54	251046.0
55	252992.0
56	252992.0
57	252992.0
58	252992.0
59	252992.0
60	262845.0
61	262845.0
62	262845.0
63	262845.0
64	262845.0
65	239186.0
66	239186.0
67	239186.0
68	239186.0
69	239186.0
70	179828.0
71	179828.0
72	179828.0
73	179828.0
74	179828.0
75	193599.0
76	193599.0
77	193599.0
78	193599.0
79	193599.0
80	247516.0
81	247516.0
82	247516.0
83	247516.0
84	247516.0
85	319896.0
86	319896.0
87	319896.0
88	319896.0
89	319896.0
90	274127.0
91	274127.0
92	274127.0
93	274127.0
94	274127.0
95	139918.0
96	139918.0
97	139918.0
98	139918.0
99	139918.0
100	336532.0
101	336532.0
102	336532.0
103	336532.0
104	336532.0
105	242884.0
106	242884.0
107	242884.0
108	242884.0
109	242884.0
110	36459.0
111	36459.0
112	36459.0
113	36459.0
114	36459.0
115	101521.0
116	101521.0
117	101521.0
118	101521.0
119	101521.0
120	121997.0
121	121997.0
122	121997.0
123	121997.0
124	121997.0
125	194766.0
126	194766.0
127	194766.0
128	194766.0
129	194766.0
130	192205.0
131	192205.0
132	192205.0
133	192205.0
134	192205.0
135	205908.0
136	205908.0
137	205908.0
138	205908.0
139	205908.0
140	356925.0
141	356925.0
142	356925.0
143	356925.0
144	356925.0
145	198209.0
146	198209.0
147	198209.0
148	198209.0
149	198209.0
150	305253.0
151	305253.0
152	305253.0
153	305253.0
154	305253.0
155	166264.0
156	166264.0
157	166264.0
158	166264.0
159	166264.0
160	106419.0
161	106419.0
162	106419.0
163	106419.0
164	106419.0
165	137986.0
166	137986.0
167	137986.0
168	137986.0
169	137986.0
170	176781.0
171	176781.0
172	176781.0
173	176781.0
174	176781.0
175	178200.0
176	178200.0
177	178200.0
178	178200.0
179	178200.0
180	218235.0
181	218235.0
182	218235.0
183	218235.0
184	218235.0
185	173666.0
186	173666.0
187	173666.0
188	173666.0
189	173666.0
190	203906.0
191	203906.0
192	203906.0
193	203906.0
194	203906.0
195	96823.0
196	96823.0
197	96823.0
198	96823.0
199	96823.0
200	283570.0
201	283570.0
202	283570.0
203	283570.0
204	283570.0
205	142538.0
206	142538.0
207	142538.0
208	142538.0
209	142538.0
210	243788.0
211	243788.0
212	243788.0
213	243788.0
214	243788.0
215	194565.0
216	194565.0
217	194565.0
218	194565.0
219	194565.0
220	321917.0
221	321917.0
222	321917.0
223	321917.0
224	321917.0
225	31829.0
226	31829.0
227	31829.0
228	31829.0
229	31829.0
230	96738.0
231	96738.0
232	96738.0
233	96738.0
234	96738.0
235	352724.0
236	352724.0
237	352724.0
238	352724.0
239	352724.0
240	275785.0
241	275785.0
242	275785.0
243	275785.0
244	275785.0
245	150126.0
246	150126.0
247	150126.0
248	150126.0
249	150126.0
