0	321936.0
1	321936.0
2	321936.0
3	321936.0
4	321936.0
5	21888.0
6	21888.0
7	21888.0
8	21888.0
9	21888.0
10	283587.0
11	283587.0
12	283587.0
13	283587.0
14	283587.0
15	45997.0
16	45997.0
17	45997.0
18	45997.0
19	45997.0
20	110300.0
21	110300.0
22	110300.0
23	110300.0
24	110300.0
25	263931.0
26	263931.0
27	263931.0
28	263931.0
29	263931.0
30	61737.0
31	61737.0
32	61737.0
33	61737.0
34	61737.0
35	196381.0
36	196381.0
37	196381.0
38	196381.0
39	196381.0
40	248070.0
41	248070.0
42	248070.0
43	248070.0
44	248070.0
45	79173.0
46	79173.0
47	79173.0
48	79173.0
49	79173.0
50	71831.0
51	71831.0
52	71831.0
53	71831.0
54	71831.0
55	31603.0
56	31603.0
57	31603.0
58	31603.0
59	31603.0
60	69038.0
61	69038.0
62	69038.0
63	69038.0
64	69038.0
65	277345.0
66	277345.0
67	277345.0
68	277345.0
69	277345.0
70	234047.0
71	234047.0
72	234047.0
73	234047.0
74	234047.0
75	81158.0
76	81158.0
77	81158.0
78	81158.0
79	81158.0
80	247947.0
81	247947.0
82	247947.0
83	247947.0
84	247947.0
85	183015.0
86	183015.0
87	183015.0
88	183015.0
89	183015.0
90	91506.0
91	91506.0
92	91506.0
93	91506.0
94	91506.0
95	194372.0
96	194372.0
97	194372.0
98	194372.0
99	194372.0
100	168590.0
101	168590.0
102	168590.0
103	168590.0
104	168590.0
105	256690.0
106	256690.0
107	256690.0
108	256690.0
109	256690.0
110	169592.0
111	169592.0
112	169592.0
113	169592.0
114	169592.0
115	363742.0
116	363742.0
117	363742.0
118	363742.0
119	363742.0
120	238392.0
121	238392.0
122	238392.0
123	238392.0
124	238392.0
125	128745.0
126	128745.0
127	128745.0
128	128745.0
129	128745.0
130	206081.0
131	206081.0
132	206081.0
133	206081.0
134	206081.0
135	11696.0
136	11696.0
137	11696.0
138	11696.0
139	11696.0
140	168819.0
141	168819.0
142	168819.0
143	168819.0
144	168819.0
145	282458.0
146	282458.0
147	282458.0
148	282458.0
149	282458.0
150	162324.0
151	162324.0
152	162324.0
153	162324.0
154	162324.0
155	319412.0
156	319412.0
157	319412.0
158	319412.0
159	319412.0
160	124869.0
161	124869.0
162	124869.0
163	124869.0
164	124869.0
165	104645.0
166	104645.0
167	104645.0
168	104645.0
169	104645.0
170	293605.0
171	293605.0
172	293605.0
173	293605.0
174	293605.0
175	313508.0
176	313508.0
177	313508.0
178	313508.0
179	313508.0
180	251131.0
181	251131.0
182	251131.0
183	251131.0
184	251131.0
185	96295.0
186	96295.0
187	96295.0
188	96295.0
189	96295.0
190	65723.0
191	65723.0
192	65723.0
193	65723.0
194	65723.0
195	197523.0
196	197523.0
197	197523.0
198	197523.0
199	197523.0
200	216954.0
201	216954.0
202	216954.0
203	216954.0
204	216954.0
205	115332.0
206	115332.0
207	115332.0
208	115332.0
209	115332.0
210	215486.0
211	215486.0
212	215486.0
213	215486.0
214	215486.0
215	106076.0
216	106076.0
217	106076.0
218	106076.0
219	106076.0
220	74131.0
221	74131.0
222	74131.0
223	74131.0
224	74131.0
225	51221.0
226	51221.0
227	51221.0
228	51221.0
229	51221.0
230	71733.0
231	71733.0
232	71733.0
233	71733.0
234	71733.0
235	324398.0
236	324398.0
237	324398.0
238	324398.0
239	324398.0
240	105109.0
241	105109.0
242	105109.0
243	105109.0
244	105109.0
245	111906.0
246	111906.0
247	111906.0
248	111906.0
249	111906.0
