0	256359.0
1	256359.0
2	256359.0
3	256359.0
4	256359.0
5	56959.0
6	56959.0
7	56959.0
8	56959.0
9	56959.0
10	198702.0
11	198702.0
12	198702.0
13	198702.0
14	198702.0
15	71056.0
16	71056.0
17	71056.0
18	71056.0
19	71056.0
20	92272.0
21	92272.0
22	92272.0
23	92272.0
24	92272.0
25	216456.0
26	216456.0
27	216456.0
28	216456.0
29	216456.0
30	51497.0
31	51497.0
32	51497.0
33	51497.0
34	51497.0
35	2299.0
36	2299.0
37	2299.0
38	2299.0
39	2299.0
40	234727.0
41	234727.0
42	234727.0
43	234727.0
44	234727.0
45	47967.0
46	47967.0
47	47967.0
48	47967.0
49	47967.0
50	3652.0
51	3652.0
52	3652.0
53	3652.0
54	3652.0
55	246999.0
56	246999.0
57	246999.0
58	246999.0
59	246999.0
60	26590.0
61	26590.0
62	26590.0
63	26590.0
64	26590.0
65	155863.0
66	155863.0
67	155863.0
68	155863.0
69	155863.0
70	3716.0
71	3716.0
72	3716.0
73	3716.0
74	3716.0
75	224843.0
76	224843.0
77	224843.0
78	224843.0
79	224843.0
80	244545.0
81	244545.0
82	244545.0
83	244545.0
84	244545.0
85	163455.0
86	163455.0
87	163455.0
88	163455.0
89	163455.0
90	285795.0
91	285795.0
92	285795.0
93	285795.0
94	285795.0
95	114308.0
96	114308.0
97	114308.0
98	114308.0
99	114308.0
100	224541.0
101	224541.0
102	224541.0
103	224541.0
104	224541.0
105	34035.0
106	34035.0
107	34035.0
108	34035.0
109	34035.0
110	9985.0
111	9985.0
112	9985.0
113	9985.0
114	9985.0
115	262835.0
116	262835.0
117	262835.0
118	262835.0
119	262835.0
120	251948.0
121	251948.0
122	251948.0
123	251948.0
124	251948.0
125	223524.0
126	223524.0
127	223524.0
128	223524.0
129	223524.0
130	53824.0
131	53824.0
132	53824.0
133	53824.0
134	53824.0
135	30107.0
136	30107.0
137	30107.0
138	30107.0
139	30107.0
140	289426.0
141	289426.0
142	289426.0
143	289426.0
144	289426.0
145	69594.0
146	69594.0
147	69594.0
148	69594.0
149	69594.0
150	268582.0
151	268582.0
152	268582.0
153	268582.0
154	268582.0
155	15858.0
156	15858.0
157	15858.0
158	15858.0
159	15858.0
160	40999.0
161	40999.0
162	40999.0
163	40999.0
164	40999.0
165	261129.0
166	261129.0
167	261129.0
168	261129.0
169	261129.0
170	275037.0
171	275037.0
172	275037.0
173	275037.0
174	275037.0
175	48043.0
176	48043.0
177	48043.0
178	48043.0
179	48043.0
180	157567.0
181	157567.0
182	157567.0
183	157567.0
184	157567.0
185	223510.0
186	223510.0
187	223510.0
188	223510.0
189	223510.0
190	282772.0
191	282772.0
192	282772.0
193	282772.0
194	282772.0
195	46668.0
196	46668.0
197	46668.0
198	46668.0
199	46668.0
200	17160.0
201	17160.0
202	17160.0
203	17160.0
204	17160.0
205	25702.0
206	25702.0
207	25702.0
208	25702.0
209	25702.0
210	7381.0
211	7381.0
212	7381.0
213	7381.0
214	7381.0
215	90220.0
216	90220.0
217	90220.0
218	90220.0
219	90220.0
220	249105.0
221	249105.0
222	249105.0
223	249105.0
224	249105.0
225	156889.0
226	156889.0
227	156889.0
228	156889.0
229	156889.0
230	254819.0
231	254819.0
232	254819.0
233	254819.0
234	254819.0
235	113499.0
236	113499.0
237	113499.0
238	113499.0
239	113499.0
240	132374.0
241	132374.0
242	132374.0
243	132374.0
244	132374.0
245	154196.0
246	154196.0
247	154196.0
248	154196.0
249	154196.0
