0	582078.0
1	582078.0
2	582078.0
3	582078.0
4	582078.0
5	46180.0
6	46180.0
7	46180.0
8	46180.0
9	46180.0
10	106644.0
11	106644.0
12	106644.0
13	106644.0
14	106644.0
15	315567.0
16	315567.0
17	315567.0
18	315567.0
19	315567.0
20	600860.0
21	600860.0
22	600860.0
23	600860.0
24	600860.0
25	552507.0
26	552507.0
27	552507.0
28	552507.0
29	552507.0
30	452431.0
31	452431.0
32	452431.0
33	452431.0
34	452431.0
35	9782.0
36	9782.0
37	9782.0
38	9782.0
39	9782.0
40	562532.0
41	562532.0
42	562532.0
43	562532.0
44	562532.0
45	431528.0
46	431528.0
47	431528.0
48	431528.0
49	431528.0
50	28772.0
51	28772.0
52	28772.0
53	28772.0
54	28772.0
55	68742.0
56	68742.0
57	68742.0
58	68742.0
59	68742.0
60	1550.0
61	1550.0
62	1550.0
63	1550.0
64	1550.0
65	373535.0
66	373535.0
67	373535.0
68	373535.0
69	373535.0
70	456862.0
71	456862.0
72	456862.0
73	456862.0
74	456862.0
75	431325.0
76	431325.0
77	431325.0
78	431325.0
79	431325.0
80	624309.0
81	624309.0
82	624309.0
83	624309.0
84	624309.0
85	289718.0
86	289718.0
87	289718.0
88	289718.0
89	289718.0
90	347991.0
91	347991.0
92	347991.0
93	347991.0
94	347991.0
95	139417.0
96	139417.0
97	139417.0
98	139417.0
99	139417.0
100	501001.0
101	501001.0
102	501001.0
103	501001.0
104	501001.0
105	323069.0
106	323069.0
107	323069.0
108	323069.0
109	323069.0
110	180909.0
111	180909.0
112	180909.0
113	180909.0
114	180909.0
115	67964.0
116	67964.0
117	67964.0
118	67964.0
119	67964.0
120	306324.0
121	306324.0
122	306324.0
123	306324.0
124	306324.0
125	549864.0
126	549864.0
127	549864.0
128	549864.0
129	549864.0
130	187374.0
131	187374.0
132	187374.0
133	187374.0
134	187374.0
135	380598.0
136	380598.0
137	380598.0
138	380598.0
139	380598.0
140	162020.0
141	162020.0
142	162020.0
143	162020.0
144	162020.0
145	418342.0
146	418342.0
147	418342.0
148	418342.0
149	418342.0
150	305926.0
151	305926.0
152	305926.0
153	305926.0
154	305926.0
155	601947.0
156	601947.0
157	601947.0
158	601947.0
159	601947.0
160	311719.0
161	311719.0
162	311719.0
163	311719.0
164	311719.0
165	401444.0
166	401444.0
167	401444.0
168	401444.0
169	401444.0
170	475504.0
171	475504.0
172	475504.0
173	475504.0
174	475504.0
175	93527.0
176	93527.0
177	93527.0
178	93527.0
179	93527.0
180	365970.0
181	365970.0
182	365970.0
183	365970.0
184	365970.0
185	524689.0
186	524689.0
187	524689.0
188	524689.0
189	524689.0
190	559997.0
191	559997.0
192	559997.0
193	559997.0
194	559997.0
195	513387.0
196	513387.0
197	513387.0
198	513387.0
199	513387.0
200	126440.0
201	126440.0
202	126440.0
203	126440.0
204	126440.0
205	560527.0
206	560527.0
207	560527.0
208	560527.0
209	560527.0
210	480186.0
211	480186.0
212	480186.0
213	480186.0
214	480186.0
215	506219.0
216	506219.0
217	506219.0
218	506219.0
219	506219.0
220	583908.0
221	583908.0
222	583908.0
223	583908.0
224	583908.0
225	380938.0
226	380938.0
227	380938.0
228	380938.0
229	380938.0
230	259582.0
231	259582.0
232	259582.0
233	259582.0
234	259582.0
235	588139.0
236	588139.0
237	588139.0
238	588139.0
239	588139.0
240	208346.0
241	208346.0
242	208346.0
243	208346.0
244	208346.0
245	343320.0
246	343320.0
247	343320.0
248	343320.0
249	343320.0
