0	490592.0
1	490592.0
2	490592.0
3	490592.0
4	490592.0
5	311972.0
6	311972.0
7	311972.0
8	311972.0
9	311972.0
10	541787.0
11	541787.0
12	541787.0
13	541787.0
14	541787.0
15	126589.0
16	126589.0
17	126589.0
18	126589.0
19	126589.0
20	50538.0
21	50538.0
22	50538.0
23	50538.0
24	50538.0
25	182532.0
26	182532.0
27	182532.0
28	182532.0
29	182532.0
30	617498.0
31	617498.0
32	617498.0
33	617498.0
34	617498.0
35	276384.0
36	276384.0
37	276384.0
38	276384.0
39	276384.0
40	225974.0
41	225974.0
42	225974.0
43	225974.0
44	225974.0
45	58041.0
46	58041.0
47	58041.0
48	58041.0
49	58041.0
50	358355.0
51	358355.0
52	358355.0
53	358355.0
54	358355.0
55	365610.0
56	365610.0
57	365610.0
58	365610.0
59	365610.0
60	308415.0
61	308415.0
62	308415.0
63	308415.0
64	308415.0
65	137587.0
66	137587.0
67	137587.0
68	137587.0
69	137587.0
70	597826.0
71	597826.0
72	597826.0
73	597826.0
74	597826.0
75	244853.0
76	244853.0
77	244853.0
78	244853.0
79	244853.0
80	189051.0
81	189051.0
82	189051.0
83	189051.0
84	189051.0
85	181165.0
86	181165.0
87	181165.0
88	181165.0
89	181165.0
90	22879.0
91	22879.0
92	22879.0
93	22879.0
94	22879.0
95	219523.0
96	219523.0
97	219523.0
98	219523.0
99	219523.0
100	269976.0
101	269976.0
102	269976.0
103	269976.0
104	269976.0
105	199247.0
106	199247.0
107	199247.0
108	199247.0
109	199247.0
110	227133.0
111	227133.0
112	227133.0
113	227133.0
114	227133.0
115	12996.0
116	12996.0
117	12996.0
118	12996.0
119	12996.0
120	221045.0
121	221045.0
122	221045.0
123	221045.0
124	221045.0
125	428265.0
126	428265.0
127	428265.0
128	428265.0
129	428265.0
130	474333.0
131	474333.0
132	474333.0
133	474333.0
134	474333.0
135	387663.0
136	387663.0
137	387663.0
138	387663.0
139	387663.0
140	566808.0
141	566808.0
142	566808.0
143	566808.0
144	566808.0
145	483785.0
146	483785.0
147	483785.0
148	483785.0
149	483785.0
150	622358.0
151	622358.0
152	622358.0
153	622358.0
154	622358.0
155	151781.0
156	151781.0
157	151781.0
158	151781.0
159	151781.0
160	558507.0
161	558507.0
162	558507.0
163	558507.0
164	558507.0
165	507676.0
166	507676.0
167	507676.0
168	507676.0
169	507676.0
170	101754.0
171	101754.0
172	101754.0
173	101754.0
174	101754.0
175	209840.0
176	209840.0
177	209840.0
178	209840.0
179	209840.0
180	2852.0
181	2852.0
182	2852.0
183	2852.0
184	2852.0
185	210870.0
186	210870.0
187	210870.0
188	210870.0
189	210870.0
190	396011.0
191	396011.0
192	396011.0
193	396011.0
194	396011.0
195	193929.0
196	193929.0
197	193929.0
198	193929.0
199	193929.0
200	579817.0
201	579817.0
202	579817.0
203	579817.0
204	579817.0
205	344844.0
206	344844.0
207	344844.0
208	344844.0
209	344844.0
210	182919.0
211	182919.0
212	182919.0
213	182919.0
214	182919.0
215	127660.0
216	127660.0
217	127660.0
218	127660.0
219	127660.0
220	42688.0
221	42688.0
222	42688.0
223	42688.0
224	42688.0
225	286552.0
226	286552.0
227	286552.0
228	286552.0
229	286552.0
230	528638.0
231	528638.0
232	528638.0
233	528638.0
234	528638.0
235	136932.0
236	136932.0
237	136932.0
238	136932.0
239	136932.0
240	346190.0
241	346190.0
242	346190.0
243	346190.0
244	346190.0
245	194353.0
246	194353.0
247	194353.0
248	194353.0
249	194353.0
