0	314097.0
1	314097.0
2	314097.0
3	314097.0
4	314097.0
5	126274.0
6	126274.0
7	126274.0
8	126274.0
9	126274.0
10	50871.0
11	50871.0
12	50871.0
13	50871.0
14	50871.0
15	297417.0
16	297417.0
17	297417.0
18	297417.0
19	297417.0
20	618067.0
21	618067.0
22	618067.0
23	618067.0
24	618067.0
25	473932.0
26	473932.0
27	473932.0
28	473932.0
29	473932.0
30	614744.0
31	614744.0
32	614744.0
33	614744.0
34	614744.0
35	149252.0
36	149252.0
37	149252.0
38	149252.0
39	149252.0
40	48017.0
41	48017.0
42	48017.0
43	48017.0
44	48017.0
45	545527.0
46	545527.0
47	545527.0
48	545527.0
49	545527.0
50	263706.0
51	263706.0
52	263706.0
53	263706.0
54	263706.0
55	279729.0
56	279729.0
57	279729.0
58	279729.0
59	279729.0
60	240614.0
61	240614.0
62	240614.0
63	240614.0
64	240614.0
65	140577.0
66	140577.0
67	140577.0
68	140577.0
69	140577.0
70	232190.0
71	232190.0
72	232190.0
73	232190.0
74	232190.0
75	227058.0
76	227058.0
77	227058.0
78	227058.0
79	227058.0
80	602067.0
81	602067.0
82	602067.0
83	602067.0
84	602067.0
85	132357.0
86	132357.0
87	132357.0
88	132357.0
89	132357.0
90	58425.0
91	58425.0
92	58425.0
93	58425.0
94	58425.0
95	509961.0
96	509961.0
97	509961.0
98	509961.0
99	509961.0
100	311070.0
101	311070.0
102	311070.0
103	311070.0
104	311070.0
105	529815.0
106	529815.0
107	529815.0
108	529815.0
109	529815.0
110	13940.0
111	13940.0
112	13940.0
113	13940.0
114	13940.0
115	111680.0
116	111680.0
117	111680.0
118	111680.0
119	111680.0
120	351824.0
121	351824.0
122	351824.0
123	351824.0
124	351824.0
125	623380.0
126	623380.0
127	623380.0
128	623380.0
129	623380.0
130	16706.0
131	16706.0
132	16706.0
133	16706.0
134	16706.0
135	118703.0
136	118703.0
137	118703.0
138	118703.0
139	118703.0
140	8228.0
141	8228.0
142	8228.0
143	8228.0
144	8228.0
145	338727.0
146	338727.0
147	338727.0
148	338727.0
149	338727.0
150	9470.0
151	9470.0
152	9470.0
153	9470.0
154	9470.0
155	307133.0
156	307133.0
157	307133.0
158	307133.0
159	307133.0
160	230799.0
161	230799.0
162	230799.0
163	230799.0
164	230799.0
165	576331.0
166	576331.0
167	576331.0
168	576331.0
169	576331.0
170	81756.0
171	81756.0
172	81756.0
173	81756.0
174	81756.0
175	594966.0
176	594966.0
177	594966.0
178	594966.0
179	594966.0
180	425400.0
181	425400.0
182	425400.0
183	425400.0
184	425400.0
185	291416.0
186	291416.0
187	291416.0
188	291416.0
189	291416.0
190	121080.0
191	121080.0
192	121080.0
193	121080.0
194	121080.0
195	382749.0
196	382749.0
197	382749.0
198	382749.0
199	382749.0
200	395625.0
201	395625.0
202	395625.0
203	395625.0
204	395625.0
205	544185.0
206	544185.0
207	544185.0
208	544185.0
209	544185.0
210	240995.0
211	240995.0
212	240995.0
213	240995.0
214	240995.0
215	533488.0
216	533488.0
217	533488.0
218	533488.0
219	533488.0
220	571391.0
221	571391.0
222	571391.0
223	571391.0
224	571391.0
225	13580.0
226	13580.0
227	13580.0
228	13580.0
229	13580.0
230	595983.0
231	595983.0
232	595983.0
233	595983.0
234	595983.0
235	368004.0
236	368004.0
237	368004.0
238	368004.0
239	368004.0
240	61356.0
241	61356.0
242	61356.0
243	61356.0
244	61356.0
245	93385.0
246	93385.0
247	93385.0
248	93385.0
249	93385.0
