0	178931.0
1	178931.0
2	178931.0
3	178931.0
4	178931.0
5	530313.0
6	530313.0
7	530313.0
8	530313.0
9	530313.0
10	26441.0
11	26441.0
12	26441.0
13	26441.0
14	26441.0
15	43536.0
16	43536.0
17	43536.0
18	43536.0
19	43536.0
20	570729.0
21	570729.0
22	570729.0
23	570729.0
24	570729.0
25	403894.0
26	403894.0
27	403894.0
28	403894.0
29	403894.0
30	440129.0
31	440129.0
32	440129.0
33	440129.0
34	440129.0
35	120891.0
36	120891.0
37	120891.0
38	120891.0
39	120891.0
40	164066.0
41	164066.0
42	164066.0
43	164066.0
44	164066.0
45	2515.0
46	2515.0
47	2515.0
48	2515.0
49	2515.0
50	351698.0
51	351698.0
52	351698.0
53	351698.0
54	351698.0
55	65197.0
56	65197.0
57	65197.0
58	65197.0
59	65197.0
60	11377.0
61	11377.0
62	11377.0
63	11377.0
64	11377.0
65	257513.0
66	257513.0
67	257513.0
68	257513.0
69	257513.0
70	161257.0
71	161257.0
72	161257.0
73	161257.0
74	161257.0
75	78142.0
76	78142.0
77	78142.0
78	78142.0
79	78142.0
80	256777.0
81	256777.0
82	256777.0
83	256777.0
84	256777.0
85	231454.0
86	231454.0
87	231454.0
88	231454.0
89	231454.0
90	420851.0
91	420851.0
92	420851.0
93	420851.0
94	420851.0
95	396442.0
96	396442.0
97	396442.0
98	396442.0
99	396442.0
100	484115.0
101	484115.0
102	484115.0
103	484115.0
104	484115.0
105	214824.0
106	214824.0
107	214824.0
108	214824.0
109	214824.0
110	528961.0
111	528961.0
112	528961.0
113	528961.0
114	528961.0
115	147570.0
116	147570.0
117	147570.0
118	147570.0
119	147570.0
120	504794.0
121	504794.0
122	504794.0
123	504794.0
124	504794.0
125	621111.0
126	621111.0
127	621111.0
128	621111.0
129	621111.0
130	419403.0
131	419403.0
132	419403.0
133	419403.0
134	419403.0
135	388546.0
136	388546.0
137	388546.0
138	388546.0
139	388546.0
140	531992.0
141	531992.0
142	531992.0
143	531992.0
144	531992.0
145	581996.0
146	581996.0
147	581996.0
148	581996.0
149	581996.0
150	250618.0
151	250618.0
152	250618.0
153	250618.0
154	250618.0
155	295608.0
156	295608.0
157	295608.0
158	295608.0
159	295608.0
160	449922.0
161	449922.0
162	449922.0
163	449922.0
164	449922.0
165	266976.0
166	266976.0
167	266976.0
168	266976.0
169	266976.0
170	326453.0
171	326453.0
172	326453.0
173	326453.0
174	326453.0
175	536984.0
176	536984.0
177	536984.0
178	536984.0
179	536984.0
180	558695.0
181	558695.0
182	558695.0
183	558695.0
184	558695.0
185	139694.0
186	139694.0
187	139694.0
188	139694.0
189	139694.0
190	359081.0
191	359081.0
192	359081.0
193	359081.0
194	359081.0
195	186306.0
196	186306.0
197	186306.0
198	186306.0
199	186306.0
200	319153.0
201	319153.0
202	319153.0
203	319153.0
204	319153.0
205	334382.0
206	334382.0
207	334382.0
208	334382.0
209	334382.0
210	428389.0
211	428389.0
212	428389.0
213	428389.0
214	428389.0
215	78360.0
216	78360.0
217	78360.0
218	78360.0
219	78360.0
220	157645.0
221	157645.0
222	157645.0
223	157645.0
224	157645.0
225	139983.0
226	139983.0
227	139983.0
228	139983.0
229	139983.0
230	602122.0
231	602122.0
232	602122.0
233	602122.0
234	602122.0
235	498139.0
236	498139.0
237	498139.0
238	498139.0
239	498139.0
240	580306.0
241	580306.0
242	580306.0
243	580306.0
244	580306.0
245	184505.0
246	184505.0
247	184505.0
248	184505.0
249	184505.0
