0	222058.0
1	222058.0
2	222058.0
3	222058.0
4	222058.0
5	109698.0
6	109698.0
7	109698.0
8	109698.0
9	109698.0
10	594093.0
11	594093.0
12	594093.0
13	594093.0
14	594093.0
15	667068.0
16	667068.0
17	667068.0
18	667068.0
19	667068.0
20	779295.0
21	779295.0
22	779295.0
23	779295.0
24	779295.0
25	12685.0
26	12685.0
27	12685.0
28	12685.0
29	12685.0
30	82094.0
31	82094.0
32	82094.0
33	82094.0
34	82094.0
35	462181.0
36	462181.0
37	462181.0
38	462181.0
39	462181.0
40	536031.0
41	536031.0
42	536031.0
43	536031.0
44	536031.0
45	721092.0
46	721092.0
47	721092.0
48	721092.0
49	721092.0
50	597073.0
51	597073.0
52	597073.0
53	597073.0
54	597073.0
55	281900.0
56	281900.0
57	281900.0
58	281900.0
59	281900.0
60	112307.0
61	112307.0
62	112307.0
63	112307.0
64	112307.0
65	318321.0
66	318321.0
67	318321.0
68	318321.0
69	318321.0
70	394102.0
71	394102.0
72	394102.0
73	394102.0
74	394102.0
75	214672.0
76	214672.0
77	214672.0
78	214672.0
79	214672.0
80	601177.0
81	601177.0
82	601177.0
83	601177.0
84	601177.0
85	632788.0
86	632788.0
87	632788.0
88	632788.0
89	632788.0
90	9914.0
91	9914.0
92	9914.0
93	9914.0
94	9914.0
95	130209.0
96	130209.0
97	130209.0
98	130209.0
99	130209.0
100	126816.0
101	126816.0
102	126816.0
103	126816.0
104	126816.0
105	120572.0
106	120572.0
107	120572.0
108	120572.0
109	120572.0
110	797365.0
111	797365.0
112	797365.0
113	797365.0
114	797365.0
115	646958.0
116	646958.0
117	646958.0
118	646958.0
119	646958.0
120	287775.0
121	287775.0
122	287775.0
123	287775.0
124	287775.0
125	321183.0
126	321183.0
127	321183.0
128	321183.0
129	321183.0
130	549472.0
131	549472.0
132	549472.0
133	549472.0
134	549472.0
135	721544.0
136	721544.0
137	721544.0
138	721544.0
139	721544.0
140	728437.0
141	728437.0
142	728437.0
143	728437.0
144	728437.0
145	152100.0
146	152100.0
147	152100.0
148	152100.0
149	152100.0
150	594679.0
151	594679.0
152	594679.0
153	594679.0
154	594679.0
155	373054.0
156	373054.0
157	373054.0
158	373054.0
159	373054.0
160	748552.0
161	748552.0
162	748552.0
163	748552.0
164	748552.0
165	684316.0
166	684316.0
167	684316.0
168	684316.0
169	684316.0
170	285718.0
171	285718.0
172	285718.0
173	285718.0
174	285718.0
175	102155.0
176	102155.0
177	102155.0
178	102155.0
179	102155.0
180	599052.0
181	599052.0
182	599052.0
183	599052.0
184	599052.0
185	94687.0
186	94687.0
187	94687.0
188	94687.0
189	94687.0
190	409020.0
191	409020.0
192	409020.0
193	409020.0
194	409020.0
195	5989.0
196	5989.0
197	5989.0
198	5989.0
199	5989.0
200	567154.0
201	567154.0
202	567154.0
203	567154.0
204	567154.0
205	318613.0
206	318613.0
207	318613.0
208	318613.0
209	318613.0
210	650234.0
211	650234.0
212	650234.0
213	650234.0
214	650234.0
215	46140.0
216	46140.0
217	46140.0
218	46140.0
219	46140.0
220	672282.0
221	672282.0
222	672282.0
223	672282.0
224	672282.0
225	577144.0
226	577144.0
227	577144.0
228	577144.0
229	577144.0
230	17358.0
231	17358.0
232	17358.0
233	17358.0
234	17358.0
235	352353.0
236	352353.0
237	352353.0
238	352353.0
239	352353.0
240	284099.0
241	284099.0
242	284099.0
243	284099.0
244	284099.0
245	550502.0
246	550502.0
247	550502.0
248	550502.0
249	550502.0
