0	358792.0
1	358792.0
2	358792.0
3	358792.0
4	358792.0
5	499649.0
6	499649.0
7	499649.0
8	499649.0
9	499649.0
10	644747.0
11	644747.0
12	644747.0
13	644747.0
14	644747.0
15	43805.0
16	43805.0
17	43805.0
18	43805.0
19	43805.0
20	462138.0
21	462138.0
22	462138.0
23	462138.0
24	462138.0
25	524177.0
26	524177.0
27	524177.0
28	524177.0
29	524177.0
30	359737.0
31	359737.0
32	359737.0
33	359737.0
34	359737.0
35	681855.0
36	681855.0
37	681855.0
38	681855.0
39	681855.0
40	671903.0
41	671903.0
42	671903.0
43	671903.0
44	671903.0
45	126525.0
46	126525.0
47	126525.0
48	126525.0
49	126525.0
50	703559.0
51	703559.0
52	703559.0
53	703559.0
54	703559.0
55	69014.0
56	69014.0
57	69014.0
58	69014.0
59	69014.0
60	143984.0
61	143984.0
62	143984.0
63	143984.0
64	143984.0
65	286168.0
66	286168.0
67	286168.0
68	286168.0
69	286168.0
70	130055.0
71	130055.0
72	130055.0
73	130055.0
74	130055.0
75	777348.0
76	777348.0
77	777348.0
78	777348.0
79	777348.0
80	120747.0
81	120747.0
82	120747.0
83	120747.0
84	120747.0
85	357201.0
86	357201.0
87	357201.0
88	357201.0
89	357201.0
90	115335.0
91	115335.0
92	115335.0
93	115335.0
94	115335.0
95	574869.0
96	574869.0
97	574869.0
98	574869.0
99	574869.0
100	535219.0
101	535219.0
102	535219.0
103	535219.0
104	535219.0
105	278317.0
106	278317.0
107	278317.0
108	278317.0
109	278317.0
110	470200.0
111	470200.0
112	470200.0
113	470200.0
114	470200.0
115	432215.0
116	432215.0
117	432215.0
118	432215.0
119	432215.0
120	623109.0
121	623109.0
122	623109.0
123	623109.0
124	623109.0
125	434341.0
126	434341.0
127	434341.0
128	434341.0
129	434341.0
130	734519.0
131	734519.0
132	734519.0
133	734519.0
134	734519.0
135	251606.0
136	251606.0
137	251606.0
138	251606.0
139	251606.0
140	427738.0
141	427738.0
142	427738.0
143	427738.0
144	427738.0
145	476476.0
146	476476.0
147	476476.0
148	476476.0
149	476476.0
150	703385.0
151	703385.0
152	703385.0
153	703385.0
154	703385.0
155	236944.0
156	236944.0
157	236944.0
158	236944.0
159	236944.0
160	567335.0
161	567335.0
162	567335.0
163	567335.0
164	567335.0
165	734130.0
166	734130.0
167	734130.0
168	734130.0
169	734130.0
170	379161.0
171	379161.0
172	379161.0
173	379161.0
174	379161.0
175	481581.0
176	481581.0
177	481581.0
178	481581.0
179	481581.0
180	646272.0
181	646272.0
182	646272.0
183	646272.0
184	646272.0
185	332709.0
186	332709.0
187	332709.0
188	332709.0
189	332709.0
190	449885.0
191	449885.0
192	449885.0
193	449885.0
194	449885.0
195	89957.0
196	89957.0
197	89957.0
198	89957.0
199	89957.0
200	537334.0
201	537334.0
202	537334.0
203	537334.0
204	537334.0
205	104651.0
206	104651.0
207	104651.0
208	104651.0
209	104651.0
210	409918.0
211	409918.0
212	409918.0
213	409918.0
214	409918.0
215	616885.0
216	616885.0
217	616885.0
218	616885.0
219	616885.0
220	64501.0
221	64501.0
222	64501.0
223	64501.0
224	64501.0
225	46894.0
226	46894.0
227	46894.0
228	46894.0
229	46894.0
230	606303.0
231	606303.0
232	606303.0
233	606303.0
234	606303.0
235	811107.0
236	811107.0
237	811107.0
238	811107.0
239	811107.0
240	572373.0
241	572373.0
242	572373.0
243	572373.0
244	572373.0
245	648414.0
246	648414.0
247	648414.0
248	648414.0
249	648414.0
