0	219629.0
1	219629.0
2	219629.0
3	219629.0
4	219629.0
5	420202.0
6	420202.0
7	420202.0
8	420202.0
9	420202.0
10	675774.0
11	675774.0
12	675774.0
13	675774.0
14	675774.0
15	476382.0
16	476382.0
17	476382.0
18	476382.0
19	476382.0
20	416034.0
21	416034.0
22	416034.0
23	416034.0
24	416034.0
25	89010.0
26	89010.0
27	89010.0
28	89010.0
29	89010.0
30	770352.0
31	770352.0
32	770352.0
33	770352.0
34	770352.0
35	796323.0
36	796323.0
37	796323.0
38	796323.0
39	796323.0
40	573346.0
41	573346.0
42	573346.0
43	573346.0
44	573346.0
45	581774.0
46	581774.0
47	581774.0
48	581774.0
49	581774.0
50	492506.0
51	492506.0
52	492506.0
53	492506.0
54	492506.0
55	296173.0
56	296173.0
57	296173.0
58	296173.0
59	296173.0
60	401956.0
61	401956.0
62	401956.0
63	401956.0
64	401956.0
65	756179.0
66	756179.0
67	756179.0
68	756179.0
69	756179.0
70	145249.0
71	145249.0
72	145249.0
73	145249.0
74	145249.0
75	738155.0
76	738155.0
77	738155.0
78	738155.0
79	738155.0
80	473736.0
81	473736.0
82	473736.0
83	473736.0
84	473736.0
85	398135.0
86	398135.0
87	398135.0
88	398135.0
89	398135.0
90	765331.0
91	765331.0
92	765331.0
93	765331.0
94	765331.0
95	520322.0
96	520322.0
97	520322.0
98	520322.0
99	520322.0
100	316425.0
101	316425.0
102	316425.0
103	316425.0
104	316425.0
105	474201.0
106	474201.0
107	474201.0
108	474201.0
109	474201.0
110	533540.0
111	533540.0
112	533540.0
113	533540.0
114	533540.0
115	321051.0
116	321051.0
117	321051.0
118	321051.0
119	321051.0
120	8293.0
121	8293.0
122	8293.0
123	8293.0
124	8293.0
125	57478.0
126	57478.0
127	57478.0
128	57478.0
129	57478.0
130	69248.0
131	69248.0
132	69248.0
133	69248.0
134	69248.0
135	658845.0
136	658845.0
137	658845.0
138	658845.0
139	658845.0
140	599056.0
141	599056.0
142	599056.0
143	599056.0
144	599056.0
145	238922.0
146	238922.0
147	238922.0
148	238922.0
149	238922.0
150	435899.0
151	435899.0
152	435899.0
153	435899.0
154	435899.0
155	677830.0
156	677830.0
157	677830.0
158	677830.0
159	677830.0
160	305855.0
161	305855.0
162	305855.0
163	305855.0
164	305855.0
165	291303.0
166	291303.0
167	291303.0
168	291303.0
169	291303.0
170	12387.0
171	12387.0
172	12387.0
173	12387.0
174	12387.0
175	305593.0
176	305593.0
177	305593.0
178	305593.0
179	305593.0
180	524799.0
181	524799.0
182	524799.0
183	524799.0
184	524799.0
185	203948.0
186	203948.0
187	203948.0
188	203948.0
189	203948.0
190	633986.0
191	633986.0
192	633986.0
193	633986.0
194	633986.0
195	167735.0
196	167735.0
197	167735.0
198	167735.0
199	167735.0
200	211196.0
201	211196.0
202	211196.0
203	211196.0
204	211196.0
205	121719.0
206	121719.0
207	121719.0
208	121719.0
209	121719.0
210	604125.0
211	604125.0
212	604125.0
213	604125.0
214	604125.0
215	334165.0
216	334165.0
217	334165.0
218	334165.0
219	334165.0
220	206136.0
221	206136.0
222	206136.0
223	206136.0
224	206136.0
225	772303.0
226	772303.0
227	772303.0
228	772303.0
229	772303.0
230	816305.0
231	816305.0
232	816305.0
233	816305.0
234	816305.0
235	672846.0
236	672846.0
237	672846.0
238	672846.0
239	672846.0
240	386718.0
241	386718.0
242	386718.0
243	386718.0
244	386718.0
245	389556.0
246	389556.0
247	389556.0
248	389556.0
249	389556.0
