0	806146.0
1	806146.0
2	806146.0
3	806146.0
4	806146.0
5	323139.0
6	323139.0
7	323139.0
8	323139.0
9	323139.0
10	563539.0
11	563539.0
12	563539.0
13	563539.0
14	563539.0
15	789540.0
16	789540.0
17	789540.0
18	789540.0
19	789540.0
20	241481.0
21	241481.0
22	241481.0
23	241481.0
24	241481.0
25	264575.0
26	264575.0
27	264575.0
28	264575.0
29	264575.0
30	15389.0
31	15389.0
32	15389.0
33	15389.0
34	15389.0
35	289046.0
36	289046.0
37	289046.0
38	289046.0
39	289046.0
40	122996.0
41	122996.0
42	122996.0
43	122996.0
44	122996.0
45	818671.0
46	818671.0
47	818671.0
48	818671.0
49	818671.0
50	811395.0
51	811395.0
52	811395.0
53	811395.0
54	811395.0
55	642165.0
56	642165.0
57	642165.0
58	642165.0
59	642165.0
60	734827.0
61	734827.0
62	734827.0
63	734827.0
64	734827.0
65	812764.0
66	812764.0
67	812764.0
68	812764.0
69	812764.0
70	373482.0
71	373482.0
72	373482.0
73	373482.0
74	373482.0
75	231286.0
76	231286.0
77	231286.0
78	231286.0
79	231286.0
80	285823.0
81	285823.0
82	285823.0
83	285823.0
84	285823.0
85	532239.0
86	532239.0
87	532239.0
88	532239.0
89	532239.0
90	343298.0
91	343298.0
92	343298.0
93	343298.0
94	343298.0
95	537689.0
96	537689.0
97	537689.0
98	537689.0
99	537689.0
100	632444.0
101	632444.0
102	632444.0
103	632444.0
104	632444.0
105	517867.0
106	517867.0
107	517867.0
108	517867.0
109	517867.0
110	595852.0
111	595852.0
112	595852.0
113	595852.0
114	595852.0
115	25778.0
116	25778.0
117	25778.0
118	25778.0
119	25778.0
120	70032.0
121	70032.0
122	70032.0
123	70032.0
124	70032.0
125	818090.0
126	818090.0
127	818090.0
128	818090.0
129	818090.0
130	608594.0
131	608594.0
132	608594.0
133	608594.0
134	608594.0
135	812659.0
136	812659.0
137	812659.0
138	812659.0
139	812659.0
140	84502.0
141	84502.0
142	84502.0
143	84502.0
144	84502.0
145	367217.0
146	367217.0
147	367217.0
148	367217.0
149	367217.0
150	80888.0
151	80888.0
152	80888.0
153	80888.0
154	80888.0
155	176741.0
156	176741.0
157	176741.0
158	176741.0
159	176741.0
160	533248.0
161	533248.0
162	533248.0
163	533248.0
164	533248.0
165	687860.0
166	687860.0
167	687860.0
168	687860.0
169	687860.0
170	678870.0
171	678870.0
172	678870.0
173	678870.0
174	678870.0
175	456517.0
176	456517.0
177	456517.0
178	456517.0
179	456517.0
180	399174.0
181	399174.0
182	399174.0
183	399174.0
184	399174.0
185	616388.0
186	616388.0
187	616388.0
188	616388.0
189	616388.0
190	354456.0
191	354456.0
192	354456.0
193	354456.0
194	354456.0
195	296816.0
196	296816.0
197	296816.0
198	296816.0
199	296816.0
200	173438.0
201	173438.0
202	173438.0
203	173438.0
204	173438.0
205	510098.0
206	510098.0
207	510098.0
208	510098.0
209	510098.0
210	529673.0
211	529673.0
212	529673.0
213	529673.0
214	529673.0
215	603277.0
216	603277.0
217	603277.0
218	603277.0
219	603277.0
220	471973.0
221	471973.0
222	471973.0
223	471973.0
224	471973.0
225	808049.0
226	808049.0
227	808049.0
228	808049.0
229	808049.0
230	196197.0
231	196197.0
232	196197.0
233	196197.0
234	196197.0
235	516029.0
236	516029.0
237	516029.0
238	516029.0
239	516029.0
240	241012.0
241	241012.0
242	241012.0
243	241012.0
244	241012.0
245	202764.0
246	202764.0
247	202764.0
248	202764.0
249	202764.0
