0	507476.0
1	507476.0
2	507476.0
3	507476.0
4	507476.0
5	225791.0
6	225791.0
7	225791.0
8	225791.0
9	225791.0
10	34811.0
11	34811.0
12	34811.0
13	34811.0
14	34811.0
15	40097.0
16	40097.0
17	40097.0
18	40097.0
19	40097.0
20	369549.0
21	369549.0
22	369549.0
23	369549.0
24	369549.0
25	518666.0
26	518666.0
27	518666.0
28	518666.0
29	518666.0
30	666474.0
31	666474.0
32	666474.0
33	666474.0
34	666474.0
35	176413.0
36	176413.0
37	176413.0
38	176413.0
39	176413.0
40	20786.0
41	20786.0
42	20786.0
43	20786.0
44	20786.0
45	391961.0
46	391961.0
47	391961.0
48	391961.0
49	391961.0
50	650117.0
51	650117.0
52	650117.0
53	650117.0
54	650117.0
55	447658.0
56	447658.0
57	447658.0
58	447658.0
59	447658.0
60	503230.0
61	503230.0
62	503230.0
63	503230.0
64	503230.0
65	476842.0
66	476842.0
67	476842.0
68	476842.0
69	476842.0
70	10271.0
71	10271.0
72	10271.0
73	10271.0
74	10271.0
75	437463.0
76	437463.0
77	437463.0
78	437463.0
79	437463.0
80	417400.0
81	417400.0
82	417400.0
83	417400.0
84	417400.0
85	482339.0
86	482339.0
87	482339.0
88	482339.0
89	482339.0
90	168752.0
91	168752.0
92	168752.0
93	168752.0
94	168752.0
95	134852.0
96	134852.0
97	134852.0
98	134852.0
99	134852.0
100	503295.0
101	503295.0
102	503295.0
103	503295.0
104	503295.0
105	386512.0
106	386512.0
107	386512.0
108	386512.0
109	386512.0
110	567087.0
111	567087.0
112	567087.0
113	567087.0
114	567087.0
115	254305.0
116	254305.0
117	254305.0
118	254305.0
119	254305.0
120	713112.0
121	713112.0
122	713112.0
123	713112.0
124	713112.0
125	484010.0
126	484010.0
127	484010.0
128	484010.0
129	484010.0
130	395004.0
131	395004.0
132	395004.0
133	395004.0
134	395004.0
135	629714.0
136	629714.0
137	629714.0
138	629714.0
139	629714.0
140	522527.0
141	522527.0
142	522527.0
143	522527.0
144	522527.0
145	507360.0
146	507360.0
147	507360.0
148	507360.0
149	507360.0
150	425745.0
151	425745.0
152	425745.0
153	425745.0
154	425745.0
155	289337.0
156	289337.0
157	289337.0
158	289337.0
159	289337.0
160	363340.0
161	363340.0
162	363340.0
163	363340.0
164	363340.0
165	626005.0
166	626005.0
167	626005.0
168	626005.0
169	626005.0
170	413538.0
171	413538.0
172	413538.0
173	413538.0
174	413538.0
175	210136.0
176	210136.0
177	210136.0
178	210136.0
179	210136.0
180	463141.0
181	463141.0
182	463141.0
183	463141.0
184	463141.0
185	383787.0
186	383787.0
187	383787.0
188	383787.0
189	383787.0
190	433618.0
191	433618.0
192	433618.0
193	433618.0
194	433618.0
195	235114.0
196	235114.0
197	235114.0
198	235114.0
199	235114.0
200	655271.0
201	655271.0
202	655271.0
203	655271.0
204	655271.0
205	616721.0
206	616721.0
207	616721.0
208	616721.0
209	616721.0
210	276613.0
211	276613.0
212	276613.0
213	276613.0
214	276613.0
215	526398.0
216	526398.0
217	526398.0
218	526398.0
219	526398.0
220	541524.0
221	541524.0
222	541524.0
223	541524.0
224	541524.0
225	698639.0
226	698639.0
227	698639.0
228	698639.0
229	698639.0
230	651447.0
231	651447.0
232	651447.0
233	651447.0
234	651447.0
235	143689.0
236	143689.0
237	143689.0
238	143689.0
239	143689.0
240	67776.0
241	67776.0
242	67776.0
243	67776.0
244	67776.0
245	127028.0
246	127028.0
247	127028.0
248	127028.0
249	127028.0
