0	314780.0
1	314780.0
2	314780.0
3	314780.0
4	314780.0
5	510721.0
6	510721.0
7	510721.0
8	510721.0
9	510721.0
10	42114.0
11	42114.0
12	42114.0
13	42114.0
14	42114.0
15	611085.0
16	611085.0
17	611085.0
18	611085.0
19	611085.0
20	339783.0
21	339783.0
22	339783.0
23	339783.0
24	339783.0
25	788707.0
26	788707.0
27	788707.0
28	788707.0
29	788707.0
30	596281.0
31	596281.0
32	596281.0
33	596281.0
34	596281.0
35	427782.0
36	427782.0
37	427782.0
38	427782.0
39	427782.0
40	750453.0
41	750453.0
42	750453.0
43	750453.0
44	750453.0
45	123854.0
46	123854.0
47	123854.0
48	123854.0
49	123854.0
50	402987.0
51	402987.0
52	402987.0
53	402987.0
54	402987.0
55	180759.0
56	180759.0
57	180759.0
58	180759.0
59	180759.0
60	554613.0
61	554613.0
62	554613.0
63	554613.0
64	554613.0
65	490143.0
66	490143.0
67	490143.0
68	490143.0
69	490143.0
70	271860.0
71	271860.0
72	271860.0
73	271860.0
74	271860.0
75	415217.0
76	415217.0
77	415217.0
78	415217.0
79	415217.0
80	667325.0
81	667325.0
82	667325.0
83	667325.0
84	667325.0
85	348459.0
86	348459.0
87	348459.0
88	348459.0
89	348459.0
90	582498.0
91	582498.0
92	582498.0
93	582498.0
94	582498.0
95	2310.0
96	2310.0
97	2310.0
98	2310.0
99	2310.0
100	332050.0
101	332050.0
102	332050.0
103	332050.0
104	332050.0
105	311107.0
106	311107.0
107	311107.0
108	311107.0
109	311107.0
110	14847.0
111	14847.0
112	14847.0
113	14847.0
114	14847.0
115	302032.0
116	302032.0
117	302032.0
118	302032.0
119	302032.0
120	131669.0
121	131669.0
122	131669.0
123	131669.0
124	131669.0
125	474463.0
126	474463.0
127	474463.0
128	474463.0
129	474463.0
130	67504.0
131	67504.0
132	67504.0
133	67504.0
134	67504.0
135	10283.0
136	10283.0
137	10283.0
138	10283.0
139	10283.0
140	580633.0
141	580633.0
142	580633.0
143	580633.0
144	580633.0
145	408544.0
146	408544.0
147	408544.0
148	408544.0
149	408544.0
150	356403.0
151	356403.0
152	356403.0
153	356403.0
154	356403.0
155	685615.0
156	685615.0
157	685615.0
158	685615.0
159	685615.0
160	205838.0
161	205838.0
162	205838.0
163	205838.0
164	205838.0
165	419264.0
166	419264.0
167	419264.0
168	419264.0
169	419264.0
170	465821.0
171	465821.0
172	465821.0
173	465821.0
174	465821.0
175	760745.0
176	760745.0
177	760745.0
178	760745.0
179	760745.0
180	368723.0
181	368723.0
182	368723.0
183	368723.0
184	368723.0
185	552473.0
186	552473.0
187	552473.0
188	552473.0
189	552473.0
190	502286.0
191	502286.0
192	502286.0
193	502286.0
194	502286.0
195	692805.0
196	692805.0
197	692805.0
198	692805.0
199	692805.0
200	136986.0
201	136986.0
202	136986.0
203	136986.0
204	136986.0
205	345053.0
206	345053.0
207	345053.0
208	345053.0
209	345053.0
210	390355.0
211	390355.0
212	390355.0
213	390355.0
214	390355.0
215	499808.0
216	499808.0
217	499808.0
218	499808.0
219	499808.0
220	509345.0
221	509345.0
222	509345.0
223	509345.0
224	509345.0
225	713252.0
226	713252.0
227	713252.0
228	713252.0
229	713252.0
230	77010.0
231	77010.0
232	77010.0
233	77010.0
234	77010.0
235	603086.0
236	603086.0
237	603086.0
238	603086.0
239	603086.0
240	344086.0
241	344086.0
242	344086.0
243	344086.0
244	344086.0
245	75760.0
246	75760.0
247	75760.0
248	75760.0
249	75760.0
