0	346227.0
1	346227.0
2	346227.0
3	346227.0
4	346227.0
5	110941.0
6	110941.0
7	110941.0
8	110941.0
9	110941.0
10	470087.0
11	470087.0
12	470087.0
13	470087.0
14	470087.0
15	287381.0
16	287381.0
17	287381.0
18	287381.0
19	287381.0
20	489083.0
21	489083.0
22	489083.0
23	489083.0
24	489083.0
25	417716.0
26	417716.0
27	417716.0
28	417716.0
29	417716.0
30	311679.0
31	311679.0
32	311679.0
33	311679.0
34	311679.0
35	331070.0
36	331070.0
37	331070.0
38	331070.0
39	331070.0
40	376052.0
41	376052.0
42	376052.0
43	376052.0
44	376052.0
45	387904.0
46	387904.0
47	387904.0
48	387904.0
49	387904.0
50	352474.0
51	352474.0
52	352474.0
53	352474.0
54	352474.0
55	819373.0
56	819373.0
57	819373.0
58	819373.0
59	819373.0
60	652666.0
61	652666.0
62	652666.0
63	652666.0
64	652666.0
65	658980.0
66	658980.0
67	658980.0
68	658980.0
69	658980.0
70	537103.0
71	537103.0
72	537103.0
73	537103.0
74	537103.0
75	103816.0
76	103816.0
77	103816.0
78	103816.0
79	103816.0
80	322601.0
81	322601.0
82	322601.0
83	322601.0
84	322601.0
85	499053.0
86	499053.0
87	499053.0
88	499053.0
89	499053.0
90	299743.0
91	299743.0
92	299743.0
93	299743.0
94	299743.0
95	386159.0
96	386159.0
97	386159.0
98	386159.0
99	386159.0
100	420133.0
101	420133.0
102	420133.0
103	420133.0
104	420133.0
105	41570.0
106	41570.0
107	41570.0
108	41570.0
109	41570.0
110	107916.0
111	107916.0
112	107916.0
113	107916.0
114	107916.0
115	110009.0
116	110009.0
117	110009.0
118	110009.0
119	110009.0
120	395714.0
121	395714.0
122	395714.0
123	395714.0
124	395714.0
125	416096.0
126	416096.0
127	416096.0
128	416096.0
129	416096.0
130	55415.0
131	55415.0
132	55415.0
133	55415.0
134	55415.0
135	535375.0
136	535375.0
137	535375.0
138	535375.0
139	535375.0
140	28097.0
141	28097.0
142	28097.0
143	28097.0
144	28097.0
145	231050.0
146	231050.0
147	231050.0
148	231050.0
149	231050.0
150	764137.0
151	764137.0
152	764137.0
153	764137.0
154	764137.0
155	542476.0
156	542476.0
157	542476.0
158	542476.0
159	542476.0
160	210347.0
161	210347.0
162	210347.0
163	210347.0
164	210347.0
165	507975.0
166	507975.0
167	507975.0
168	507975.0
169	507975.0
170	658617.0
171	658617.0
172	658617.0
173	658617.0
174	658617.0
175	184455.0
176	184455.0
177	184455.0
178	184455.0
179	184455.0
180	732995.0
181	732995.0
182	732995.0
183	732995.0
184	732995.0
185	734077.0
186	734077.0
187	734077.0
188	734077.0
189	734077.0
190	330812.0
191	330812.0
192	330812.0
193	330812.0
194	330812.0
195	189854.0
196	189854.0
197	189854.0
198	189854.0
199	189854.0
200	125464.0
201	125464.0
202	125464.0
203	125464.0
204	125464.0
205	225663.0
206	225663.0
207	225663.0
208	225663.0
209	225663.0
210	563486.0
211	563486.0
212	563486.0
213	563486.0
214	563486.0
215	329547.0
216	329547.0
217	329547.0
218	329547.0
219	329547.0
220	82561.0
221	82561.0
222	82561.0
223	82561.0
224	82561.0
225	6621.0
226	6621.0
227	6621.0
228	6621.0
229	6621.0
230	723247.0
231	723247.0
232	723247.0
233	723247.0
234	723247.0
235	425402.0
236	425402.0
237	425402.0
238	425402.0
239	425402.0
240	249311.0
241	249311.0
242	249311.0
243	249311.0
244	249311.0
245	262754.0
246	262754.0
247	262754.0
248	262754.0
249	262754.0
