0	704773.0
1	704773.0
2	704773.0
3	704773.0
4	704773.0
5	215864.0
6	215864.0
7	215864.0
8	215864.0
9	215864.0
10	20237.0
11	20237.0
12	20237.0
13	20237.0
14	20237.0
15	417206.0
16	417206.0
17	417206.0
18	417206.0
19	417206.0
20	237096.0
21	237096.0
22	237096.0
23	237096.0
24	237096.0
25	662766.0
26	662766.0
27	662766.0
28	662766.0
29	662766.0
30	769896.0
31	769896.0
32	769896.0
33	769896.0
34	769896.0
35	754125.0
36	754125.0
37	754125.0
38	754125.0
39	754125.0
40	27969.0
41	27969.0
42	27969.0
43	27969.0
44	27969.0
45	481974.0
46	481974.0
47	481974.0
48	481974.0
49	481974.0
50	176010.0
51	176010.0
52	176010.0
53	176010.0
54	176010.0
55	9236.0
56	9236.0
57	9236.0
58	9236.0
59	9236.0
60	56729.0
61	56729.0
62	56729.0
63	56729.0
64	56729.0
65	328295.0
66	328295.0
67	328295.0
68	328295.0
69	328295.0
70	731065.0
71	731065.0
72	731065.0
73	731065.0
74	731065.0
75	617670.0
76	617670.0
77	617670.0
78	617670.0
79	617670.0
80	119481.0
81	119481.0
82	119481.0
83	119481.0
84	119481.0
85	585432.0
86	585432.0
87	585432.0
88	585432.0
89	585432.0
90	414932.0
91	414932.0
92	414932.0
93	414932.0
94	414932.0
95	344697.0
96	344697.0
97	344697.0
98	344697.0
99	344697.0
100	617710.0
101	617710.0
102	617710.0
103	617710.0
104	617710.0
105	529233.0
106	529233.0
107	529233.0
108	529233.0
109	529233.0
110	694702.0
111	694702.0
112	694702.0
113	694702.0
114	694702.0
115	195214.0
116	195214.0
117	195214.0
118	195214.0
119	195214.0
120	630463.0
121	630463.0
122	630463.0
123	630463.0
124	630463.0
125	177425.0
126	177425.0
127	177425.0
128	177425.0
129	177425.0
130	764212.0
131	764212.0
132	764212.0
133	764212.0
134	764212.0
135	704876.0
136	704876.0
137	704876.0
138	704876.0
139	704876.0
140	728673.0
141	728673.0
142	728673.0
143	728673.0
144	728673.0
145	187512.0
146	187512.0
147	187512.0
148	187512.0
149	187512.0
150	640499.0
151	640499.0
152	640499.0
153	640499.0
154	640499.0
155	285721.0
156	285721.0
157	285721.0
158	285721.0
159	285721.0
160	34190.0
161	34190.0
162	34190.0
163	34190.0
164	34190.0
165	69059.0
166	69059.0
167	69059.0
168	69059.0
169	69059.0
170	381031.0
171	381031.0
172	381031.0
173	381031.0
174	381031.0
175	247043.0
176	247043.0
177	247043.0
178	247043.0
179	247043.0
180	623834.0
181	623834.0
182	623834.0
183	623834.0
184	623834.0
185	233372.0
186	233372.0
187	233372.0
188	233372.0
189	233372.0
190	295213.0
191	295213.0
192	295213.0
193	295213.0
194	295213.0
195	788570.0
196	788570.0
197	788570.0
198	788570.0
199	788570.0
200	776930.0
201	776930.0
202	776930.0
203	776930.0
204	776930.0
205	56740.0
206	56740.0
207	56740.0
208	56740.0
209	56740.0
210	612893.0
211	612893.0
212	612893.0
213	612893.0
214	612893.0
215	598566.0
216	598566.0
217	598566.0
218	598566.0
219	598566.0
220	385376.0
221	385376.0
222	385376.0
223	385376.0
224	385376.0
225	706575.0
226	706575.0
227	706575.0
228	706575.0
229	706575.0
230	221607.0
231	221607.0
232	221607.0
233	221607.0
234	221607.0
235	414734.0
236	414734.0
237	414734.0
238	414734.0
239	414734.0
240	41167.0
241	41167.0
242	41167.0
243	41167.0
244	41167.0
245	719590.0
246	719590.0
247	719590.0
248	719590.0
249	719590.0
