0	673591.0
1	673591.0
2	673591.0
3	673591.0
4	673591.0
5	91835.0
6	91835.0
7	91835.0
8	91835.0
9	91835.0
10	693899.0
11	693899.0
12	693899.0
13	693899.0
14	693899.0
15	195480.0
16	195480.0
17	195480.0
18	195480.0
19	195480.0
20	29659.0
21	29659.0
22	29659.0
23	29659.0
24	29659.0
25	159224.0
26	159224.0
27	159224.0
28	159224.0
29	159224.0
30	629837.0
31	629837.0
32	629837.0
33	629837.0
34	629837.0
35	767324.0
36	767324.0
37	767324.0
38	767324.0
39	767324.0
40	222613.0
41	222613.0
42	222613.0
43	222613.0
44	222613.0
45	715218.0
46	715218.0
47	715218.0
48	715218.0
49	715218.0
50	347579.0
51	347579.0
52	347579.0
53	347579.0
54	347579.0
55	172162.0
56	172162.0
57	172162.0
58	172162.0
59	172162.0
60	84409.0
61	84409.0
62	84409.0
63	84409.0
64	84409.0
65	290635.0
66	290635.0
67	290635.0
68	290635.0
69	290635.0
70	278015.0
71	278015.0
72	278015.0
73	278015.0
74	278015.0
75	579288.0
76	579288.0
77	579288.0
78	579288.0
79	579288.0
80	637039.0
81	637039.0
82	637039.0
83	637039.0
84	637039.0
85	197652.0
86	197652.0
87	197652.0
88	197652.0
89	197652.0
90	211343.0
91	211343.0
92	211343.0
93	211343.0
94	211343.0
95	752043.0
96	752043.0
97	752043.0
98	752043.0
99	752043.0
100	345601.0
101	345601.0
102	345601.0
103	345601.0
104	345601.0
105	299109.0
106	299109.0
107	299109.0
108	299109.0
109	299109.0
110	466166.0
111	466166.0
112	466166.0
113	466166.0
114	466166.0
115	447228.0
116	447228.0
117	447228.0
118	447228.0
119	447228.0
120	339457.0
121	339457.0
122	339457.0
123	339457.0
124	339457.0
125	170265.0
126	170265.0
127	170265.0
128	170265.0
129	170265.0
130	143566.0
131	143566.0
132	143566.0
133	143566.0
134	143566.0
135	136102.0
136	136102.0
137	136102.0
138	136102.0
139	136102.0
140	120838.0
141	120838.0
142	120838.0
143	120838.0
144	120838.0
145	87820.0
146	87820.0
147	87820.0
148	87820.0
149	87820.0
150	311265.0
151	311265.0
152	311265.0
153	311265.0
154	311265.0
155	665444.0
156	665444.0
157	665444.0
158	665444.0
159	665444.0
160	234472.0
161	234472.0
162	234472.0
163	234472.0
164	234472.0
165	423361.0
166	423361.0
167	423361.0
168	423361.0
169	423361.0
170	571866.0
171	571866.0
172	571866.0
173	571866.0
174	571866.0
175	662240.0
176	662240.0
177	662240.0
178	662240.0
179	662240.0
180	688808.0
181	688808.0
182	688808.0
183	688808.0
184	688808.0
185	504884.0
186	504884.0
187	504884.0
188	504884.0
189	504884.0
190	205482.0
191	205482.0
192	205482.0
193	205482.0
194	205482.0
195	595718.0
196	595718.0
197	595718.0
198	595718.0
199	595718.0
200	681018.0
201	681018.0
202	681018.0
203	681018.0
204	681018.0
205	595300.0
206	595300.0
207	595300.0
208	595300.0
209	595300.0
210	791334.0
211	791334.0
212	791334.0
213	791334.0
214	791334.0
215	54217.0
216	54217.0
217	54217.0
218	54217.0
219	54217.0
220	426680.0
221	426680.0
222	426680.0
223	426680.0
224	426680.0
225	28374.0
226	28374.0
227	28374.0
228	28374.0
229	28374.0
230	261451.0
231	261451.0
232	261451.0
233	261451.0
234	261451.0
235	352361.0
236	352361.0
237	352361.0
238	352361.0
239	352361.0
240	452355.0
241	452355.0
242	452355.0
243	452355.0
244	452355.0
245	630108.0
246	630108.0
247	630108.0
248	630108.0
249	630108.0
