0	563599.0
1	563599.0
2	563599.0
3	563599.0
4	563599.0
5	763065.0
6	763065.0
7	763065.0
8	763065.0
9	763065.0
10	213728.0
11	213728.0
12	213728.0
13	213728.0
14	213728.0
15	361761.0
16	361761.0
17	361761.0
18	361761.0
19	361761.0
20	682269.0
21	682269.0
22	682269.0
23	682269.0
24	682269.0
25	104619.0
26	104619.0
27	104619.0
28	104619.0
29	104619.0
30	199050.0
31	199050.0
32	199050.0
33	199050.0
34	199050.0
35	136539.0
36	136539.0
37	136539.0
38	136539.0
39	136539.0
40	746895.0
41	746895.0
42	746895.0
43	746895.0
44	746895.0
45	642865.0
46	642865.0
47	642865.0
48	642865.0
49	642865.0
50	415913.0
51	415913.0
52	415913.0
53	415913.0
54	415913.0
55	493426.0
56	493426.0
57	493426.0
58	493426.0
59	493426.0
60	241135.0
61	241135.0
62	241135.0
63	241135.0
64	241135.0
65	755521.0
66	755521.0
67	755521.0
68	755521.0
69	755521.0
70	185932.0
71	185932.0
72	185932.0
73	185932.0
74	185932.0
75	282015.0
76	282015.0
77	282015.0
78	282015.0
79	282015.0
80	381192.0
81	381192.0
82	381192.0
83	381192.0
84	381192.0
85	191409.0
86	191409.0
87	191409.0
88	191409.0
89	191409.0
90	367921.0
91	367921.0
92	367921.0
93	367921.0
94	367921.0
95	98164.0
96	98164.0
97	98164.0
98	98164.0
99	98164.0
100	184634.0
101	184634.0
102	184634.0
103	184634.0
104	184634.0
105	730682.0
106	730682.0
107	730682.0
108	730682.0
109	730682.0
110	142042.0
111	142042.0
112	142042.0
113	142042.0
114	142042.0
115	164656.0
116	164656.0
117	164656.0
118	164656.0
119	164656.0
120	303865.0
121	303865.0
122	303865.0
123	303865.0
124	303865.0
125	637001.0
126	637001.0
127	637001.0
128	637001.0
129	637001.0
130	178093.0
131	178093.0
132	178093.0
133	178093.0
134	178093.0
135	396775.0
136	396775.0
137	396775.0
138	396775.0
139	396775.0
140	651849.0
141	651849.0
142	651849.0
143	651849.0
144	651849.0
145	395083.0
146	395083.0
147	395083.0
148	395083.0
149	395083.0
150	148320.0
151	148320.0
152	148320.0
153	148320.0
154	148320.0
155	725290.0
156	725290.0
157	725290.0
158	725290.0
159	725290.0
160	398112.0
161	398112.0
162	398112.0
163	398112.0
164	398112.0
165	234580.0
166	234580.0
167	234580.0
168	234580.0
169	234580.0
170	113804.0
171	113804.0
172	113804.0
173	113804.0
174	113804.0
175	679587.0
176	679587.0
177	679587.0
178	679587.0
179	679587.0
180	452923.0
181	452923.0
182	452923.0
183	452923.0
184	452923.0
185	477577.0
186	477577.0
187	477577.0
188	477577.0
189	477577.0
190	45636.0
191	45636.0
192	45636.0
193	45636.0
194	45636.0
195	520102.0
196	520102.0
197	520102.0
198	520102.0
199	520102.0
200	486413.0
201	486413.0
202	486413.0
203	486413.0
204	486413.0
205	162535.0
206	162535.0
207	162535.0
208	162535.0
209	162535.0
210	152551.0
211	152551.0
212	152551.0
213	152551.0
214	152551.0
215	429506.0
216	429506.0
217	429506.0
218	429506.0
219	429506.0
220	424227.0
221	424227.0
222	424227.0
223	424227.0
224	424227.0
225	761430.0
226	761430.0
227	761430.0
228	761430.0
229	761430.0
230	654352.0
231	654352.0
232	654352.0
233	654352.0
234	654352.0
235	75300.0
236	75300.0
237	75300.0
238	75300.0
239	75300.0
240	397285.0
241	397285.0
242	397285.0
243	397285.0
244	397285.0
245	335664.0
246	335664.0
247	335664.0
248	335664.0
249	335664.0
