0	96293.0
1	96293.0
2	96293.0
3	96293.0
4	96293.0
5	493156.0
6	493156.0
7	493156.0
8	493156.0
9	493156.0
10	70226.0
11	70226.0
12	70226.0
13	70226.0
14	70226.0
15	88881.0
16	88881.0
17	88881.0
18	88881.0
19	88881.0
20	396888.0
21	396888.0
22	396888.0
23	396888.0
24	396888.0
25	192346.0
26	192346.0
27	192346.0
28	192346.0
29	192346.0
30	33853.0
31	33853.0
32	33853.0
33	33853.0
34	33853.0
35	534932.0
36	534932.0
37	534932.0
38	534932.0
39	534932.0
40	45318.0
41	45318.0
42	45318.0
43	45318.0
44	45318.0
45	316206.0
46	316206.0
47	316206.0
48	316206.0
49	316206.0
50	245894.0
51	245894.0
52	245894.0
53	245894.0
54	245894.0
55	76756.0
56	76756.0
57	76756.0
58	76756.0
59	76756.0
60	108952.0
61	108952.0
62	108952.0
63	108952.0
64	108952.0
65	73671.0
66	73671.0
67	73671.0
68	73671.0
69	73671.0
70	88517.0
71	88517.0
72	88517.0
73	88517.0
74	88517.0
75	74887.0
76	74887.0
77	74887.0
78	74887.0
79	74887.0
80	120243.0
81	120243.0
82	120243.0
83	120243.0
84	120243.0
85	426489.0
86	426489.0
87	426489.0
88	426489.0
89	426489.0
90	424468.0
91	424468.0
92	424468.0
93	424468.0
94	424468.0
95	371780.0
96	371780.0
97	371780.0
98	371780.0
99	371780.0
100	90363.0
101	90363.0
102	90363.0
103	90363.0
104	90363.0
105	339898.0
106	339898.0
107	339898.0
108	339898.0
109	339898.0
110	168839.0
111	168839.0
112	168839.0
113	168839.0
114	168839.0
115	143677.0
116	143677.0
117	143677.0
118	143677.0
119	143677.0
120	235406.0
121	235406.0
122	235406.0
123	235406.0
124	235406.0
125	214855.0
126	214855.0
127	214855.0
128	214855.0
129	214855.0
130	521349.0
131	521349.0
132	521349.0
133	521349.0
134	521349.0
135	148777.0
136	148777.0
137	148777.0
138	148777.0
139	148777.0
140	239833.0
141	239833.0
142	239833.0
143	239833.0
144	239833.0
145	22865.0
146	22865.0
147	22865.0
148	22865.0
149	22865.0
150	239912.0
151	239912.0
152	239912.0
153	239912.0
154	239912.0
155	247231.0
156	247231.0
157	247231.0
158	247231.0
159	247231.0
160	402743.0
161	402743.0
162	402743.0
163	402743.0
164	402743.0
165	129788.0
166	129788.0
167	129788.0
168	129788.0
169	129788.0
170	475882.0
171	475882.0
172	475882.0
173	475882.0
174	475882.0
175	155446.0
176	155446.0
177	155446.0
178	155446.0
179	155446.0
180	72257.0
181	72257.0
182	72257.0
183	72257.0
184	72257.0
185	288490.0
186	288490.0
187	288490.0
188	288490.0
189	288490.0
190	458609.0
191	458609.0
192	458609.0
193	458609.0
194	458609.0
195	171371.0
196	171371.0
197	171371.0
198	171371.0
199	171371.0
200	288166.0
201	288166.0
202	288166.0
203	288166.0
204	288166.0
205	165512.0
206	165512.0
207	165512.0
208	165512.0
209	165512.0
210	161653.0
211	161653.0
212	161653.0
213	161653.0
214	161653.0
215	233533.0
216	233533.0
217	233533.0
218	233533.0
219	233533.0
220	235096.0
221	235096.0
222	235096.0
223	235096.0
224	235096.0
225	37376.0
226	37376.0
227	37376.0
228	37376.0
229	37376.0
230	295117.0
231	295117.0
232	295117.0
233	295117.0
234	295117.0
235	267332.0
236	267332.0
237	267332.0
238	267332.0
239	267332.0
240	123778.0
241	123778.0
242	123778.0
243	123778.0
244	123778.0
245	443389.0
246	443389.0
247	443389.0
248	443389.0
249	443389.0
