0	17078.0
1	17078.0
2	17078.0
3	17078.0
4	17078.0
5	456062.0
6	456062.0
7	456062.0
8	456062.0
9	456062.0
10	88181.0
11	88181.0
12	88181.0
13	88181.0
14	88181.0
15	436680.0
16	436680.0
17	436680.0
18	436680.0
19	436680.0
20	208734.0
21	208734.0
22	208734.0
23	208734.0
24	208734.0
25	6027.0
26	6027.0
27	6027.0
28	6027.0
29	6027.0
30	474180.0
31	474180.0
32	474180.0
33	474180.0
34	474180.0
35	355632.0
36	355632.0
37	355632.0
38	355632.0
39	355632.0
40	365390.0
41	365390.0
42	365390.0
43	365390.0
44	365390.0
45	474854.0
46	474854.0
47	474854.0
48	474854.0
49	474854.0
50	57935.0
51	57935.0
52	57935.0
53	57935.0
54	57935.0
55	19650.0
56	19650.0
57	19650.0
58	19650.0
59	19650.0
60	354603.0
61	354603.0
62	354603.0
63	354603.0
64	354603.0
65	264440.0
66	264440.0
67	264440.0
68	264440.0
69	264440.0
70	358926.0
71	358926.0
72	358926.0
73	358926.0
74	358926.0
75	265544.0
76	265544.0
77	265544.0
78	265544.0
79	265544.0
80	251277.0
81	251277.0
82	251277.0
83	251277.0
84	251277.0
85	188411.0
86	188411.0
87	188411.0
88	188411.0
89	188411.0
90	87959.0
91	87959.0
92	87959.0
93	87959.0
94	87959.0
95	512966.0
96	512966.0
97	512966.0
98	512966.0
99	512966.0
100	327991.0
101	327991.0
102	327991.0
103	327991.0
104	327991.0
105	156962.0
106	156962.0
107	156962.0
108	156962.0
109	156962.0
110	494175.0
111	494175.0
112	494175.0
113	494175.0
114	494175.0
115	186764.0
116	186764.0
117	186764.0
118	186764.0
119	186764.0
120	115113.0
121	115113.0
122	115113.0
123	115113.0
124	115113.0
125	205670.0
126	205670.0
127	205670.0
128	205670.0
129	205670.0
130	277450.0
131	277450.0
132	277450.0
133	277450.0
134	277450.0
135	403200.0
136	403200.0
137	403200.0
138	403200.0
139	403200.0
140	210884.0
141	210884.0
142	210884.0
143	210884.0
144	210884.0
145	489462.0
146	489462.0
147	489462.0
148	489462.0
149	489462.0
150	47435.0
151	47435.0
152	47435.0
153	47435.0
154	47435.0
155	405175.0
156	405175.0
157	405175.0
158	405175.0
159	405175.0
160	400189.0
161	400189.0
162	400189.0
163	400189.0
164	400189.0
165	66303.0
166	66303.0
167	66303.0
168	66303.0
169	66303.0
170	498486.0
171	498486.0
172	498486.0
173	498486.0
174	498486.0
175	399638.0
176	399638.0
177	399638.0
178	399638.0
179	399638.0
180	254434.0
181	254434.0
182	254434.0
183	254434.0
184	254434.0
185	391971.0
186	391971.0
187	391971.0
188	391971.0
189	391971.0
190	434455.0
191	434455.0
192	434455.0
193	434455.0
194	434455.0
195	139527.0
196	139527.0
197	139527.0
198	139527.0
199	139527.0
200	210687.0
201	210687.0
202	210687.0
203	210687.0
204	210687.0
205	534072.0
206	534072.0
207	534072.0
208	534072.0
209	534072.0
210	77549.0
211	77549.0
212	77549.0
213	77549.0
214	77549.0
215	162400.0
216	162400.0
217	162400.0
218	162400.0
219	162400.0
220	368775.0
221	368775.0
222	368775.0
223	368775.0
224	368775.0
225	394025.0
226	394025.0
227	394025.0
228	394025.0
229	394025.0
230	130826.0
231	130826.0
232	130826.0
233	130826.0
234	130826.0
235	198964.0
236	198964.0
237	198964.0
238	198964.0
239	198964.0
240	386543.0
241	386543.0
242	386543.0
243	386543.0
244	386543.0
245	76231.0
246	76231.0
247	76231.0
248	76231.0
249	76231.0
