0	29136.0
1	29136.0
2	29136.0
3	29136.0
4	29136.0
5	531171.0
6	531171.0
7	531171.0
8	531171.0
9	531171.0
10	426143.0
11	426143.0
12	426143.0
13	426143.0
14	426143.0
15	236606.0
16	236606.0
17	236606.0
18	236606.0
19	236606.0
20	60802.0
21	60802.0
22	60802.0
23	60802.0
24	60802.0
25	69164.0
26	69164.0
27	69164.0
28	69164.0
29	69164.0
30	478626.0
31	478626.0
32	478626.0
33	478626.0
34	478626.0
35	321313.0
36	321313.0
37	321313.0
38	321313.0
39	321313.0
40	238015.0
41	238015.0
42	238015.0
43	238015.0
44	238015.0
45	512626.0
46	512626.0
47	512626.0
48	512626.0
49	512626.0
50	128526.0
51	128526.0
52	128526.0
53	128526.0
54	128526.0
55	253354.0
56	253354.0
57	253354.0
58	253354.0
59	253354.0
60	360928.0
61	360928.0
62	360928.0
63	360928.0
64	360928.0
65	400941.0
66	400941.0
67	400941.0
68	400941.0
69	400941.0
70	168644.0
71	168644.0
72	168644.0
73	168644.0
74	168644.0
75	469165.0
76	469165.0
77	469165.0
78	469165.0
79	469165.0
80	257077.0
81	257077.0
82	257077.0
83	257077.0
84	257077.0
85	473084.0
86	473084.0
87	473084.0
88	473084.0
89	473084.0
90	181670.0
91	181670.0
92	181670.0
93	181670.0
94	181670.0
95	128558.0
96	128558.0
97	128558.0
98	128558.0
99	128558.0
100	100335.0
101	100335.0
102	100335.0
103	100335.0
104	100335.0
105	79719.0
106	79719.0
107	79719.0
108	79719.0
109	79719.0
110	157656.0
111	157656.0
112	157656.0
113	157656.0
114	157656.0
115	263614.0
116	263614.0
117	263614.0
118	263614.0
119	263614.0
120	319783.0
121	319783.0
122	319783.0
123	319783.0
124	319783.0
125	318492.0
126	318492.0
127	318492.0
128	318492.0
129	318492.0
130	48222.0
131	48222.0
132	48222.0
133	48222.0
134	48222.0
135	203675.0
136	203675.0
137	203675.0
138	203675.0
139	203675.0
140	108440.0
141	108440.0
142	108440.0
143	108440.0
144	108440.0
145	264501.0
146	264501.0
147	264501.0
148	264501.0
149	264501.0
150	403431.0
151	403431.0
152	403431.0
153	403431.0
154	403431.0
155	214689.0
156	214689.0
157	214689.0
158	214689.0
159	214689.0
160	527237.0
161	527237.0
162	527237.0
163	527237.0
164	527237.0
165	147209.0
166	147209.0
167	147209.0
168	147209.0
169	147209.0
170	211214.0
171	211214.0
172	211214.0
173	211214.0
174	211214.0
175	404063.0
176	404063.0
177	404063.0
178	404063.0
179	404063.0
180	420904.0
181	420904.0
182	420904.0
183	420904.0
184	420904.0
185	144394.0
186	144394.0
187	144394.0
188	144394.0
189	144394.0
190	462075.0
191	462075.0
192	462075.0
193	462075.0
194	462075.0
195	333205.0
196	333205.0
197	333205.0
198	333205.0
199	333205.0
200	190502.0
201	190502.0
202	190502.0
203	190502.0
204	190502.0
205	430693.0
206	430693.0
207	430693.0
208	430693.0
209	430693.0
210	240784.0
211	240784.0
212	240784.0
213	240784.0
214	240784.0
215	299246.0
216	299246.0
217	299246.0
218	299246.0
219	299246.0
220	75732.0
221	75732.0
222	75732.0
223	75732.0
224	75732.0
225	354757.0
226	354757.0
227	354757.0
228	354757.0
229	354757.0
230	299203.0
231	299203.0
232	299203.0
233	299203.0
234	299203.0
235	490928.0
236	490928.0
237	490928.0
238	490928.0
239	490928.0
240	406065.0
241	406065.0
242	406065.0
243	406065.0
244	406065.0
245	202806.0
246	202806.0
247	202806.0
248	202806.0
249	202806.0
