0	465543.0
1	465543.0
2	465543.0
3	465543.0
4	465543.0
5	529233.0
6	529233.0
7	529233.0
8	529233.0
9	529233.0
10	463557.0
11	463557.0
12	463557.0
13	463557.0
14	463557.0
15	64839.0
16	64839.0
17	64839.0
18	64839.0
19	64839.0
20	191629.0
21	191629.0
22	191629.0
23	191629.0
24	191629.0
25	398724.0
26	398724.0
27	398724.0
28	398724.0
29	398724.0
30	527136.0
31	527136.0
32	527136.0
33	527136.0
34	527136.0
35	537975.0
36	537975.0
37	537975.0
38	537975.0
39	537975.0
40	113583.0
41	113583.0
42	113583.0
43	113583.0
44	113583.0
45	229106.0
46	229106.0
47	229106.0
48	229106.0
49	229106.0
50	223979.0
51	223979.0
52	223979.0
53	223979.0
54	223979.0
55	508081.0
56	508081.0
57	508081.0
58	508081.0
59	508081.0
60	44540.0
61	44540.0
62	44540.0
63	44540.0
64	44540.0
65	232696.0
66	232696.0
67	232696.0
68	232696.0
69	232696.0
70	421370.0
71	421370.0
72	421370.0
73	421370.0
74	421370.0
75	39366.0
76	39366.0
77	39366.0
78	39366.0
79	39366.0
80	405888.0
81	405888.0
82	405888.0
83	405888.0
84	405888.0
85	302885.0
86	302885.0
87	302885.0
88	302885.0
89	302885.0
90	200662.0
91	200662.0
92	200662.0
93	200662.0
94	200662.0
95	528176.0
96	528176.0
97	528176.0
98	528176.0
99	528176.0
100	11179.0
101	11179.0
102	11179.0
103	11179.0
104	11179.0
105	413747.0
106	413747.0
107	413747.0
108	413747.0
109	413747.0
110	528564.0
111	528564.0
112	528564.0
113	528564.0
114	528564.0
115	166188.0
116	166188.0
117	166188.0
118	166188.0
119	166188.0
120	227415.0
121	227415.0
122	227415.0
123	227415.0
124	227415.0
125	392882.0
126	392882.0
127	392882.0
128	392882.0
129	392882.0
130	345260.0
131	345260.0
132	345260.0
133	345260.0
134	345260.0
135	454502.0
136	454502.0
137	454502.0
138	454502.0
139	454502.0
140	106144.0
141	106144.0
142	106144.0
143	106144.0
144	106144.0
145	122694.0
146	122694.0
147	122694.0
148	122694.0
149	122694.0
150	456996.0
151	456996.0
152	456996.0
153	456996.0
154	456996.0
155	476641.0
156	476641.0
157	476641.0
158	476641.0
159	476641.0
160	370984.0
161	370984.0
162	370984.0
163	370984.0
164	370984.0
165	463094.0
166	463094.0
167	463094.0
168	463094.0
169	463094.0
170	299250.0
171	299250.0
172	299250.0
173	299250.0
174	299250.0
175	200199.0
176	200199.0
177	200199.0
178	200199.0
179	200199.0
180	10945.0
181	10945.0
182	10945.0
183	10945.0
184	10945.0
185	203990.0
186	203990.0
187	203990.0
188	203990.0
189	203990.0
190	111561.0
191	111561.0
192	111561.0
193	111561.0
194	111561.0
195	181575.0
196	181575.0
197	181575.0
198	181575.0
199	181575.0
200	218235.0
201	218235.0
202	218235.0
203	218235.0
204	218235.0
205	166213.0
206	166213.0
207	166213.0
208	166213.0
209	166213.0
210	460932.0
211	460932.0
212	460932.0
213	460932.0
214	460932.0
215	169692.0
216	169692.0
217	169692.0
218	169692.0
219	169692.0
220	351301.0
221	351301.0
222	351301.0
223	351301.0
224	351301.0
225	164609.0
226	164609.0
227	164609.0
228	164609.0
229	164609.0
230	444318.0
231	444318.0
232	444318.0
233	444318.0
234	444318.0
235	426641.0
236	426641.0
237	426641.0
238	426641.0
239	426641.0
240	427771.0
241	427771.0
242	427771.0
243	427771.0
244	427771.0
245	313474.0
246	313474.0
247	313474.0
248	313474.0
249	313474.0
