0	4449.0
1	4449.0
2	4449.0
3	4449.0
4	4449.0
5	400243.0
6	400243.0
7	400243.0
8	400243.0
9	400243.0
10	128785.0
11	128785.0
12	128785.0
13	128785.0
14	128785.0
15	431187.0
16	431187.0
17	431187.0
18	431187.0
19	431187.0
20	392183.0
21	392183.0
22	392183.0
23	392183.0
24	392183.0
25	441386.0
26	441386.0
27	441386.0
28	441386.0
29	441386.0
30	230630.0
31	230630.0
32	230630.0
33	230630.0
34	230630.0
35	304419.0
36	304419.0
37	304419.0
38	304419.0
39	304419.0
40	446426.0
41	446426.0
42	446426.0
43	446426.0
44	446426.0
45	381119.0
46	381119.0
47	381119.0
48	381119.0
49	381119.0
50	420164.0
51	420164.0
52	420164.0
53	420164.0
54	420164.0
55	482500.0
56	482500.0
57	482500.0
58	482500.0
59	482500.0
60	345857.0
61	345857.0
62	345857.0
63	345857.0
64	345857.0
65	32289.0
66	32289.0
67	32289.0
68	32289.0
69	32289.0
70	256749.0
71	256749.0
72	256749.0
73	256749.0
74	256749.0
75	88646.0
76	88646.0
77	88646.0
78	88646.0
79	88646.0
80	237600.0
81	237600.0
82	237600.0
83	237600.0
84	237600.0
85	289950.0
86	289950.0
87	289950.0
88	289950.0
89	289950.0
90	374886.0
91	374886.0
92	374886.0
93	374886.0
94	374886.0
95	176359.0
96	176359.0
97	176359.0
98	176359.0
99	176359.0
100	470769.0
101	470769.0
102	470769.0
103	470769.0
104	470769.0
105	356081.0
106	356081.0
107	356081.0
108	356081.0
109	356081.0
110	504388.0
111	504388.0
112	504388.0
113	504388.0
114	504388.0
115	173850.0
116	173850.0
117	173850.0
118	173850.0
119	173850.0
120	416320.0
121	416320.0
122	416320.0
123	416320.0
124	416320.0
125	14091.0
126	14091.0
127	14091.0
128	14091.0
129	14091.0
130	378037.0
131	378037.0
132	378037.0
133	378037.0
134	378037.0
135	372688.0
136	372688.0
137	372688.0
138	372688.0
139	372688.0
140	268140.0
141	268140.0
142	268140.0
143	268140.0
144	268140.0
145	457023.0
146	457023.0
147	457023.0
148	457023.0
149	457023.0
150	217281.0
151	217281.0
152	217281.0
153	217281.0
154	217281.0
155	411814.0
156	411814.0
157	411814.0
158	411814.0
159	411814.0
160	464075.0
161	464075.0
162	464075.0
163	464075.0
164	464075.0
165	358457.0
166	358457.0
167	358457.0
168	358457.0
169	358457.0
170	310692.0
171	310692.0
172	310692.0
173	310692.0
174	310692.0
175	247819.0
176	247819.0
177	247819.0
178	247819.0
179	247819.0
180	163436.0
181	163436.0
182	163436.0
183	163436.0
184	163436.0
185	6326.0
186	6326.0
187	6326.0
188	6326.0
189	6326.0
190	231952.0
191	231952.0
192	231952.0
193	231952.0
194	231952.0
195	401529.0
196	401529.0
197	401529.0
198	401529.0
199	401529.0
200	444149.0
201	444149.0
202	444149.0
203	444149.0
204	444149.0
205	395588.0
206	395588.0
207	395588.0
208	395588.0
209	395588.0
210	356787.0
211	356787.0
212	356787.0
213	356787.0
214	356787.0
215	476524.0
216	476524.0
217	476524.0
218	476524.0
219	476524.0
220	485018.0
221	485018.0
222	485018.0
223	485018.0
224	485018.0
225	35845.0
226	35845.0
227	35845.0
228	35845.0
229	35845.0
230	4224.0
231	4224.0
232	4224.0
233	4224.0
234	4224.0
235	535511.0
236	535511.0
237	535511.0
238	535511.0
239	535511.0
240	447386.0
241	447386.0
242	447386.0
243	447386.0
244	447386.0
245	513484.0
246	513484.0
247	513484.0
248	513484.0
249	513484.0
