0	14958.0
1	14958.0
2	14958.0
3	14958.0
4	14958.0
5	288025.0
6	288025.0
7	288025.0
8	288025.0
9	288025.0
10	157683.0
11	157683.0
12	157683.0
13	157683.0
14	157683.0
15	446573.0
16	446573.0
17	446573.0
18	446573.0
19	446573.0
20	80030.0
21	80030.0
22	80030.0
23	80030.0
24	80030.0
25	303513.0
26	303513.0
27	303513.0
28	303513.0
29	303513.0
30	224292.0
31	224292.0
32	224292.0
33	224292.0
34	224292.0
35	297366.0
36	297366.0
37	297366.0
38	297366.0
39	297366.0
40	426085.0
41	426085.0
42	426085.0
43	426085.0
44	426085.0
45	302397.0
46	302397.0
47	302397.0
48	302397.0
49	302397.0
50	90140.0
51	90140.0
52	90140.0
53	90140.0
54	90140.0
55	77868.0
56	77868.0
57	77868.0
58	77868.0
59	77868.0
60	468441.0
61	468441.0
62	468441.0
63	468441.0
64	468441.0
65	488949.0
66	488949.0
67	488949.0
68	488949.0
69	488949.0
70	428732.0
71	428732.0
72	428732.0
73	428732.0
74	428732.0
75	474695.0
76	474695.0
77	474695.0
78	474695.0
79	474695.0
80	276414.0
81	276414.0
82	276414.0
83	276414.0
84	276414.0
85	60881.0
86	60881.0
87	60881.0
88	60881.0
89	60881.0
90	131960.0
91	131960.0
92	131960.0
93	131960.0
94	131960.0
95	2512.0
96	2512.0
97	2512.0
98	2512.0
99	2512.0
100	214830.0
101	214830.0
102	214830.0
103	214830.0
104	214830.0
105	323524.0
106	323524.0
107	323524.0
108	323524.0
109	323524.0
110	524742.0
111	524742.0
112	524742.0
113	524742.0
114	524742.0
115	202869.0
116	202869.0
117	202869.0
118	202869.0
119	202869.0
120	193255.0
121	193255.0
122	193255.0
123	193255.0
124	193255.0
125	373681.0
126	373681.0
127	373681.0
128	373681.0
129	373681.0
130	350748.0
131	350748.0
132	350748.0
133	350748.0
134	350748.0
135	431755.0
136	431755.0
137	431755.0
138	431755.0
139	431755.0
140	223509.0
141	223509.0
142	223509.0
143	223509.0
144	223509.0
145	263949.0
146	263949.0
147	263949.0
148	263949.0
149	263949.0
150	312332.0
151	312332.0
152	312332.0
153	312332.0
154	312332.0
155	112868.0
156	112868.0
157	112868.0
158	112868.0
159	112868.0
160	457209.0
161	457209.0
162	457209.0
163	457209.0
164	457209.0
165	328248.0
166	328248.0
167	328248.0
168	328248.0
169	328248.0
170	478143.0
171	478143.0
172	478143.0
173	478143.0
174	478143.0
175	99324.0
176	99324.0
177	99324.0
178	99324.0
179	99324.0
180	284536.0
181	284536.0
182	284536.0
183	284536.0
184	284536.0
185	396344.0
186	396344.0
187	396344.0
188	396344.0
189	396344.0
190	456964.0
191	456964.0
192	456964.0
193	456964.0
194	456964.0
195	58249.0
196	58249.0
197	58249.0
198	58249.0
199	58249.0
200	185792.0
201	185792.0
202	185792.0
203	185792.0
204	185792.0
205	275922.0
206	275922.0
207	275922.0
208	275922.0
209	275922.0
210	322614.0
211	322614.0
212	322614.0
213	322614.0
214	322614.0
215	170466.0
216	170466.0
217	170466.0
218	170466.0
219	170466.0
220	193689.0
221	193689.0
222	193689.0
223	193689.0
224	193689.0
225	312754.0
226	312754.0
227	312754.0
228	312754.0
229	312754.0
230	214566.0
231	214566.0
232	214566.0
233	214566.0
234	214566.0
235	422116.0
236	422116.0
237	422116.0
238	422116.0
239	422116.0
240	6350.0
241	6350.0
242	6350.0
243	6350.0
244	6350.0
245	35433.0
246	35433.0
247	35433.0
248	35433.0
249	35433.0
