0	84214.0
1	84214.0
2	84214.0
3	84214.0
4	84214.0
5	41535.0
6	41535.0
7	41535.0
8	41535.0
9	41535.0
10	454637.0
11	454637.0
12	454637.0
13	454637.0
14	454637.0
15	779305.0
16	779305.0
17	779305.0
18	779305.0
19	779305.0
20	376205.0
21	376205.0
22	376205.0
23	376205.0
24	376205.0
25	274655.0
26	274655.0
27	274655.0
28	274655.0
29	274655.0
30	3437.0
31	3437.0
32	3437.0
33	3437.0
34	3437.0
35	373170.0
36	373170.0
37	373170.0
38	373170.0
39	373170.0
40	616219.0
41	616219.0
42	616219.0
43	616219.0
44	616219.0
45	134015.0
46	134015.0
47	134015.0
48	134015.0
49	134015.0
50	130302.0
51	130302.0
52	130302.0
53	130302.0
54	130302.0
55	289686.0
56	289686.0
57	289686.0
58	289686.0
59	289686.0
60	283258.0
61	283258.0
62	283258.0
63	283258.0
64	283258.0
65	614820.0
66	614820.0
67	614820.0
68	614820.0
69	614820.0
70	223724.0
71	223724.0
72	223724.0
73	223724.0
74	223724.0
75	674746.0
76	674746.0
77	674746.0
78	674746.0
79	674746.0
80	136854.0
81	136854.0
82	136854.0
83	136854.0
84	136854.0
85	462381.0
86	462381.0
87	462381.0
88	462381.0
89	462381.0
90	374104.0
91	374104.0
92	374104.0
93	374104.0
94	374104.0
95	11323.0
96	11323.0
97	11323.0
98	11323.0
99	11323.0
100	371647.0
101	371647.0
102	371647.0
103	371647.0
104	371647.0
105	647536.0
106	647536.0
107	647536.0
108	647536.0
109	647536.0
110	229773.0
111	229773.0
112	229773.0
113	229773.0
114	229773.0
115	290071.0
116	290071.0
117	290071.0
118	290071.0
119	290071.0
120	199921.0
121	199921.0
122	199921.0
123	199921.0
124	199921.0
125	217311.0
126	217311.0
127	217311.0
128	217311.0
129	217311.0
130	213427.0
131	213427.0
132	213427.0
133	213427.0
134	213427.0
135	39203.0
136	39203.0
137	39203.0
138	39203.0
139	39203.0
140	223047.0
141	223047.0
142	223047.0
143	223047.0
144	223047.0
145	609003.0
146	609003.0
147	609003.0
148	609003.0
149	609003.0
150	450865.0
151	450865.0
152	450865.0
153	450865.0
154	450865.0
155	632213.0
156	632213.0
157	632213.0
158	632213.0
159	632213.0
160	616061.0
161	616061.0
162	616061.0
163	616061.0
164	616061.0
165	672465.0
166	672465.0
167	672465.0
168	672465.0
169	672465.0
170	777962.0
171	777962.0
172	777962.0
173	777962.0
174	777962.0
175	17553.0
176	17553.0
177	17553.0
178	17553.0
179	17553.0
180	78210.0
181	78210.0
182	78210.0
183	78210.0
184	78210.0
185	519051.0
186	519051.0
187	519051.0
188	519051.0
189	519051.0
190	223153.0
191	223153.0
192	223153.0
193	223153.0
194	223153.0
195	709559.0
196	709559.0
197	709559.0
198	709559.0
199	709559.0
200	233793.0
201	233793.0
202	233793.0
203	233793.0
204	233793.0
205	6345.0
206	6345.0
207	6345.0
208	6345.0
209	6345.0
210	193297.0
211	193297.0
212	193297.0
213	193297.0
214	193297.0
215	303897.0
216	303897.0
217	303897.0
218	303897.0
219	303897.0
220	462522.0
221	462522.0
222	462522.0
223	462522.0
224	462522.0
225	8668.0
226	8668.0
227	8668.0
228	8668.0
229	8668.0
230	20631.0
231	20631.0
232	20631.0
233	20631.0
234	20631.0
235	442258.0
236	442258.0
237	442258.0
238	442258.0
239	442258.0
240	497848.0
241	497848.0
242	497848.0
243	497848.0
244	497848.0
245	373947.0
246	373947.0
247	373947.0
248	373947.0
249	373947.0
