0	618230.0
1	618230.0
2	618230.0
3	618230.0
4	618230.0
5	219714.0
6	219714.0
7	219714.0
8	219714.0
9	219714.0
10	176112.0
11	176112.0
12	176112.0
13	176112.0
14	176112.0
15	477974.0
16	477974.0
17	477974.0
18	477974.0
19	477974.0
20	422361.0
21	422361.0
22	422361.0
23	422361.0
24	422361.0
25	749750.0
26	749750.0
27	749750.0
28	749750.0
29	749750.0
30	79898.0
31	79898.0
32	79898.0
33	79898.0
34	79898.0
35	116150.0
36	116150.0
37	116150.0
38	116150.0
39	116150.0
40	591703.0
41	591703.0
42	591703.0
43	591703.0
44	591703.0
45	112762.0
46	112762.0
47	112762.0
48	112762.0
49	112762.0
50	575784.0
51	575784.0
52	575784.0
53	575784.0
54	575784.0
55	413895.0
56	413895.0
57	413895.0
58	413895.0
59	413895.0
60	491778.0
61	491778.0
62	491778.0
63	491778.0
64	491778.0
65	69291.0
66	69291.0
67	69291.0
68	69291.0
69	69291.0
70	778736.0
71	778736.0
72	778736.0
73	778736.0
74	778736.0
75	734369.0
76	734369.0
77	734369.0
78	734369.0
79	734369.0
80	68483.0
81	68483.0
82	68483.0
83	68483.0
84	68483.0
85	701291.0
86	701291.0
87	701291.0
88	701291.0
89	701291.0
90	306112.0
91	306112.0
92	306112.0
93	306112.0
94	306112.0
95	727184.0
96	727184.0
97	727184.0
98	727184.0
99	727184.0
100	557239.0
101	557239.0
102	557239.0
103	557239.0
104	557239.0
105	50828.0
106	50828.0
107	50828.0
108	50828.0
109	50828.0
110	122673.0
111	122673.0
112	122673.0
113	122673.0
114	122673.0
115	88679.0
116	88679.0
117	88679.0
118	88679.0
119	88679.0
120	54875.0
121	54875.0
122	54875.0
123	54875.0
124	54875.0
125	384219.0
126	384219.0
127	384219.0
128	384219.0
129	384219.0
130	671738.0
131	671738.0
132	671738.0
133	671738.0
134	671738.0
135	669364.0
136	669364.0
137	669364.0
138	669364.0
139	669364.0
140	675364.0
141	675364.0
142	675364.0
143	675364.0
144	675364.0
145	729094.0
146	729094.0
147	729094.0
148	729094.0
149	729094.0
150	357876.0
151	357876.0
152	357876.0
153	357876.0
154	357876.0
155	473369.0
156	473369.0
157	473369.0
158	473369.0
159	473369.0
160	418340.0
161	418340.0
162	418340.0
163	418340.0
164	418340.0
165	687187.0
166	687187.0
167	687187.0
168	687187.0
169	687187.0
170	372749.0
171	372749.0
172	372749.0
173	372749.0
174	372749.0
175	419157.0
176	419157.0
177	419157.0
178	419157.0
179	419157.0
180	630682.0
181	630682.0
182	630682.0
183	630682.0
184	630682.0
185	611385.0
186	611385.0
187	611385.0
188	611385.0
189	611385.0
190	187988.0
191	187988.0
192	187988.0
193	187988.0
194	187988.0
195	507955.0
196	507955.0
197	507955.0
198	507955.0
199	507955.0
200	517586.0
201	517586.0
202	517586.0
203	517586.0
204	517586.0
205	535601.0
206	535601.0
207	535601.0
208	535601.0
209	535601.0
210	457695.0
211	457695.0
212	457695.0
213	457695.0
214	457695.0
215	549947.0
216	549947.0
217	549947.0
218	549947.0
219	549947.0
220	425104.0
221	425104.0
222	425104.0
223	425104.0
224	425104.0
225	360823.0
226	360823.0
227	360823.0
228	360823.0
229	360823.0
230	110320.0
231	110320.0
232	110320.0
233	110320.0
234	110320.0
235	760625.0
236	760625.0
237	760625.0
238	760625.0
239	760625.0
240	675558.0
241	675558.0
242	675558.0
243	675558.0
244	675558.0
245	558169.0
246	558169.0
247	558169.0
248	558169.0
249	558169.0
