0	768318.0
1	768318.0
2	768318.0
3	768318.0
4	768318.0
5	731206.0
6	731206.0
7	731206.0
8	731206.0
9	731206.0
10	466771.0
11	466771.0
12	466771.0
13	466771.0
14	466771.0
15	581648.0
16	581648.0
17	581648.0
18	581648.0
19	581648.0
20	338102.0
21	338102.0
22	338102.0
23	338102.0
24	338102.0
25	448607.0
26	448607.0
27	448607.0
28	448607.0
29	448607.0
30	222110.0
31	222110.0
32	222110.0
33	222110.0
34	222110.0
35	156680.0
36	156680.0
37	156680.0
38	156680.0
39	156680.0
40	71143.0
41	71143.0
42	71143.0
43	71143.0
44	71143.0
45	211990.0
46	211990.0
47	211990.0
48	211990.0
49	211990.0
50	349112.0
51	349112.0
52	349112.0
53	349112.0
54	349112.0
55	699593.0
56	699593.0
57	699593.0
58	699593.0
59	699593.0
60	649652.0
61	649652.0
62	649652.0
63	649652.0
64	649652.0
65	72076.0
66	72076.0
67	72076.0
68	72076.0
69	72076.0
70	253547.0
71	253547.0
72	253547.0
73	253547.0
74	253547.0
75	134170.0
76	134170.0
77	134170.0
78	134170.0
79	134170.0
80	500342.0
81	500342.0
82	500342.0
83	500342.0
84	500342.0
85	366029.0
86	366029.0
87	366029.0
88	366029.0
89	366029.0
90	154522.0
91	154522.0
92	154522.0
93	154522.0
94	154522.0
95	312033.0
96	312033.0
97	312033.0
98	312033.0
99	312033.0
100	181979.0
101	181979.0
102	181979.0
103	181979.0
104	181979.0
105	413659.0
106	413659.0
107	413659.0
108	413659.0
109	413659.0
110	641931.0
111	641931.0
112	641931.0
113	641931.0
114	641931.0
115	11456.0
116	11456.0
117	11456.0
118	11456.0
119	11456.0
120	9453.0
121	9453.0
122	9453.0
123	9453.0
124	9453.0
125	415676.0
126	415676.0
127	415676.0
128	415676.0
129	415676.0
130	371904.0
131	371904.0
132	371904.0
133	371904.0
134	371904.0
135	14106.0
136	14106.0
137	14106.0
138	14106.0
139	14106.0
140	137807.0
141	137807.0
142	137807.0
143	137807.0
144	137807.0
145	737624.0
146	737624.0
147	737624.0
148	737624.0
149	737624.0
150	780220.0
151	780220.0
152	780220.0
153	780220.0
154	780220.0
155	72465.0
156	72465.0
157	72465.0
158	72465.0
159	72465.0
160	284258.0
161	284258.0
162	284258.0
163	284258.0
164	284258.0
165	380020.0
166	380020.0
167	380020.0
168	380020.0
169	380020.0
170	320645.0
171	320645.0
172	320645.0
173	320645.0
174	320645.0
175	421107.0
176	421107.0
177	421107.0
178	421107.0
179	421107.0
180	281393.0
181	281393.0
182	281393.0
183	281393.0
184	281393.0
185	611942.0
186	611942.0
187	611942.0
188	611942.0
189	611942.0
190	116379.0
191	116379.0
192	116379.0
193	116379.0
194	116379.0
195	128047.0
196	128047.0
197	128047.0
198	128047.0
199	128047.0
200	185598.0
201	185598.0
202	185598.0
203	185598.0
204	185598.0
205	115913.0
206	115913.0
207	115913.0
208	115913.0
209	115913.0
210	653460.0
211	653460.0
212	653460.0
213	653460.0
214	653460.0
215	10995.0
216	10995.0
217	10995.0
218	10995.0
219	10995.0
220	364160.0
221	364160.0
222	364160.0
223	364160.0
224	364160.0
225	389628.0
226	389628.0
227	389628.0
228	389628.0
229	389628.0
230	200196.0
231	200196.0
232	200196.0
233	200196.0
234	200196.0
235	511626.0
236	511626.0
237	511626.0
238	511626.0
239	511626.0
240	334058.0
241	334058.0
242	334058.0
243	334058.0
244	334058.0
245	298496.0
246	298496.0
247	298496.0
248	298496.0
249	298496.0
