0	144236.0
1	144236.0
2	144236.0
3	144236.0
4	144236.0
5	224727.0
6	224727.0
7	224727.0
8	224727.0
9	224727.0
10	511171.0
11	511171.0
12	511171.0
13	511171.0
14	511171.0
15	547661.0
16	547661.0
17	547661.0
18	547661.0
19	547661.0
20	8034.0
21	8034.0
22	8034.0
23	8034.0
24	8034.0
25	245916.0
26	245916.0
27	245916.0
28	245916.0
29	245916.0
30	272015.0
31	272015.0
32	272015.0
33	272015.0
34	272015.0
35	267691.0
36	267691.0
37	267691.0
38	267691.0
39	267691.0
40	630245.0
41	630245.0
42	630245.0
43	630245.0
44	630245.0
45	342877.0
46	342877.0
47	342877.0
48	342877.0
49	342877.0
50	287203.0
51	287203.0
52	287203.0
53	287203.0
54	287203.0
55	728045.0
56	728045.0
57	728045.0
58	728045.0
59	728045.0
60	281276.0
61	281276.0
62	281276.0
63	281276.0
64	281276.0
65	195890.0
66	195890.0
67	195890.0
68	195890.0
69	195890.0
70	636993.0
71	636993.0
72	636993.0
73	636993.0
74	636993.0
75	167770.0
76	167770.0
77	167770.0
78	167770.0
79	167770.0
80	526197.0
81	526197.0
82	526197.0
83	526197.0
84	526197.0
85	243268.0
86	243268.0
87	243268.0
88	243268.0
89	243268.0
90	435079.0
91	435079.0
92	435079.0
93	435079.0
94	435079.0
95	744092.0
96	744092.0
97	744092.0
98	744092.0
99	744092.0
100	425233.0
101	425233.0
102	425233.0
103	425233.0
104	425233.0
105	660878.0
106	660878.0
107	660878.0
108	660878.0
109	660878.0
110	644720.0
111	644720.0
112	644720.0
113	644720.0
114	644720.0
115	95015.0
116	95015.0
117	95015.0
118	95015.0
119	95015.0
120	515990.0
121	515990.0
122	515990.0
123	515990.0
124	515990.0
125	184980.0
126	184980.0
127	184980.0
128	184980.0
129	184980.0
130	241576.0
131	241576.0
132	241576.0
133	241576.0
134	241576.0
135	495362.0
136	495362.0
137	495362.0
138	495362.0
139	495362.0
140	352828.0
141	352828.0
142	352828.0
143	352828.0
144	352828.0
145	490461.0
146	490461.0
147	490461.0
148	490461.0
149	490461.0
150	385444.0
151	385444.0
152	385444.0
153	385444.0
154	385444.0
155	463976.0
156	463976.0
157	463976.0
158	463976.0
159	463976.0
160	303433.0
161	303433.0
162	303433.0
163	303433.0
164	303433.0
165	616842.0
166	616842.0
167	616842.0
168	616842.0
169	616842.0
170	106676.0
171	106676.0
172	106676.0
173	106676.0
174	106676.0
175	205046.0
176	205046.0
177	205046.0
178	205046.0
179	205046.0
180	186484.0
181	186484.0
182	186484.0
183	186484.0
184	186484.0
185	232269.0
186	232269.0
187	232269.0
188	232269.0
189	232269.0
190	300383.0
191	300383.0
192	300383.0
193	300383.0
194	300383.0
195	313293.0
196	313293.0
197	313293.0
198	313293.0
199	313293.0
200	645558.0
201	645558.0
202	645558.0
203	645558.0
204	645558.0
205	585219.0
206	585219.0
207	585219.0
208	585219.0
209	585219.0
210	37826.0
211	37826.0
212	37826.0
213	37826.0
214	37826.0
215	94823.0
216	94823.0
217	94823.0
218	94823.0
219	94823.0
220	632135.0
221	632135.0
222	632135.0
223	632135.0
224	632135.0
225	632476.0
226	632476.0
227	632476.0
228	632476.0
229	632476.0
230	150705.0
231	150705.0
232	150705.0
233	150705.0
234	150705.0
235	139065.0
236	139065.0
237	139065.0
238	139065.0
239	139065.0
240	112251.0
241	112251.0
242	112251.0
243	112251.0
244	112251.0
245	534085.0
246	534085.0
247	534085.0
248	534085.0
249	534085.0
