0	272329.0
1	272329.0
2	272329.0
3	272329.0
4	272329.0
5	88061.0
6	88061.0
7	88061.0
8	88061.0
9	88061.0
10	332994.0
11	332994.0
12	332994.0
13	332994.0
14	332994.0
15	93486.0
16	93486.0
17	93486.0
18	93486.0
19	93486.0
20	56356.0
21	56356.0
22	56356.0
23	56356.0
24	56356.0
25	112290.0
26	112290.0
27	112290.0
28	112290.0
29	112290.0
30	35132.0
31	35132.0
32	35132.0
33	35132.0
34	35132.0
35	146051.0
36	146051.0
37	146051.0
38	146051.0
39	146051.0
40	584866.0
41	584866.0
42	584866.0
43	584866.0
44	584866.0
45	142373.0
46	142373.0
47	142373.0
48	142373.0
49	142373.0
50	769588.0
51	769588.0
52	769588.0
53	769588.0
54	769588.0
55	115270.0
56	115270.0
57	115270.0
58	115270.0
59	115270.0
60	611765.0
61	611765.0
62	611765.0
63	611765.0
64	611765.0
65	597114.0
66	597114.0
67	597114.0
68	597114.0
69	597114.0
70	709691.0
71	709691.0
72	709691.0
73	709691.0
74	709691.0
75	583505.0
76	583505.0
77	583505.0
78	583505.0
79	583505.0
80	241897.0
81	241897.0
82	241897.0
83	241897.0
84	241897.0
85	5848.0
86	5848.0
87	5848.0
88	5848.0
89	5848.0
90	381489.0
91	381489.0
92	381489.0
93	381489.0
94	381489.0
95	387715.0
96	387715.0
97	387715.0
98	387715.0
99	387715.0
100	195784.0
101	195784.0
102	195784.0
103	195784.0
104	195784.0
105	669488.0
106	669488.0
107	669488.0
108	669488.0
109	669488.0
110	3000.0
111	3000.0
112	3000.0
113	3000.0
114	3000.0
115	486953.0
116	486953.0
117	486953.0
118	486953.0
119	486953.0
120	535258.0
121	535258.0
122	535258.0
123	535258.0
124	535258.0
125	627559.0
126	627559.0
127	627559.0
128	627559.0
129	627559.0
130	779344.0
131	779344.0
132	779344.0
133	779344.0
134	779344.0
135	735804.0
136	735804.0
137	735804.0
138	735804.0
139	735804.0
140	131049.0
141	131049.0
142	131049.0
143	131049.0
144	131049.0
145	446923.0
146	446923.0
147	446923.0
148	446923.0
149	446923.0
150	78474.0
151	78474.0
152	78474.0
153	78474.0
154	78474.0
155	738157.0
156	738157.0
157	738157.0
158	738157.0
159	738157.0
160	173595.0
161	173595.0
162	173595.0
163	173595.0
164	173595.0
165	410605.0
166	410605.0
167	410605.0
168	410605.0
169	410605.0
170	192162.0
171	192162.0
172	192162.0
173	192162.0
174	192162.0
175	423177.0
176	423177.0
177	423177.0
178	423177.0
179	423177.0
180	338477.0
181	338477.0
182	338477.0
183	338477.0
184	338477.0
185	752421.0
186	752421.0
187	752421.0
188	752421.0
189	752421.0
190	201747.0
191	201747.0
192	201747.0
193	201747.0
194	201747.0
195	321124.0
196	321124.0
197	321124.0
198	321124.0
199	321124.0
200	134371.0
201	134371.0
202	134371.0
203	134371.0
204	134371.0
205	673355.0
206	673355.0
207	673355.0
208	673355.0
209	673355.0
210	479685.0
211	479685.0
212	479685.0
213	479685.0
214	479685.0
215	563786.0
216	563786.0
217	563786.0
218	563786.0
219	563786.0
220	512322.0
221	512322.0
222	512322.0
223	512322.0
224	512322.0
225	655635.0
226	655635.0
227	655635.0
228	655635.0
229	655635.0
230	388050.0
231	388050.0
232	388050.0
233	388050.0
234	388050.0
235	574047.0
236	574047.0
237	574047.0
238	574047.0
239	574047.0
240	132180.0
241	132180.0
242	132180.0
243	132180.0
244	132180.0
245	652715.0
246	652715.0
247	652715.0
248	652715.0
249	652715.0
