0	33547.0
1	33547.0
2	33547.0
3	33547.0
4	33547.0
5	759575.0
6	759575.0
7	759575.0
8	759575.0
9	759575.0
10	809452.0
11	809452.0
12	809452.0
13	809452.0
14	809452.0
15	705871.0
16	705871.0
17	705871.0
18	705871.0
19	705871.0
20	816920.0
21	816920.0
22	816920.0
23	816920.0
24	816920.0
25	656173.0
26	656173.0
27	656173.0
28	656173.0
29	656173.0
30	127430.0
31	127430.0
32	127430.0
33	127430.0
34	127430.0
35	33809.0
36	33809.0
37	33809.0
38	33809.0
39	33809.0
40	751063.0
41	751063.0
42	751063.0
43	751063.0
44	751063.0
45	488277.0
46	488277.0
47	488277.0
48	488277.0
49	488277.0
50	449861.0
51	449861.0
52	449861.0
53	449861.0
54	449861.0
55	88002.0
56	88002.0
57	88002.0
58	88002.0
59	88002.0
60	858412.0
61	858412.0
62	858412.0
63	858412.0
64	858412.0
65	485238.0
66	485238.0
67	485238.0
68	485238.0
69	485238.0
70	674836.0
71	674836.0
72	674836.0
73	674836.0
74	674836.0
75	79832.0
76	79832.0
77	79832.0
78	79832.0
79	79832.0
80	743228.0
81	743228.0
82	743228.0
83	743228.0
84	743228.0
85	224249.0
86	224249.0
87	224249.0
88	224249.0
89	224249.0
90	162659.0
91	162659.0
92	162659.0
93	162659.0
94	162659.0
95	605566.0
96	605566.0
97	605566.0
98	605566.0
99	605566.0
100	505840.0
101	505840.0
102	505840.0
103	505840.0
104	505840.0
105	720829.0
106	720829.0
107	720829.0
108	720829.0
109	720829.0
110	709945.0
111	709945.0
112	709945.0
113	709945.0
114	709945.0
115	297876.0
116	297876.0
117	297876.0
118	297876.0
119	297876.0
120	446001.0
121	446001.0
122	446001.0
123	446001.0
124	446001.0
125	845966.0
126	845966.0
127	845966.0
128	845966.0
129	845966.0
130	838323.0
131	838323.0
132	838323.0
133	838323.0
134	838323.0
135	858645.0
136	858645.0
137	858645.0
138	858645.0
139	858645.0
140	485032.0
141	485032.0
142	485032.0
143	485032.0
144	485032.0
145	561394.0
146	561394.0
147	561394.0
148	561394.0
149	561394.0
150	31848.0
151	31848.0
152	31848.0
153	31848.0
154	31848.0
155	621870.0
156	621870.0
157	621870.0
158	621870.0
159	621870.0
160	346362.0
161	346362.0
162	346362.0
163	346362.0
164	346362.0
165	220907.0
166	220907.0
167	220907.0
168	220907.0
169	220907.0
170	720786.0
171	720786.0
172	720786.0
173	720786.0
174	720786.0
175	159571.0
176	159571.0
177	159571.0
178	159571.0
179	159571.0
180	53506.0
181	53506.0
182	53506.0
183	53506.0
184	53506.0
185	479971.0
186	479971.0
187	479971.0
188	479971.0
189	479971.0
190	750060.0
191	750060.0
192	750060.0
193	750060.0
194	750060.0
195	580278.0
196	580278.0
197	580278.0
198	580278.0
199	580278.0
200	297292.0
201	297292.0
202	297292.0
203	297292.0
204	297292.0
205	368116.0
206	368116.0
207	368116.0
208	368116.0
209	368116.0
210	546181.0
211	546181.0
212	546181.0
213	546181.0
214	546181.0
215	276067.0
216	276067.0
217	276067.0
218	276067.0
219	276067.0
220	839941.0
221	839941.0
222	839941.0
223	839941.0
224	839941.0
225	102878.0
226	102878.0
227	102878.0
228	102878.0
229	102878.0
230	117459.0
231	117459.0
232	117459.0
233	117459.0
234	117459.0
235	811621.0
236	811621.0
237	811621.0
238	811621.0
239	811621.0
240	478985.0
241	478985.0
242	478985.0
243	478985.0
244	478985.0
245	252819.0
246	252819.0
247	252819.0
248	252819.0
249	252819.0
