0	768255.0
1	768255.0
2	768255.0
3	768255.0
4	768255.0
5	805733.0
6	805733.0
7	805733.0
8	805733.0
9	805733.0
10	794755.0
11	794755.0
12	794755.0
13	794755.0
14	794755.0
15	612095.0
16	612095.0
17	612095.0
18	612095.0
19	612095.0
20	364535.0
21	364535.0
22	364535.0
23	364535.0
24	364535.0
25	363811.0
26	363811.0
27	363811.0
28	363811.0
29	363811.0
30	613416.0
31	613416.0
32	613416.0
33	613416.0
34	613416.0
35	488116.0
36	488116.0
37	488116.0
38	488116.0
39	488116.0
40	665027.0
41	665027.0
42	665027.0
43	665027.0
44	665027.0
45	183030.0
46	183030.0
47	183030.0
48	183030.0
49	183030.0
50	846634.0
51	846634.0
52	846634.0
53	846634.0
54	846634.0
55	666181.0
56	666181.0
57	666181.0
58	666181.0
59	666181.0
60	384738.0
61	384738.0
62	384738.0
63	384738.0
64	384738.0
65	724612.0
66	724612.0
67	724612.0
68	724612.0
69	724612.0
70	310556.0
71	310556.0
72	310556.0
73	310556.0
74	310556.0
75	16739.0
76	16739.0
77	16739.0
78	16739.0
79	16739.0
80	160510.0
81	160510.0
82	160510.0
83	160510.0
84	160510.0
85	252426.0
86	252426.0
87	252426.0
88	252426.0
89	252426.0
90	650475.0
91	650475.0
92	650475.0
93	650475.0
94	650475.0
95	356621.0
96	356621.0
97	356621.0
98	356621.0
99	356621.0
100	482651.0
101	482651.0
102	482651.0
103	482651.0
104	482651.0
105	613948.0
106	613948.0
107	613948.0
108	613948.0
109	613948.0
110	328796.0
111	328796.0
112	328796.0
113	328796.0
114	328796.0
115	324310.0
116	324310.0
117	324310.0
118	324310.0
119	324310.0
120	336271.0
121	336271.0
122	336271.0
123	336271.0
124	336271.0
125	398893.0
126	398893.0
127	398893.0
128	398893.0
129	398893.0
130	67186.0
131	67186.0
132	67186.0
133	67186.0
134	67186.0
135	713618.0
136	713618.0
137	713618.0
138	713618.0
139	713618.0
140	696969.0
141	696969.0
142	696969.0
143	696969.0
144	696969.0
145	454956.0
146	454956.0
147	454956.0
148	454956.0
149	454956.0
150	503179.0
151	503179.0
152	503179.0
153	503179.0
154	503179.0
155	136426.0
156	136426.0
157	136426.0
158	136426.0
159	136426.0
160	245626.0
161	245626.0
162	245626.0
163	245626.0
164	245626.0
165	833459.0
166	833459.0
167	833459.0
168	833459.0
169	833459.0
170	95640.0
171	95640.0
172	95640.0
173	95640.0
174	95640.0
175	572036.0
176	572036.0
177	572036.0
178	572036.0
179	572036.0
180	366382.0
181	366382.0
182	366382.0
183	366382.0
184	366382.0
185	364802.0
186	364802.0
187	364802.0
188	364802.0
189	364802.0
190	500995.0
191	500995.0
192	500995.0
193	500995.0
194	500995.0
195	710270.0
196	710270.0
197	710270.0
198	710270.0
199	710270.0
200	385221.0
201	385221.0
202	385221.0
203	385221.0
204	385221.0
205	461194.0
206	461194.0
207	461194.0
208	461194.0
209	461194.0
210	803.0
211	803.0
212	803.0
213	803.0
214	803.0
215	727888.0
216	727888.0
217	727888.0
218	727888.0
219	727888.0
220	784113.0
221	784113.0
222	784113.0
223	784113.0
224	784113.0
225	254016.0
226	254016.0
227	254016.0
228	254016.0
229	254016.0
230	743150.0
231	743150.0
232	743150.0
233	743150.0
234	743150.0
235	421610.0
236	421610.0
237	421610.0
238	421610.0
239	421610.0
240	743721.0
241	743721.0
242	743721.0
243	743721.0
244	743721.0
245	708059.0
246	708059.0
247	708059.0
248	708059.0
249	708059.0
