0	377058.0
1	377058.0
2	377058.0
3	377058.0
4	377058.0
5	713047.0
6	713047.0
7	713047.0
8	713047.0
9	713047.0
10	36311.0
11	36311.0
12	36311.0
13	36311.0
14	36311.0
15	324988.0
16	324988.0
17	324988.0
18	324988.0
19	324988.0
20	580432.0
21	580432.0
22	580432.0
23	580432.0
24	580432.0
25	698416.0
26	698416.0
27	698416.0
28	698416.0
29	698416.0
30	20365.0
31	20365.0
32	20365.0
33	20365.0
34	20365.0
35	411799.0
36	411799.0
37	411799.0
38	411799.0
39	411799.0
40	406456.0
41	406456.0
42	406456.0
43	406456.0
44	406456.0
45	83858.0
46	83858.0
47	83858.0
48	83858.0
49	83858.0
50	96867.0
51	96867.0
52	96867.0
53	96867.0
54	96867.0
55	207335.0
56	207335.0
57	207335.0
58	207335.0
59	207335.0
60	859786.0
61	859786.0
62	859786.0
63	859786.0
64	859786.0
65	721633.0
66	721633.0
67	721633.0
68	721633.0
69	721633.0
70	443639.0
71	443639.0
72	443639.0
73	443639.0
74	443639.0
75	310838.0
76	310838.0
77	310838.0
78	310838.0
79	310838.0
80	131417.0
81	131417.0
82	131417.0
83	131417.0
84	131417.0
85	769305.0
86	769305.0
87	769305.0
88	769305.0
89	769305.0
90	344230.0
91	344230.0
92	344230.0
93	344230.0
94	344230.0
95	653682.0
96	653682.0
97	653682.0
98	653682.0
99	653682.0
100	203876.0
101	203876.0
102	203876.0
103	203876.0
104	203876.0
105	603822.0
106	603822.0
107	603822.0
108	603822.0
109	603822.0
110	115053.0
111	115053.0
112	115053.0
113	115053.0
114	115053.0
115	596402.0
116	596402.0
117	596402.0
118	596402.0
119	596402.0
120	565310.0
121	565310.0
122	565310.0
123	565310.0
124	565310.0
125	627342.0
126	627342.0
127	627342.0
128	627342.0
129	627342.0
130	354996.0
131	354996.0
132	354996.0
133	354996.0
134	354996.0
135	170491.0
136	170491.0
137	170491.0
138	170491.0
139	170491.0
140	420949.0
141	420949.0
142	420949.0
143	420949.0
144	420949.0
145	193853.0
146	193853.0
147	193853.0
148	193853.0
149	193853.0
150	674291.0
151	674291.0
152	674291.0
153	674291.0
154	674291.0
155	693748.0
156	693748.0
157	693748.0
158	693748.0
159	693748.0
160	120371.0
161	120371.0
162	120371.0
163	120371.0
164	120371.0
165	811173.0
166	811173.0
167	811173.0
168	811173.0
169	811173.0
170	151081.0
171	151081.0
172	151081.0
173	151081.0
174	151081.0
175	683164.0
176	683164.0
177	683164.0
178	683164.0
179	683164.0
180	732640.0
181	732640.0
182	732640.0
183	732640.0
184	732640.0
185	784694.0
186	784694.0
187	784694.0
188	784694.0
189	784694.0
190	601377.0
191	601377.0
192	601377.0
193	601377.0
194	601377.0
195	521281.0
196	521281.0
197	521281.0
198	521281.0
199	521281.0
200	710801.0
201	710801.0
202	710801.0
203	710801.0
204	710801.0
205	12255.0
206	12255.0
207	12255.0
208	12255.0
209	12255.0
210	202696.0
211	202696.0
212	202696.0
213	202696.0
214	202696.0
215	143271.0
216	143271.0
217	143271.0
218	143271.0
219	143271.0
220	314074.0
221	314074.0
222	314074.0
223	314074.0
224	314074.0
225	372608.0
226	372608.0
227	372608.0
228	372608.0
229	372608.0
230	183266.0
231	183266.0
232	183266.0
233	183266.0
234	183266.0
235	58313.0
236	58313.0
237	58313.0
238	58313.0
239	58313.0
240	88484.0
241	88484.0
242	88484.0
243	88484.0
244	88484.0
245	358682.0
246	358682.0
247	358682.0
248	358682.0
249	358682.0
