0	471085.0
1	471085.0
2	471085.0
3	471085.0
4	471085.0
5	404833.0
6	404833.0
7	404833.0
8	404833.0
9	404833.0
10	733870.0
11	733870.0
12	733870.0
13	733870.0
14	733870.0
15	804390.0
16	804390.0
17	804390.0
18	804390.0
19	804390.0
20	784436.0
21	784436.0
22	784436.0
23	784436.0
24	784436.0
25	589243.0
26	589243.0
27	589243.0
28	589243.0
29	589243.0
30	799495.0
31	799495.0
32	799495.0
33	799495.0
34	799495.0
35	802030.0
36	802030.0
37	802030.0
38	802030.0
39	802030.0
40	74723.0
41	74723.0
42	74723.0
43	74723.0
44	74723.0
45	830351.0
46	830351.0
47	830351.0
48	830351.0
49	830351.0
50	166442.0
51	166442.0
52	166442.0
53	166442.0
54	166442.0
55	273180.0
56	273180.0
57	273180.0
58	273180.0
59	273180.0
60	589539.0
61	589539.0
62	589539.0
63	589539.0
64	589539.0
65	604202.0
66	604202.0
67	604202.0
68	604202.0
69	604202.0
70	695969.0
71	695969.0
72	695969.0
73	695969.0
74	695969.0
75	735571.0
76	735571.0
77	735571.0
78	735571.0
79	735571.0
80	418095.0
81	418095.0
82	418095.0
83	418095.0
84	418095.0
85	385978.0
86	385978.0
87	385978.0
88	385978.0
89	385978.0
90	377288.0
91	377288.0
92	377288.0
93	377288.0
94	377288.0
95	815570.0
96	815570.0
97	815570.0
98	815570.0
99	815570.0
100	602878.0
101	602878.0
102	602878.0
103	602878.0
104	602878.0
105	726778.0
106	726778.0
107	726778.0
108	726778.0
109	726778.0
110	383485.0
111	383485.0
112	383485.0
113	383485.0
114	383485.0
115	781879.0
116	781879.0
117	781879.0
118	781879.0
119	781879.0
120	768256.0
121	768256.0
122	768256.0
123	768256.0
124	768256.0
125	340407.0
126	340407.0
127	340407.0
128	340407.0
129	340407.0
130	662587.0
131	662587.0
132	662587.0
133	662587.0
134	662587.0
135	519109.0
136	519109.0
137	519109.0
138	519109.0
139	519109.0
140	379021.0
141	379021.0
142	379021.0
143	379021.0
144	379021.0
145	497328.0
146	497328.0
147	497328.0
148	497328.0
149	497328.0
150	278843.0
151	278843.0
152	278843.0
153	278843.0
154	278843.0
155	790603.0
156	790603.0
157	790603.0
158	790603.0
159	790603.0
160	158984.0
161	158984.0
162	158984.0
163	158984.0
164	158984.0
165	162034.0
166	162034.0
167	162034.0
168	162034.0
169	162034.0
170	605414.0
171	605414.0
172	605414.0
173	605414.0
174	605414.0
175	64165.0
176	64165.0
177	64165.0
178	64165.0
179	64165.0
180	166016.0
181	166016.0
182	166016.0
183	166016.0
184	166016.0
185	684825.0
186	684825.0
187	684825.0
188	684825.0
189	684825.0
190	498648.0
191	498648.0
192	498648.0
193	498648.0
194	498648.0
195	310719.0
196	310719.0
197	310719.0
198	310719.0
199	310719.0
200	167538.0
201	167538.0
202	167538.0
203	167538.0
204	167538.0
205	66566.0
206	66566.0
207	66566.0
208	66566.0
209	66566.0
210	566019.0
211	566019.0
212	566019.0
213	566019.0
214	566019.0
215	421225.0
216	421225.0
217	421225.0
218	421225.0
219	421225.0
220	364666.0
221	364666.0
222	364666.0
223	364666.0
224	364666.0
225	350644.0
226	350644.0
227	350644.0
228	350644.0
229	350644.0
230	153627.0
231	153627.0
232	153627.0
233	153627.0
234	153627.0
235	353875.0
236	353875.0
237	353875.0
238	353875.0
239	353875.0
240	287302.0
241	287302.0
242	287302.0
243	287302.0
244	287302.0
245	63763.0
246	63763.0
247	63763.0
248	63763.0
249	63763.0
