0	109902.0
1	109902.0
2	109902.0
3	109902.0
4	109902.0
5	12188.0
6	12188.0
7	12188.0
8	12188.0
9	12188.0
10	96897.0
11	96897.0
12	96897.0
13	96897.0
14	96897.0
15	32841.0
16	32841.0
17	32841.0
18	32841.0
19	32841.0
20	8591.0
21	8591.0
22	8591.0
23	8591.0
24	8591.0
25	108050.0
26	108050.0
27	108050.0
28	108050.0
29	108050.0
30	111267.0
31	111267.0
32	111267.0
33	111267.0
34	111267.0
35	45092.0
36	45092.0
37	45092.0
38	45092.0
39	45092.0
40	88018.0
41	88018.0
42	88018.0
43	88018.0
44	88018.0
45	56638.0
46	56638.0
47	56638.0
48	56638.0
49	56638.0
50	95618.0
51	95618.0
52	95618.0
53	95618.0
54	95618.0
55	72633.0
56	72633.0
57	72633.0
58	72633.0
59	72633.0
60	93157.0
61	93157.0
62	93157.0
63	93157.0
64	93157.0
65	12694.0
66	12694.0
67	12694.0
68	12694.0
69	12694.0
70	98162.0
71	98162.0
72	98162.0
73	98162.0
74	98162.0
75	37514.0
76	37514.0
77	37514.0
78	37514.0
79	37514.0
80	8015.0
81	8015.0
82	8015.0
83	8015.0
84	8015.0
85	10708.0
86	10708.0
87	10708.0
88	10708.0
89	10708.0
90	72195.0
91	72195.0
92	72195.0
93	72195.0
94	72195.0
95	58111.0
96	58111.0
97	58111.0
98	58111.0
99	58111.0
100	38169.0
101	38169.0
102	38169.0
103	38169.0
104	38169.0
105	92174.0
106	92174.0
107	92174.0
108	92174.0
109	92174.0
110	41127.0
111	41127.0
112	41127.0
113	41127.0
114	41127.0
115	97320.0
116	97320.0
117	97320.0
118	97320.0
119	97320.0
120	75712.0
121	75712.0
122	75712.0
123	75712.0
124	75712.0
125	54188.0
126	54188.0
127	54188.0
128	54188.0
129	54188.0
130	105329.0
131	105329.0
132	105329.0
133	105329.0
134	105329.0
135	118659.0
136	118659.0
137	118659.0
138	118659.0
139	118659.0
140	98054.0
141	98054.0
142	98054.0
143	98054.0
144	98054.0
145	60972.0
146	60972.0
147	60972.0
148	60972.0
149	60972.0
150	84683.0
151	84683.0
152	84683.0
153	84683.0
154	84683.0
155	83219.0
156	83219.0
157	83219.0
158	83219.0
159	83219.0
160	20226.0
161	20226.0
162	20226.0
163	20226.0
164	20226.0
165	87288.0
166	87288.0
167	87288.0
168	87288.0
169	87288.0
170	42115.0
171	42115.0
172	42115.0
173	42115.0
174	42115.0
175	120139.0
176	120139.0
177	120139.0
178	120139.0
179	120139.0
180	44753.0
181	44753.0
182	44753.0
183	44753.0
184	44753.0
185	24568.0
186	24568.0
187	24568.0
188	24568.0
189	24568.0
190	59720.0
191	59720.0
192	59720.0
193	59720.0
194	59720.0
195	39731.0
196	39731.0
197	39731.0
198	39731.0
199	39731.0
200	57450.0
201	57450.0
202	57450.0
203	57450.0
204	57450.0
205	95207.0
206	95207.0
207	95207.0
208	95207.0
209	95207.0
210	62985.0
211	62985.0
212	62985.0
213	62985.0
214	62985.0
215	9659.0
216	9659.0
217	9659.0
218	9659.0
219	9659.0
220	58826.0
221	58826.0
222	58826.0
223	58826.0
224	58826.0
225	68645.0
226	68645.0
227	68645.0
228	68645.0
229	68645.0
230	94970.0
231	94970.0
232	94970.0
233	94970.0
234	94970.0
235	26736.0
236	26736.0
237	26736.0
238	26736.0
239	26736.0
240	53563.0
241	53563.0
242	53563.0
243	53563.0
244	53563.0
245	17063.0
246	17063.0
247	17063.0
248	17063.0
249	17063.0
