0	99506.0
1	99506.0
2	99506.0
3	99506.0
4	99506.0
5	98693.0
6	98693.0
7	98693.0
8	98693.0
9	98693.0
10	90228.0
11	90228.0
12	90228.0
13	90228.0
14	90228.0
15	116563.0
16	116563.0
17	116563.0
18	116563.0
19	116563.0
20	46411.0
21	46411.0
22	46411.0
23	46411.0
24	46411.0
25	83421.0
26	83421.0
27	83421.0
28	83421.0
29	83421.0
30	117409.0
31	117409.0
32	117409.0
33	117409.0
34	117409.0
35	119854.0
36	119854.0
37	119854.0
38	119854.0
39	119854.0
40	31547.0
41	31547.0
42	31547.0
43	31547.0
44	31547.0
45	23952.0
46	23952.0
47	23952.0
48	23952.0
49	23952.0
50	62608.0
51	62608.0
52	62608.0
53	62608.0
54	62608.0
55	81472.0
56	81472.0
57	81472.0
58	81472.0
59	81472.0
60	66995.0
61	66995.0
62	66995.0
63	66995.0
64	66995.0
65	17600.0
66	17600.0
67	17600.0
68	17600.0
69	17600.0
70	84498.0
71	84498.0
72	84498.0
73	84498.0
74	84498.0
75	119263.0
76	119263.0
77	119263.0
78	119263.0
79	119263.0
80	78776.0
81	78776.0
82	78776.0
83	78776.0
84	78776.0
85	30349.0
86	30349.0
87	30349.0
88	30349.0
89	30349.0
90	68574.0
91	68574.0
92	68574.0
93	68574.0
94	68574.0
95	49630.0
96	49630.0
97	49630.0
98	49630.0
99	49630.0
100	95238.0
101	95238.0
102	95238.0
103	95238.0
104	95238.0
105	101693.0
106	101693.0
107	101693.0
108	101693.0
109	101693.0
110	40561.0
111	40561.0
112	40561.0
113	40561.0
114	40561.0
115	81447.0
116	81447.0
117	81447.0
118	81447.0
119	81447.0
120	18897.0
121	18897.0
122	18897.0
123	18897.0
124	18897.0
125	115067.0
126	115067.0
127	115067.0
128	115067.0
129	115067.0
130	105040.0
131	105040.0
132	105040.0
133	105040.0
134	105040.0
135	4316.0
136	4316.0
137	4316.0
138	4316.0
139	4316.0
140	114501.0
141	114501.0
142	114501.0
143	114501.0
144	114501.0
145	30815.0
146	30815.0
147	30815.0
148	30815.0
149	30815.0
150	16120.0
151	16120.0
152	16120.0
153	16120.0
154	16120.0
155	77344.0
156	77344.0
157	77344.0
158	77344.0
159	77344.0
160	82222.0
161	82222.0
162	82222.0
163	82222.0
164	82222.0
165	63619.0
166	63619.0
167	63619.0
168	63619.0
169	63619.0
170	61788.0
171	61788.0
172	61788.0
173	61788.0
174	61788.0
175	20249.0
176	20249.0
177	20249.0
178	20249.0
179	20249.0
180	77525.0
181	77525.0
182	77525.0
183	77525.0
184	77525.0
185	89060.0
186	89060.0
187	89060.0
188	89060.0
189	89060.0
190	17132.0
191	17132.0
192	17132.0
193	17132.0
194	17132.0
195	52562.0
196	52562.0
197	52562.0
198	52562.0
199	52562.0
200	61650.0
201	61650.0
202	61650.0
203	61650.0
204	61650.0
205	18784.0
206	18784.0
207	18784.0
208	18784.0
209	18784.0
210	51772.0
211	51772.0
212	51772.0
213	51772.0
214	51772.0
215	23953.0
216	23953.0
217	23953.0
218	23953.0
219	23953.0
220	102570.0
221	102570.0
222	102570.0
223	102570.0
224	102570.0
225	108964.0
226	108964.0
227	108964.0
228	108964.0
229	108964.0
230	77339.0
231	77339.0
232	77339.0
233	77339.0
234	77339.0
235	115035.0
236	115035.0
237	115035.0
238	115035.0
239	115035.0
240	28559.0
241	28559.0
242	28559.0
243	28559.0
244	28559.0
245	46514.0
246	46514.0
247	46514.0
248	46514.0
249	46514.0
