0	73352.0
1	73352.0
2	73352.0
3	73352.0
4	73352.0
5	48899.0
6	48899.0
7	48899.0
8	48899.0
9	48899.0
10	117531.0
11	117531.0
12	117531.0
13	117531.0
14	117531.0
15	61610.0
16	61610.0
17	61610.0
18	61610.0
19	61610.0
20	81794.0
21	81794.0
22	81794.0
23	81794.0
24	81794.0
25	4288.0
26	4288.0
27	4288.0
28	4288.0
29	4288.0
30	108436.0
31	108436.0
32	108436.0
33	108436.0
34	108436.0
35	9172.0
36	9172.0
37	9172.0
38	9172.0
39	9172.0
40	16541.0
41	16541.0
42	16541.0
43	16541.0
44	16541.0
45	88496.0
46	88496.0
47	88496.0
48	88496.0
49	88496.0
50	105410.0
51	105410.0
52	105410.0
53	105410.0
54	105410.0
55	111691.0
56	111691.0
57	111691.0
58	111691.0
59	111691.0
60	89024.0
61	89024.0
62	89024.0
63	89024.0
64	89024.0
65	77100.0
66	77100.0
67	77100.0
68	77100.0
69	77100.0
70	37885.0
71	37885.0
72	37885.0
73	37885.0
74	37885.0
75	119200.0
76	119200.0
77	119200.0
78	119200.0
79	119200.0
80	67259.0
81	67259.0
82	67259.0
83	67259.0
84	67259.0
85	71261.0
86	71261.0
87	71261.0
88	71261.0
89	71261.0
90	35183.0
91	35183.0
92	35183.0
93	35183.0
94	35183.0
95	121633.0
96	121633.0
97	121633.0
98	121633.0
99	121633.0
100	99057.0
101	99057.0
102	99057.0
103	99057.0
104	99057.0
105	105530.0
106	105530.0
107	105530.0
108	105530.0
109	105530.0
110	19866.0
111	19866.0
112	19866.0
113	19866.0
114	19866.0
115	78065.0
116	78065.0
117	78065.0
118	78065.0
119	78065.0
120	23348.0
121	23348.0
122	23348.0
123	23348.0
124	23348.0
125	42628.0
126	42628.0
127	42628.0
128	42628.0
129	42628.0
130	28865.0
131	28865.0
132	28865.0
133	28865.0
134	28865.0
135	12618.0
136	12618.0
137	12618.0
138	12618.0
139	12618.0
140	103962.0
141	103962.0
142	103962.0
143	103962.0
144	103962.0
145	12185.0
146	12185.0
147	12185.0
148	12185.0
149	12185.0
150	96356.0
151	96356.0
152	96356.0
153	96356.0
154	96356.0
155	64381.0
156	64381.0
157	64381.0
158	64381.0
159	64381.0
160	58524.0
161	58524.0
162	58524.0
163	58524.0
164	58524.0
165	93750.0
166	93750.0
167	93750.0
168	93750.0
169	93750.0
170	18014.0
171	18014.0
172	18014.0
173	18014.0
174	18014.0
175	31060.0
176	31060.0
177	31060.0
178	31060.0
179	31060.0
180	82355.0
181	82355.0
182	82355.0
183	82355.0
184	82355.0
185	90522.0
186	90522.0
187	90522.0
188	90522.0
189	90522.0
190	90612.0
191	90612.0
192	90612.0
193	90612.0
194	90612.0
195	15529.0
196	15529.0
197	15529.0
198	15529.0
199	15529.0
200	86962.0
201	86962.0
202	86962.0
203	86962.0
204	86962.0
205	20271.0
206	20271.0
207	20271.0
208	20271.0
209	20271.0
210	101353.0
211	101353.0
212	101353.0
213	101353.0
214	101353.0
215	79276.0
216	79276.0
217	79276.0
218	79276.0
219	79276.0
220	8245.0
221	8245.0
222	8245.0
223	8245.0
224	8245.0
225	92047.0
226	92047.0
227	92047.0
228	92047.0
229	92047.0
230	118006.0
231	118006.0
232	118006.0
233	118006.0
234	118006.0
235	94455.0
236	94455.0
237	94455.0
238	94455.0
239	94455.0
240	19085.0
241	19085.0
242	19085.0
243	19085.0
244	19085.0
245	117951.0
246	117951.0
247	117951.0
248	117951.0
249	117951.0
