0	435574.0
1	435574.0
2	435574.0
3	435574.0
4	435574.0
5	428742.0
6	428742.0
7	428742.0
8	428742.0
9	428742.0
10	579882.0
11	579882.0
12	579882.0
13	579882.0
14	579882.0
15	463872.0
16	463872.0
17	463872.0
18	463872.0
19	463872.0
20	5249.0
21	5249.0
22	5249.0
23	5249.0
24	5249.0
25	125764.0
26	125764.0
27	125764.0
28	125764.0
29	125764.0
30	503346.0
31	503346.0
32	503346.0
33	503346.0
34	503346.0
35	161481.0
36	161481.0
37	161481.0
38	161481.0
39	161481.0
40	195188.0
41	195188.0
42	195188.0
43	195188.0
44	195188.0
45	413468.0
46	413468.0
47	413468.0
48	413468.0
49	413468.0
50	647247.0
51	647247.0
52	647247.0
53	647247.0
54	647247.0
55	502101.0
56	502101.0
57	502101.0
58	502101.0
59	502101.0
60	371993.0
61	371993.0
62	371993.0
63	371993.0
64	371993.0
65	548644.0
66	548644.0
67	548644.0
68	548644.0
69	548644.0
70	338498.0
71	338498.0
72	338498.0
73	338498.0
74	338498.0
75	662232.0
76	662232.0
77	662232.0
78	662232.0
79	662232.0
80	467688.0
81	467688.0
82	467688.0
83	467688.0
84	467688.0
85	666188.0
86	666188.0
87	666188.0
88	666188.0
89	666188.0
90	248366.0
91	248366.0
92	248366.0
93	248366.0
94	248366.0
95	518029.0
96	518029.0
97	518029.0
98	518029.0
99	518029.0
100	430718.0
101	430718.0
102	430718.0
103	430718.0
104	430718.0
105	315496.0
106	315496.0
107	315496.0
108	315496.0
109	315496.0
110	307647.0
111	307647.0
112	307647.0
113	307647.0
114	307647.0
115	216047.0
116	216047.0
117	216047.0
118	216047.0
119	216047.0
120	536630.0
121	536630.0
122	536630.0
123	536630.0
124	536630.0
125	407271.0
126	407271.0
127	407271.0
128	407271.0
129	407271.0
130	653522.0
131	653522.0
132	653522.0
133	653522.0
134	653522.0
135	316215.0
136	316215.0
137	316215.0
138	316215.0
139	316215.0
140	89546.0
141	89546.0
142	89546.0
143	89546.0
144	89546.0
145	140561.0
146	140561.0
147	140561.0
148	140561.0
149	140561.0
150	204898.0
151	204898.0
152	204898.0
153	204898.0
154	204898.0
155	212516.0
156	212516.0
157	212516.0
158	212516.0
159	212516.0
160	675558.0
161	675558.0
162	675558.0
163	675558.0
164	675558.0
165	489030.0
166	489030.0
167	489030.0
168	489030.0
169	489030.0
170	219155.0
171	219155.0
172	219155.0
173	219155.0
174	219155.0
175	81416.0
176	81416.0
177	81416.0
178	81416.0
179	81416.0
180	435459.0
181	435459.0
182	435459.0
183	435459.0
184	435459.0
185	8362.0
186	8362.0
187	8362.0
188	8362.0
189	8362.0
190	514966.0
191	514966.0
192	514966.0
193	514966.0
194	514966.0
195	604958.0
196	604958.0
197	604958.0
198	604958.0
199	604958.0
200	139843.0
201	139843.0
202	139843.0
203	139843.0
204	139843.0
205	560721.0
206	560721.0
207	560721.0
208	560721.0
209	560721.0
210	676638.0
211	676638.0
212	676638.0
213	676638.0
214	676638.0
215	643700.0
216	643700.0
217	643700.0
218	643700.0
219	643700.0
220	61021.0
221	61021.0
222	61021.0
223	61021.0
224	61021.0
225	221929.0
226	221929.0
227	221929.0
228	221929.0
229	221929.0
230	505485.0
231	505485.0
232	505485.0
233	505485.0
234	505485.0
235	438573.0
236	438573.0
237	438573.0
238	438573.0
239	438573.0
240	102061.0
241	102061.0
242	102061.0
243	102061.0
244	102061.0
245	546522.0
246	546522.0
247	546522.0
248	546522.0
249	546522.0
