0	484802.0
1	484802.0
2	484802.0
3	484802.0
4	484802.0
5	418509.0
6	418509.0
7	418509.0
8	418509.0
9	418509.0
10	675404.0
11	675404.0
12	675404.0
13	675404.0
14	675404.0
15	64041.0
16	64041.0
17	64041.0
18	64041.0
19	64041.0
20	330901.0
21	330901.0
22	330901.0
23	330901.0
24	330901.0
25	471745.0
26	471745.0
27	471745.0
28	471745.0
29	471745.0
30	257294.0
31	257294.0
32	257294.0
33	257294.0
34	257294.0
35	546887.0
36	546887.0
37	546887.0
38	546887.0
39	546887.0
40	673825.0
41	673825.0
42	673825.0
43	673825.0
44	673825.0
45	6956.0
46	6956.0
47	6956.0
48	6956.0
49	6956.0
50	577296.0
51	577296.0
52	577296.0
53	577296.0
54	577296.0
55	292731.0
56	292731.0
57	292731.0
58	292731.0
59	292731.0
60	150005.0
61	150005.0
62	150005.0
63	150005.0
64	150005.0
65	567702.0
66	567702.0
67	567702.0
68	567702.0
69	567702.0
70	526936.0
71	526936.0
72	526936.0
73	526936.0
74	526936.0
75	363940.0
76	363940.0
77	363940.0
78	363940.0
79	363940.0
80	514256.0
81	514256.0
82	514256.0
83	514256.0
84	514256.0
85	514373.0
86	514373.0
87	514373.0
88	514373.0
89	514373.0
90	239994.0
91	239994.0
92	239994.0
93	239994.0
94	239994.0
95	577205.0
96	577205.0
97	577205.0
98	577205.0
99	577205.0
100	330502.0
101	330502.0
102	330502.0
103	330502.0
104	330502.0
105	421740.0
106	421740.0
107	421740.0
108	421740.0
109	421740.0
110	96747.0
111	96747.0
112	96747.0
113	96747.0
114	96747.0
115	448264.0
116	448264.0
117	448264.0
118	448264.0
119	448264.0
120	233263.0
121	233263.0
122	233263.0
123	233263.0
124	233263.0
125	214464.0
126	214464.0
127	214464.0
128	214464.0
129	214464.0
130	177000.0
131	177000.0
132	177000.0
133	177000.0
134	177000.0
135	196209.0
136	196209.0
137	196209.0
138	196209.0
139	196209.0
140	614495.0
141	614495.0
142	614495.0
143	614495.0
144	614495.0
145	137343.0
146	137343.0
147	137343.0
148	137343.0
149	137343.0
150	231011.0
151	231011.0
152	231011.0
153	231011.0
154	231011.0
155	331048.0
156	331048.0
157	331048.0
158	331048.0
159	331048.0
160	143690.0
161	143690.0
162	143690.0
163	143690.0
164	143690.0
165	411193.0
166	411193.0
167	411193.0
168	411193.0
169	411193.0
170	277316.0
171	277316.0
172	277316.0
173	277316.0
174	277316.0
175	150916.0
176	150916.0
177	150916.0
178	150916.0
179	150916.0
180	604289.0
181	604289.0
182	604289.0
183	604289.0
184	604289.0
185	19491.0
186	19491.0
187	19491.0
188	19491.0
189	19491.0
190	467184.0
191	467184.0
192	467184.0
193	467184.0
194	467184.0
195	491178.0
196	491178.0
197	491178.0
198	491178.0
199	491178.0
200	683428.0
201	683428.0
202	683428.0
203	683428.0
204	683428.0
205	652374.0
206	652374.0
207	652374.0
208	652374.0
209	652374.0
210	676813.0
211	676813.0
212	676813.0
213	676813.0
214	676813.0
215	278091.0
216	278091.0
217	278091.0
218	278091.0
219	278091.0
220	537568.0
221	537568.0
222	537568.0
223	537568.0
224	537568.0
225	610820.0
226	610820.0
227	610820.0
228	610820.0
229	610820.0
230	482468.0
231	482468.0
232	482468.0
233	482468.0
234	482468.0
235	404482.0
236	404482.0
237	404482.0
238	404482.0
239	404482.0
240	9638.0
241	9638.0
242	9638.0
243	9638.0
244	9638.0
245	593492.0
246	593492.0
247	593492.0
248	593492.0
249	593492.0
