0	476100.0
1	476100.0
2	476100.0
3	476100.0
4	476100.0
5	402083.0
6	402083.0
7	402083.0
8	402083.0
9	402083.0
10	161064.0
11	161064.0
12	161064.0
13	161064.0
14	161064.0
15	147764.0
16	147764.0
17	147764.0
18	147764.0
19	147764.0
20	342374.0
21	342374.0
22	342374.0
23	342374.0
24	342374.0
25	582136.0
26	582136.0
27	582136.0
28	582136.0
29	582136.0
30	244891.0
31	244891.0
32	244891.0
33	244891.0
34	244891.0
35	249344.0
36	249344.0
37	249344.0
38	249344.0
39	249344.0
40	604183.0
41	604183.0
42	604183.0
43	604183.0
44	604183.0
45	586779.0
46	586779.0
47	586779.0
48	586779.0
49	586779.0
50	462648.0
51	462648.0
52	462648.0
53	462648.0
54	462648.0
55	143790.0
56	143790.0
57	143790.0
58	143790.0
59	143790.0
60	189368.0
61	189368.0
62	189368.0
63	189368.0
64	189368.0
65	315799.0
66	315799.0
67	315799.0
68	315799.0
69	315799.0
70	174268.0
71	174268.0
72	174268.0
73	174268.0
74	174268.0
75	579713.0
76	579713.0
77	579713.0
78	579713.0
79	579713.0
80	70293.0
81	70293.0
82	70293.0
83	70293.0
84	70293.0
85	558551.0
86	558551.0
87	558551.0
88	558551.0
89	558551.0
90	457544.0
91	457544.0
92	457544.0
93	457544.0
94	457544.0
95	129878.0
96	129878.0
97	129878.0
98	129878.0
99	129878.0
100	26238.0
101	26238.0
102	26238.0
103	26238.0
104	26238.0
105	424957.0
106	424957.0
107	424957.0
108	424957.0
109	424957.0
110	212366.0
111	212366.0
112	212366.0
113	212366.0
114	212366.0
115	421998.0
116	421998.0
117	421998.0
118	421998.0
119	421998.0
120	189781.0
121	189781.0
122	189781.0
123	189781.0
124	189781.0
125	482231.0
126	482231.0
127	482231.0
128	482231.0
129	482231.0
130	643543.0
131	643543.0
132	643543.0
133	643543.0
134	643543.0
135	200726.0
136	200726.0
137	200726.0
138	200726.0
139	200726.0
140	27284.0
141	27284.0
142	27284.0
143	27284.0
144	27284.0
145	520876.0
146	520876.0
147	520876.0
148	520876.0
149	520876.0
150	541677.0
151	541677.0
152	541677.0
153	541677.0
154	541677.0
155	594849.0
156	594849.0
157	594849.0
158	594849.0
159	594849.0
160	21256.0
161	21256.0
162	21256.0
163	21256.0
164	21256.0
165	304552.0
166	304552.0
167	304552.0
168	304552.0
169	304552.0
170	583705.0
171	583705.0
172	583705.0
173	583705.0
174	583705.0
175	333377.0
176	333377.0
177	333377.0
178	333377.0
179	333377.0
180	296905.0
181	296905.0
182	296905.0
183	296905.0
184	296905.0
185	567051.0
186	567051.0
187	567051.0
188	567051.0
189	567051.0
190	50659.0
191	50659.0
192	50659.0
193	50659.0
194	50659.0
195	588328.0
196	588328.0
197	588328.0
198	588328.0
199	588328.0
200	530861.0
201	530861.0
202	530861.0
203	530861.0
204	530861.0
205	290417.0
206	290417.0
207	290417.0
208	290417.0
209	290417.0
210	496552.0
211	496552.0
212	496552.0
213	496552.0
214	496552.0
215	185551.0
216	185551.0
217	185551.0
218	185551.0
219	185551.0
220	469984.0
221	469984.0
222	469984.0
223	469984.0
224	469984.0
225	618966.0
226	618966.0
227	618966.0
228	618966.0
229	618966.0
230	482333.0
231	482333.0
232	482333.0
233	482333.0
234	482333.0
235	448427.0
236	448427.0
237	448427.0
238	448427.0
239	448427.0
240	452147.0
241	452147.0
242	452147.0
243	452147.0
244	452147.0
245	277957.0
246	277957.0
247	277957.0
248	277957.0
249	277957.0
