0	259277.0
1	259277.0
2	259277.0
3	259277.0
4	259277.0
5	92252.0
6	92252.0
7	92252.0
8	92252.0
9	92252.0
10	432051.0
11	432051.0
12	432051.0
13	432051.0
14	432051.0
15	80765.0
16	80765.0
17	80765.0
18	80765.0
19	80765.0
20	107844.0
21	107844.0
22	107844.0
23	107844.0
24	107844.0
25	40791.0
26	40791.0
27	40791.0
28	40791.0
29	40791.0
30	91668.0
31	91668.0
32	91668.0
33	91668.0
34	91668.0
35	102069.0
36	102069.0
37	102069.0
38	102069.0
39	102069.0
40	276762.0
41	276762.0
42	276762.0
43	276762.0
44	276762.0
45	154882.0
46	154882.0
47	154882.0
48	154882.0
49	154882.0
50	230161.0
51	230161.0
52	230161.0
53	230161.0
54	230161.0
55	229409.0
56	229409.0
57	229409.0
58	229409.0
59	229409.0
60	363967.0
61	363967.0
62	363967.0
63	363967.0
64	363967.0
65	511314.0
66	511314.0
67	511314.0
68	511314.0
69	511314.0
70	430673.0
71	430673.0
72	430673.0
73	430673.0
74	430673.0
75	306553.0
76	306553.0
77	306553.0
78	306553.0
79	306553.0
80	144326.0
81	144326.0
82	144326.0
83	144326.0
84	144326.0
85	58457.0
86	58457.0
87	58457.0
88	58457.0
89	58457.0
90	502700.0
91	502700.0
92	502700.0
93	502700.0
94	502700.0
95	469559.0
96	469559.0
97	469559.0
98	469559.0
99	469559.0
100	100546.0
101	100546.0
102	100546.0
103	100546.0
104	100546.0
105	87048.0
106	87048.0
107	87048.0
108	87048.0
109	87048.0
110	501380.0
111	501380.0
112	501380.0
113	501380.0
114	501380.0
115	494818.0
116	494818.0
117	494818.0
118	494818.0
119	494818.0
120	246093.0
121	246093.0
122	246093.0
123	246093.0
124	246093.0
125	437028.0
126	437028.0
127	437028.0
128	437028.0
129	437028.0
130	43855.0
131	43855.0
132	43855.0
133	43855.0
134	43855.0
135	183536.0
136	183536.0
137	183536.0
138	183536.0
139	183536.0
140	452246.0
141	452246.0
142	452246.0
143	452246.0
144	452246.0
145	64611.0
146	64611.0
147	64611.0
148	64611.0
149	64611.0
150	505367.0
151	505367.0
152	505367.0
153	505367.0
154	505367.0
155	332280.0
156	332280.0
157	332280.0
158	332280.0
159	332280.0
160	513672.0
161	513672.0
162	513672.0
163	513672.0
164	513672.0
165	502343.0
166	502343.0
167	502343.0
168	502343.0
169	502343.0
170	154822.0
171	154822.0
172	154822.0
173	154822.0
174	154822.0
175	205433.0
176	205433.0
177	205433.0
178	205433.0
179	205433.0
180	301955.0
181	301955.0
182	301955.0
183	301955.0
184	301955.0
185	260767.0
186	260767.0
187	260767.0
188	260767.0
189	260767.0
190	370770.0
191	370770.0
192	370770.0
193	370770.0
194	370770.0
195	71927.0
196	71927.0
197	71927.0
198	71927.0
199	71927.0
200	150928.0
201	150928.0
202	150928.0
203	150928.0
204	150928.0
205	200888.0
206	200888.0
207	200888.0
208	200888.0
209	200888.0
210	352928.0
211	352928.0
212	352928.0
213	352928.0
214	352928.0
215	239873.0
216	239873.0
217	239873.0
218	239873.0
219	239873.0
220	511573.0
221	511573.0
222	511573.0
223	511573.0
224	511573.0
225	181992.0
226	181992.0
227	181992.0
228	181992.0
229	181992.0
230	427407.0
231	427407.0
232	427407.0
233	427407.0
234	427407.0
235	83776.0
236	83776.0
237	83776.0
238	83776.0
239	83776.0
240	19479.0
241	19479.0
242	19479.0
243	19479.0
244	19479.0
245	509986.0
246	509986.0
247	509986.0
248	509986.0
249	509986.0
