0	498949.0
1	498949.0
2	498949.0
3	498949.0
4	498949.0
5	52242.0
6	52242.0
7	52242.0
8	52242.0
9	52242.0
10	133506.0
11	133506.0
12	133506.0
13	133506.0
14	133506.0
15	446977.0
16	446977.0
17	446977.0
18	446977.0
19	446977.0
20	296921.0
21	296921.0
22	296921.0
23	296921.0
24	296921.0
25	23926.0
26	23926.0
27	23926.0
28	23926.0
29	23926.0
30	447086.0
31	447086.0
32	447086.0
33	447086.0
34	447086.0
35	95875.0
36	95875.0
37	95875.0
38	95875.0
39	95875.0
40	149043.0
41	149043.0
42	149043.0
43	149043.0
44	149043.0
45	260076.0
46	260076.0
47	260076.0
48	260076.0
49	260076.0
50	60238.0
51	60238.0
52	60238.0
53	60238.0
54	60238.0
55	236472.0
56	236472.0
57	236472.0
58	236472.0
59	236472.0
60	243323.0
61	243323.0
62	243323.0
63	243323.0
64	243323.0
65	254863.0
66	254863.0
67	254863.0
68	254863.0
69	254863.0
70	269135.0
71	269135.0
72	269135.0
73	269135.0
74	269135.0
75	96999.0
76	96999.0
77	96999.0
78	96999.0
79	96999.0
80	316102.0
81	316102.0
82	316102.0
83	316102.0
84	316102.0
85	367562.0
86	367562.0
87	367562.0
88	367562.0
89	367562.0
90	172569.0
91	172569.0
92	172569.0
93	172569.0
94	172569.0
95	368833.0
96	368833.0
97	368833.0
98	368833.0
99	368833.0
100	246872.0
101	246872.0
102	246872.0
103	246872.0
104	246872.0
105	240037.0
106	240037.0
107	240037.0
108	240037.0
109	240037.0
110	70908.0
111	70908.0
112	70908.0
113	70908.0
114	70908.0
115	348760.0
116	348760.0
117	348760.0
118	348760.0
119	348760.0
120	374616.0
121	374616.0
122	374616.0
123	374616.0
124	374616.0
125	172317.0
126	172317.0
127	172317.0
128	172317.0
129	172317.0
130	401308.0
131	401308.0
132	401308.0
133	401308.0
134	401308.0
135	342859.0
136	342859.0
137	342859.0
138	342859.0
139	342859.0
140	28183.0
141	28183.0
142	28183.0
143	28183.0
144	28183.0
145	248166.0
146	248166.0
147	248166.0
148	248166.0
149	248166.0
150	363843.0
151	363843.0
152	363843.0
153	363843.0
154	363843.0
155	485641.0
156	485641.0
157	485641.0
158	485641.0
159	485641.0
160	340844.0
161	340844.0
162	340844.0
163	340844.0
164	340844.0
165	86465.0
166	86465.0
167	86465.0
168	86465.0
169	86465.0
170	270459.0
171	270459.0
172	270459.0
173	270459.0
174	270459.0
175	369547.0
176	369547.0
177	369547.0
178	369547.0
179	369547.0
180	376847.0
181	376847.0
182	376847.0
183	376847.0
184	376847.0
185	384687.0
186	384687.0
187	384687.0
188	384687.0
189	384687.0
190	471766.0
191	471766.0
192	471766.0
193	471766.0
194	471766.0
195	379875.0
196	379875.0
197	379875.0
198	379875.0
199	379875.0
200	106542.0
201	106542.0
202	106542.0
203	106542.0
204	106542.0
205	406688.0
206	406688.0
207	406688.0
208	406688.0
209	406688.0
210	59335.0
211	59335.0
212	59335.0
213	59335.0
214	59335.0
215	494640.0
216	494640.0
217	494640.0
218	494640.0
219	494640.0
220	138983.0
221	138983.0
222	138983.0
223	138983.0
224	138983.0
225	143234.0
226	143234.0
227	143234.0
228	143234.0
229	143234.0
230	65299.0
231	65299.0
232	65299.0
233	65299.0
234	65299.0
235	306749.0
236	306749.0
237	306749.0
238	306749.0
239	306749.0
240	58223.0
241	58223.0
242	58223.0
243	58223.0
244	58223.0
245	473129.0
246	473129.0
247	473129.0
248	473129.0
249	473129.0
