0	13623.0
1	13623.0
2	13623.0
3	13623.0
4	13623.0
5	184354.0
6	184354.0
7	184354.0
8	184354.0
9	184354.0
10	135064.0
11	135064.0
12	135064.0
13	135064.0
14	135064.0
15	161817.0
16	161817.0
17	161817.0
18	161817.0
19	161817.0
20	477270.0
21	477270.0
22	477270.0
23	477270.0
24	477270.0
25	359346.0
26	359346.0
27	359346.0
28	359346.0
29	359346.0
30	372677.0
31	372677.0
32	372677.0
33	372677.0
34	372677.0
35	160136.0
36	160136.0
37	160136.0
38	160136.0
39	160136.0
40	40022.0
41	40022.0
42	40022.0
43	40022.0
44	40022.0
45	29910.0
46	29910.0
47	29910.0
48	29910.0
49	29910.0
50	448139.0
51	448139.0
52	448139.0
53	448139.0
54	448139.0
55	292518.0
56	292518.0
57	292518.0
58	292518.0
59	292518.0
60	328796.0
61	328796.0
62	328796.0
63	328796.0
64	328796.0
65	169308.0
66	169308.0
67	169308.0
68	169308.0
69	169308.0
70	111382.0
71	111382.0
72	111382.0
73	111382.0
74	111382.0
75	368654.0
76	368654.0
77	368654.0
78	368654.0
79	368654.0
80	263369.0
81	263369.0
82	263369.0
83	263369.0
84	263369.0
85	46241.0
86	46241.0
87	46241.0
88	46241.0
89	46241.0
90	124563.0
91	124563.0
92	124563.0
93	124563.0
94	124563.0
95	171603.0
96	171603.0
97	171603.0
98	171603.0
99	171603.0
100	74901.0
101	74901.0
102	74901.0
103	74901.0
104	74901.0
105	171792.0
106	171792.0
107	171792.0
108	171792.0
109	171792.0
110	461519.0
111	461519.0
112	461519.0
113	461519.0
114	461519.0
115	77249.0
116	77249.0
117	77249.0
118	77249.0
119	77249.0
120	426948.0
121	426948.0
122	426948.0
123	426948.0
124	426948.0
125	208811.0
126	208811.0
127	208811.0
128	208811.0
129	208811.0
130	315070.0
131	315070.0
132	315070.0
133	315070.0
134	315070.0
135	204759.0
136	204759.0
137	204759.0
138	204759.0
139	204759.0
140	399692.0
141	399692.0
142	399692.0
143	399692.0
144	399692.0
145	476843.0
146	476843.0
147	476843.0
148	476843.0
149	476843.0
150	480244.0
151	480244.0
152	480244.0
153	480244.0
154	480244.0
155	283925.0
156	283925.0
157	283925.0
158	283925.0
159	283925.0
160	308448.0
161	308448.0
162	308448.0
163	308448.0
164	308448.0
165	406641.0
166	406641.0
167	406641.0
168	406641.0
169	406641.0
170	315157.0
171	315157.0
172	315157.0
173	315157.0
174	315157.0
175	383881.0
176	383881.0
177	383881.0
178	383881.0
179	383881.0
180	462025.0
181	462025.0
182	462025.0
183	462025.0
184	462025.0
185	119293.0
186	119293.0
187	119293.0
188	119293.0
189	119293.0
190	515130.0
191	515130.0
192	515130.0
193	515130.0
194	515130.0
195	71882.0
196	71882.0
197	71882.0
198	71882.0
199	71882.0
200	67596.0
201	67596.0
202	67596.0
203	67596.0
204	67596.0
205	300927.0
206	300927.0
207	300927.0
208	300927.0
209	300927.0
210	105731.0
211	105731.0
212	105731.0
213	105731.0
214	105731.0
215	102866.0
216	102866.0
217	102866.0
218	102866.0
219	102866.0
220	138326.0
221	138326.0
222	138326.0
223	138326.0
224	138326.0
225	246211.0
226	246211.0
227	246211.0
228	246211.0
229	246211.0
230	108098.0
231	108098.0
232	108098.0
233	108098.0
234	108098.0
235	359832.0
236	359832.0
237	359832.0
238	359832.0
239	359832.0
240	24716.0
241	24716.0
242	24716.0
243	24716.0
244	24716.0
245	258405.0
246	258405.0
247	258405.0
248	258405.0
249	258405.0
