0	695661.0
1	695661.0
2	695661.0
3	695661.0
4	695661.0
5	149044.0
6	149044.0
7	149044.0
8	149044.0
9	149044.0
10	823153.0
11	823153.0
12	823153.0
13	823153.0
14	823153.0
15	240366.0
16	240366.0
17	240366.0
18	240366.0
19	240366.0
20	674103.0
21	674103.0
22	674103.0
23	674103.0
24	674103.0
25	977495.0
26	977495.0
27	977495.0
28	977495.0
29	977495.0
30	377174.0
31	377174.0
32	377174.0
33	377174.0
34	377174.0
35	626775.0
36	626775.0
37	626775.0
38	626775.0
39	626775.0
40	795938.0
41	795938.0
42	795938.0
43	795938.0
44	795938.0
45	406298.0
46	406298.0
47	406298.0
48	406298.0
49	406298.0
50	559208.0
51	559208.0
52	559208.0
53	559208.0
54	559208.0
55	621724.0
56	621724.0
57	621724.0
58	621724.0
59	621724.0
60	59416.0
61	59416.0
62	59416.0
63	59416.0
64	59416.0
65	7639.0
66	7639.0
67	7639.0
68	7639.0
69	7639.0
70	993332.0
71	993332.0
72	993332.0
73	993332.0
74	993332.0
75	547856.0
76	547856.0
77	547856.0
78	547856.0
79	547856.0
80	483392.0
81	483392.0
82	483392.0
83	483392.0
84	483392.0
85	895271.0
86	895271.0
87	895271.0
88	895271.0
89	895271.0
90	886808.0
91	886808.0
92	886808.0
93	886808.0
94	886808.0
95	729202.0
96	729202.0
97	729202.0
98	729202.0
99	729202.0
100	312434.0
101	312434.0
102	312434.0
103	312434.0
104	312434.0
105	40118.0
106	40118.0
107	40118.0
108	40118.0
109	40118.0
110	884135.0
111	884135.0
112	884135.0
113	884135.0
114	884135.0
115	667478.0
116	667478.0
117	667478.0
118	667478.0
119	667478.0
120	668278.0
121	668278.0
122	668278.0
123	668278.0
124	668278.0
125	153635.0
126	153635.0
127	153635.0
128	153635.0
129	153635.0
130	630537.0
131	630537.0
132	630537.0
133	630537.0
134	630537.0
135	199042.0
136	199042.0
137	199042.0
138	199042.0
139	199042.0
140	764336.0
141	764336.0
142	764336.0
143	764336.0
144	764336.0
145	131227.0
146	131227.0
147	131227.0
148	131227.0
149	131227.0
150	563245.0
151	563245.0
152	563245.0
153	563245.0
154	563245.0
155	291378.0
156	291378.0
157	291378.0
158	291378.0
159	291378.0
160	653334.0
161	653334.0
162	653334.0
163	653334.0
164	653334.0
165	477964.0
166	477964.0
167	477964.0
168	477964.0
169	477964.0
170	830572.0
171	830572.0
172	830572.0
173	830572.0
174	830572.0
175	233474.0
176	233474.0
177	233474.0
178	233474.0
179	233474.0
180	575296.0
181	575296.0
182	575296.0
183	575296.0
184	575296.0
185	812565.0
186	812565.0
187	812565.0
188	812565.0
189	812565.0
190	938995.0
191	938995.0
192	938995.0
193	938995.0
194	938995.0
195	195184.0
196	195184.0
197	195184.0
198	195184.0
199	195184.0
200	658413.0
201	658413.0
202	658413.0
203	658413.0
204	658413.0
205	343743.0
206	343743.0
207	343743.0
208	343743.0
209	343743.0
210	341002.0
211	341002.0
212	341002.0
213	341002.0
214	341002.0
215	784289.0
216	784289.0
217	784289.0
218	784289.0
219	784289.0
220	734405.0
221	734405.0
222	734405.0
223	734405.0
224	734405.0
225	264403.0
226	264403.0
227	264403.0
228	264403.0
229	264403.0
230	499157.0
231	499157.0
232	499157.0
233	499157.0
234	499157.0
235	875591.0
236	875591.0
237	875591.0
238	875591.0
239	875591.0
240	966126.0
241	966126.0
242	966126.0
243	966126.0
244	966126.0
245	66846.0
246	66846.0
247	66846.0
248	66846.0
249	66846.0
