0	735075.0
1	735075.0
2	735075.0
3	735075.0
4	735075.0
5	686262.0
6	686262.0
7	686262.0
8	686262.0
9	686262.0
10	206874.0
11	206874.0
12	206874.0
13	206874.0
14	206874.0
15	145981.0
16	145981.0
17	145981.0
18	145981.0
19	145981.0
20	175962.0
21	175962.0
22	175962.0
23	175962.0
24	175962.0
25	602154.0
26	602154.0
27	602154.0
28	602154.0
29	602154.0
30	987796.0
31	987796.0
32	987796.0
33	987796.0
34	987796.0
35	754576.0
36	754576.0
37	754576.0
38	754576.0
39	754576.0
40	64199.0
41	64199.0
42	64199.0
43	64199.0
44	64199.0
45	238538.0
46	238538.0
47	238538.0
48	238538.0
49	238538.0
50	499232.0
51	499232.0
52	499232.0
53	499232.0
54	499232.0
55	886028.0
56	886028.0
57	886028.0
58	886028.0
59	886028.0
60	987290.0
61	987290.0
62	987290.0
63	987290.0
64	987290.0
65	123336.0
66	123336.0
67	123336.0
68	123336.0
69	123336.0
70	276652.0
71	276652.0
72	276652.0
73	276652.0
74	276652.0
75	486171.0
76	486171.0
77	486171.0
78	486171.0
79	486171.0
80	164311.0
81	164311.0
82	164311.0
83	164311.0
84	164311.0
85	260068.0
86	260068.0
87	260068.0
88	260068.0
89	260068.0
90	337813.0
91	337813.0
92	337813.0
93	337813.0
94	337813.0
95	763428.0
96	763428.0
97	763428.0
98	763428.0
99	763428.0
100	776036.0
101	776036.0
102	776036.0
103	776036.0
104	776036.0
105	117879.0
106	117879.0
107	117879.0
108	117879.0
109	117879.0
110	27992.0
111	27992.0
112	27992.0
113	27992.0
114	27992.0
115	327381.0
116	327381.0
117	327381.0
118	327381.0
119	327381.0
120	608369.0
121	608369.0
122	608369.0
123	608369.0
124	608369.0
125	532438.0
126	532438.0
127	532438.0
128	532438.0
129	532438.0
130	878425.0
131	878425.0
132	878425.0
133	878425.0
134	878425.0
135	249133.0
136	249133.0
137	249133.0
138	249133.0
139	249133.0
140	197096.0
141	197096.0
142	197096.0
143	197096.0
144	197096.0
145	813854.0
146	813854.0
147	813854.0
148	813854.0
149	813854.0
150	798206.0
151	798206.0
152	798206.0
153	798206.0
154	798206.0
155	10461.0
156	10461.0
157	10461.0
158	10461.0
159	10461.0
160	374057.0
161	374057.0
162	374057.0
163	374057.0
164	374057.0
165	642709.0
166	642709.0
167	642709.0
168	642709.0
169	642709.0
170	919315.0
171	919315.0
172	919315.0
173	919315.0
174	919315.0
175	98756.0
176	98756.0
177	98756.0
178	98756.0
179	98756.0
180	461760.0
181	461760.0
182	461760.0
183	461760.0
184	461760.0
185	518374.0
186	518374.0
187	518374.0
188	518374.0
189	518374.0
190	826508.0
191	826508.0
192	826508.0
193	826508.0
194	826508.0
195	401135.0
196	401135.0
197	401135.0
198	401135.0
199	401135.0
200	683479.0
201	683479.0
202	683479.0
203	683479.0
204	683479.0
205	326114.0
206	326114.0
207	326114.0
208	326114.0
209	326114.0
210	614771.0
211	614771.0
212	614771.0
213	614771.0
214	614771.0
215	585966.0
216	585966.0
217	585966.0
218	585966.0
219	585966.0
220	304367.0
221	304367.0
222	304367.0
223	304367.0
224	304367.0
225	110710.0
226	110710.0
227	110710.0
228	110710.0
229	110710.0
230	499547.0
231	499547.0
232	499547.0
233	499547.0
234	499547.0
235	923882.0
236	923882.0
237	923882.0
238	923882.0
239	923882.0
240	307491.0
241	307491.0
242	307491.0
243	307491.0
244	307491.0
245	954315.0
246	954315.0
247	954315.0
248	954315.0
249	954315.0
