0	713977.0
1	713977.0
2	713977.0
3	713977.0
4	713977.0
5	236456.0
6	236456.0
7	236456.0
8	236456.0
9	236456.0
10	480847.0
11	480847.0
12	480847.0
13	480847.0
14	480847.0
15	692249.0
16	692249.0
17	692249.0
18	692249.0
19	692249.0
20	339402.0
21	339402.0
22	339402.0
23	339402.0
24	339402.0
25	854711.0
26	854711.0
27	854711.0
28	854711.0
29	854711.0
30	53589.0
31	53589.0
32	53589.0
33	53589.0
34	53589.0
35	410872.0
36	410872.0
37	410872.0
38	410872.0
39	410872.0
40	725190.0
41	725190.0
42	725190.0
43	725190.0
44	725190.0
45	359015.0
46	359015.0
47	359015.0
48	359015.0
49	359015.0
50	990111.0
51	990111.0
52	990111.0
53	990111.0
54	990111.0
55	361107.0
56	361107.0
57	361107.0
58	361107.0
59	361107.0
60	1715.0
61	1715.0
62	1715.0
63	1715.0
64	1715.0
65	121102.0
66	121102.0
67	121102.0
68	121102.0
69	121102.0
70	238079.0
71	238079.0
72	238079.0
73	238079.0
74	238079.0
75	288930.0
76	288930.0
77	288930.0
78	288930.0
79	288930.0
80	488422.0
81	488422.0
82	488422.0
83	488422.0
84	488422.0
85	410484.0
86	410484.0
87	410484.0
88	410484.0
89	410484.0
90	255602.0
91	255602.0
92	255602.0
93	255602.0
94	255602.0
95	987068.0
96	987068.0
97	987068.0
98	987068.0
99	987068.0
100	98435.0
101	98435.0
102	98435.0
103	98435.0
104	98435.0
105	715454.0
106	715454.0
107	715454.0
108	715454.0
109	715454.0
110	274480.0
111	274480.0
112	274480.0
113	274480.0
114	274480.0
115	450624.0
116	450624.0
117	450624.0
118	450624.0
119	450624.0
120	552274.0
121	552274.0
122	552274.0
123	552274.0
124	552274.0
125	829243.0
126	829243.0
127	829243.0
128	829243.0
129	829243.0
130	250850.0
131	250850.0
132	250850.0
133	250850.0
134	250850.0
135	71562.0
136	71562.0
137	71562.0
138	71562.0
139	71562.0
140	379577.0
141	379577.0
142	379577.0
143	379577.0
144	379577.0
145	461840.0
146	461840.0
147	461840.0
148	461840.0
149	461840.0
150	563484.0
151	563484.0
152	563484.0
153	563484.0
154	563484.0
155	419504.0
156	419504.0
157	419504.0
158	419504.0
159	419504.0
160	175246.0
161	175246.0
162	175246.0
163	175246.0
164	175246.0
165	116822.0
166	116822.0
167	116822.0
168	116822.0
169	116822.0
170	805741.0
171	805741.0
172	805741.0
173	805741.0
174	805741.0
175	848912.0
176	848912.0
177	848912.0
178	848912.0
179	848912.0
180	533137.0
181	533137.0
182	533137.0
183	533137.0
184	533137.0
185	527342.0
186	527342.0
187	527342.0
188	527342.0
189	527342.0
190	957953.0
191	957953.0
192	957953.0
193	957953.0
194	957953.0
195	51653.0
196	51653.0
197	51653.0
198	51653.0
199	51653.0
200	573211.0
201	573211.0
202	573211.0
203	573211.0
204	573211.0
205	867177.0
206	867177.0
207	867177.0
208	867177.0
209	867177.0
210	5961.0
211	5961.0
212	5961.0
213	5961.0
214	5961.0
215	290730.0
216	290730.0
217	290730.0
218	290730.0
219	290730.0
220	886444.0
221	886444.0
222	886444.0
223	886444.0
224	886444.0
225	261092.0
226	261092.0
227	261092.0
228	261092.0
229	261092.0
230	827888.0
231	827888.0
232	827888.0
233	827888.0
234	827888.0
235	838197.0
236	838197.0
237	838197.0
238	838197.0
239	838197.0
240	252503.0
241	252503.0
242	252503.0
243	252503.0
244	252503.0
245	835284.0
246	835284.0
247	835284.0
248	835284.0
249	835284.0
