0	285870.0
1	285870.0
2	285870.0
3	285870.0
4	285870.0
5	603260.0
6	603260.0
7	603260.0
8	603260.0
9	603260.0
10	600266.0
11	600266.0
12	600266.0
13	600266.0
14	600266.0
15	162751.0
16	162751.0
17	162751.0
18	162751.0
19	162751.0
20	73245.0
21	73245.0
22	73245.0
23	73245.0
24	73245.0
25	861821.0
26	861821.0
27	861821.0
28	861821.0
29	861821.0
30	249242.0
31	249242.0
32	249242.0
33	249242.0
34	249242.0
35	778986.0
36	778986.0
37	778986.0
38	778986.0
39	778986.0
40	937026.0
41	937026.0
42	937026.0
43	937026.0
44	937026.0
45	13351.0
46	13351.0
47	13351.0
48	13351.0
49	13351.0
50	542026.0
51	542026.0
52	542026.0
53	542026.0
54	542026.0
55	531455.0
56	531455.0
57	531455.0
58	531455.0
59	531455.0
60	480405.0
61	480405.0
62	480405.0
63	480405.0
64	480405.0
65	312628.0
66	312628.0
67	312628.0
68	312628.0
69	312628.0
70	9659.0
71	9659.0
72	9659.0
73	9659.0
74	9659.0
75	437896.0
76	437896.0
77	437896.0
78	437896.0
79	437896.0
80	374248.0
81	374248.0
82	374248.0
83	374248.0
84	374248.0
85	492802.0
86	492802.0
87	492802.0
88	492802.0
89	492802.0
90	685685.0
91	685685.0
92	685685.0
93	685685.0
94	685685.0
95	562140.0
96	562140.0
97	562140.0
98	562140.0
99	562140.0
100	505547.0
101	505547.0
102	505547.0
103	505547.0
104	505547.0
105	158596.0
106	158596.0
107	158596.0
108	158596.0
109	158596.0
110	560168.0
111	560168.0
112	560168.0
113	560168.0
114	560168.0
115	640883.0
116	640883.0
117	640883.0
118	640883.0
119	640883.0
120	839412.0
121	839412.0
122	839412.0
123	839412.0
124	839412.0
125	360588.0
126	360588.0
127	360588.0
128	360588.0
129	360588.0
130	558011.0
131	558011.0
132	558011.0
133	558011.0
134	558011.0
135	403344.0
136	403344.0
137	403344.0
138	403344.0
139	403344.0
140	276768.0
141	276768.0
142	276768.0
143	276768.0
144	276768.0
145	682333.0
146	682333.0
147	682333.0
148	682333.0
149	682333.0
150	787571.0
151	787571.0
152	787571.0
153	787571.0
154	787571.0
155	130286.0
156	130286.0
157	130286.0
158	130286.0
159	130286.0
160	835553.0
161	835553.0
162	835553.0
163	835553.0
164	835553.0
165	950172.0
166	950172.0
167	950172.0
168	950172.0
169	950172.0
170	36420.0
171	36420.0
172	36420.0
173	36420.0
174	36420.0
175	589530.0
176	589530.0
177	589530.0
178	589530.0
179	589530.0
180	634590.0
181	634590.0
182	634590.0
183	634590.0
184	634590.0
185	765699.0
186	765699.0
187	765699.0
188	765699.0
189	765699.0
190	167699.0
191	167699.0
192	167699.0
193	167699.0
194	167699.0
195	772972.0
196	772972.0
197	772972.0
198	772972.0
199	772972.0
200	238202.0
201	238202.0
202	238202.0
203	238202.0
204	238202.0
205	82011.0
206	82011.0
207	82011.0
208	82011.0
209	82011.0
210	925556.0
211	925556.0
212	925556.0
213	925556.0
214	925556.0
215	716837.0
216	716837.0
217	716837.0
218	716837.0
219	716837.0
220	594530.0
221	594530.0
222	594530.0
223	594530.0
224	594530.0
225	531775.0
226	531775.0
227	531775.0
228	531775.0
229	531775.0
230	247500.0
231	247500.0
232	247500.0
233	247500.0
234	247500.0
235	28432.0
236	28432.0
237	28432.0
238	28432.0
239	28432.0
240	686662.0
241	686662.0
242	686662.0
243	686662.0
244	686662.0
245	680143.0
246	680143.0
247	680143.0
248	680143.0
249	680143.0
