0	359957.0
1	359957.0
2	359957.0
3	359957.0
4	359957.0
5	21911.0
6	21911.0
7	21911.0
8	21911.0
9	21911.0
10	708816.0
11	708816.0
12	708816.0
13	708816.0
14	708816.0
15	11025.0
16	11025.0
17	11025.0
18	11025.0
19	11025.0
20	815648.0
21	815648.0
22	815648.0
23	815648.0
24	815648.0
25	62605.0
26	62605.0
27	62605.0
28	62605.0
29	62605.0
30	661275.0
31	661275.0
32	661275.0
33	661275.0
34	661275.0
35	319906.0
36	319906.0
37	319906.0
38	319906.0
39	319906.0
40	451161.0
41	451161.0
42	451161.0
43	451161.0
44	451161.0
45	585349.0
46	585349.0
47	585349.0
48	585349.0
49	585349.0
50	632740.0
51	632740.0
52	632740.0
53	632740.0
54	632740.0
55	400258.0
56	400258.0
57	400258.0
58	400258.0
59	400258.0
60	240114.0
61	240114.0
62	240114.0
63	240114.0
64	240114.0
65	1186.0
66	1186.0
67	1186.0
68	1186.0
69	1186.0
70	232637.0
71	232637.0
72	232637.0
73	232637.0
74	232637.0
75	880494.0
76	880494.0
77	880494.0
78	880494.0
79	880494.0
80	284119.0
81	284119.0
82	284119.0
83	284119.0
84	284119.0
85	276799.0
86	276799.0
87	276799.0
88	276799.0
89	276799.0
90	715121.0
91	715121.0
92	715121.0
93	715121.0
94	715121.0
95	152228.0
96	152228.0
97	152228.0
98	152228.0
99	152228.0
100	953682.0
101	953682.0
102	953682.0
103	953682.0
104	953682.0
105	130340.0
106	130340.0
107	130340.0
108	130340.0
109	130340.0
110	853883.0
111	853883.0
112	853883.0
113	853883.0
114	853883.0
115	378761.0
116	378761.0
117	378761.0
118	378761.0
119	378761.0
120	2860.0
121	2860.0
122	2860.0
123	2860.0
124	2860.0
125	241701.0
126	241701.0
127	241701.0
128	241701.0
129	241701.0
130	735158.0
131	735158.0
132	735158.0
133	735158.0
134	735158.0
135	53157.0
136	53157.0
137	53157.0
138	53157.0
139	53157.0
140	672996.0
141	672996.0
142	672996.0
143	672996.0
144	672996.0
145	207341.0
146	207341.0
147	207341.0
148	207341.0
149	207341.0
150	644085.0
151	644085.0
152	644085.0
153	644085.0
154	644085.0
155	189075.0
156	189075.0
157	189075.0
158	189075.0
159	189075.0
160	109587.0
161	109587.0
162	109587.0
163	109587.0
164	109587.0
165	97473.0
166	97473.0
167	97473.0
168	97473.0
169	97473.0
170	625143.0
171	625143.0
172	625143.0
173	625143.0
174	625143.0
175	573166.0
176	573166.0
177	573166.0
178	573166.0
179	573166.0
180	807193.0
181	807193.0
182	807193.0
183	807193.0
184	807193.0
185	925899.0
186	925899.0
187	925899.0
188	925899.0
189	925899.0
190	265899.0
191	265899.0
192	265899.0
193	265899.0
194	265899.0
195	607415.0
196	607415.0
197	607415.0
198	607415.0
199	607415.0
200	379665.0
201	379665.0
202	379665.0
203	379665.0
204	379665.0
205	357108.0
206	357108.0
207	357108.0
208	357108.0
209	357108.0
210	720462.0
211	720462.0
212	720462.0
213	720462.0
214	720462.0
215	260054.0
216	260054.0
217	260054.0
218	260054.0
219	260054.0
220	713323.0
221	713323.0
222	713323.0
223	713323.0
224	713323.0
225	590793.0
226	590793.0
227	590793.0
228	590793.0
229	590793.0
230	325741.0
231	325741.0
232	325741.0
233	325741.0
234	325741.0
235	876047.0
236	876047.0
237	876047.0
238	876047.0
239	876047.0
240	463609.0
241	463609.0
242	463609.0
243	463609.0
244	463609.0
245	296598.0
246	296598.0
247	296598.0
248	296598.0
249	296598.0
