0	570430.0
1	570430.0
2	570430.0
3	570430.0
4	570430.0
5	802300.0
6	802300.0
7	802300.0
8	802300.0
9	802300.0
10	387467.0
11	387467.0
12	387467.0
13	387467.0
14	387467.0
15	500238.0
16	500238.0
17	500238.0
18	500238.0
19	500238.0
20	231413.0
21	231413.0
22	231413.0
23	231413.0
24	231413.0
25	465467.0
26	465467.0
27	465467.0
28	465467.0
29	465467.0
30	470520.0
31	470520.0
32	470520.0
33	470520.0
34	470520.0
35	167577.0
36	167577.0
37	167577.0
38	167577.0
39	167577.0
40	592266.0
41	592266.0
42	592266.0
43	592266.0
44	592266.0
45	772894.0
46	772894.0
47	772894.0
48	772894.0
49	772894.0
50	391186.0
51	391186.0
52	391186.0
53	391186.0
54	391186.0
55	830384.0
56	830384.0
57	830384.0
58	830384.0
59	830384.0
60	70922.0
61	70922.0
62	70922.0
63	70922.0
64	70922.0
65	753876.0
66	753876.0
67	753876.0
68	753876.0
69	753876.0
70	822106.0
71	822106.0
72	822106.0
73	822106.0
74	822106.0
75	196746.0
76	196746.0
77	196746.0
78	196746.0
79	196746.0
80	643338.0
81	643338.0
82	643338.0
83	643338.0
84	643338.0
85	749545.0
86	749545.0
87	749545.0
88	749545.0
89	749545.0
90	427872.0
91	427872.0
92	427872.0
93	427872.0
94	427872.0
95	262887.0
96	262887.0
97	262887.0
98	262887.0
99	262887.0
100	38753.0
101	38753.0
102	38753.0
103	38753.0
104	38753.0
105	243301.0
106	243301.0
107	243301.0
108	243301.0
109	243301.0
110	439778.0
111	439778.0
112	439778.0
113	439778.0
114	439778.0
115	793490.0
116	793490.0
117	793490.0
118	793490.0
119	793490.0
120	367610.0
121	367610.0
122	367610.0
123	367610.0
124	367610.0
125	696042.0
126	696042.0
127	696042.0
128	696042.0
129	696042.0
130	563627.0
131	563627.0
132	563627.0
133	563627.0
134	563627.0
135	187373.0
136	187373.0
137	187373.0
138	187373.0
139	187373.0
140	560590.0
141	560590.0
142	560590.0
143	560590.0
144	560590.0
145	671059.0
146	671059.0
147	671059.0
148	671059.0
149	671059.0
150	481815.0
151	481815.0
152	481815.0
153	481815.0
154	481815.0
155	535044.0
156	535044.0
157	535044.0
158	535044.0
159	535044.0
160	902607.0
161	902607.0
162	902607.0
163	902607.0
164	902607.0
165	869815.0
166	869815.0
167	869815.0
168	869815.0
169	869815.0
170	303507.0
171	303507.0
172	303507.0
173	303507.0
174	303507.0
175	494188.0
176	494188.0
177	494188.0
178	494188.0
179	494188.0
180	730566.0
181	730566.0
182	730566.0
183	730566.0
184	730566.0
185	862961.0
186	862961.0
187	862961.0
188	862961.0
189	862961.0
190	295241.0
191	295241.0
192	295241.0
193	295241.0
194	295241.0
195	374937.0
196	374937.0
197	374937.0
198	374937.0
199	374937.0
200	756121.0
201	756121.0
202	756121.0
203	756121.0
204	756121.0
205	405327.0
206	405327.0
207	405327.0
208	405327.0
209	405327.0
210	122751.0
211	122751.0
212	122751.0
213	122751.0
214	122751.0
215	798200.0
216	798200.0
217	798200.0
218	798200.0
219	798200.0
220	950415.0
221	950415.0
222	950415.0
223	950415.0
224	950415.0
225	447380.0
226	447380.0
227	447380.0
228	447380.0
229	447380.0
230	882613.0
231	882613.0
232	882613.0
233	882613.0
234	882613.0
235	220459.0
236	220459.0
237	220459.0
238	220459.0
239	220459.0
240	351968.0
241	351968.0
242	351968.0
243	351968.0
244	351968.0
245	746855.0
246	746855.0
247	746855.0
248	746855.0
249	746855.0
