0	134189.0
1	134189.0
2	134189.0
3	134189.0
4	134189.0
5	99147.0
6	99147.0
7	99147.0
8	99147.0
9	99147.0
10	165440.0
11	165440.0
12	165440.0
13	165440.0
14	165440.0
15	102230.0
16	102230.0
17	102230.0
18	102230.0
19	102230.0
20	255792.0
21	255792.0
22	255792.0
23	255792.0
24	255792.0
25	179450.0
26	179450.0
27	179450.0
28	179450.0
29	179450.0
30	48199.0
31	48199.0
32	48199.0
33	48199.0
34	48199.0
35	208940.0
36	208940.0
37	208940.0
38	208940.0
39	208940.0
40	105391.0
41	105391.0
42	105391.0
43	105391.0
44	105391.0
45	401861.0
46	401861.0
47	401861.0
48	401861.0
49	401861.0
50	335444.0
51	335444.0
52	335444.0
53	335444.0
54	335444.0
55	200483.0
56	200483.0
57	200483.0
58	200483.0
59	200483.0
60	309717.0
61	309717.0
62	309717.0
63	309717.0
64	309717.0
65	116345.0
66	116345.0
67	116345.0
68	116345.0
69	116345.0
70	237814.0
71	237814.0
72	237814.0
73	237814.0
74	237814.0
75	12087.0
76	12087.0
77	12087.0
78	12087.0
79	12087.0
80	271241.0
81	271241.0
82	271241.0
83	271241.0
84	271241.0
85	12728.0
86	12728.0
87	12728.0
88	12728.0
89	12728.0
90	31292.0
91	31292.0
92	31292.0
93	31292.0
94	31292.0
95	332104.0
96	332104.0
97	332104.0
98	332104.0
99	332104.0
100	289386.0
101	289386.0
102	289386.0
103	289386.0
104	289386.0
105	175619.0
106	175619.0
107	175619.0
108	175619.0
109	175619.0
110	248313.0
111	248313.0
112	248313.0
113	248313.0
114	248313.0
115	127803.0
116	127803.0
117	127803.0
118	127803.0
119	127803.0
120	18688.0
121	18688.0
122	18688.0
123	18688.0
124	18688.0
125	1963.0
126	1963.0
127	1963.0
128	1963.0
129	1963.0
130	174728.0
131	174728.0
132	174728.0
133	174728.0
134	174728.0
135	595.0
136	595.0
137	595.0
138	595.0
139	595.0
140	335879.0
141	335879.0
142	335879.0
143	335879.0
144	335879.0
145	308402.0
146	308402.0
147	308402.0
148	308402.0
149	308402.0
150	114251.0
151	114251.0
152	114251.0
153	114251.0
154	114251.0
155	401440.0
156	401440.0
157	401440.0
158	401440.0
159	401440.0
160	149665.0
161	149665.0
162	149665.0
163	149665.0
164	149665.0
165	336012.0
166	336012.0
167	336012.0
168	336012.0
169	336012.0
170	178464.0
171	178464.0
172	178464.0
173	178464.0
174	178464.0
175	384927.0
176	384927.0
177	384927.0
178	384927.0
179	384927.0
180	209768.0
181	209768.0
182	209768.0
183	209768.0
184	209768.0
185	394849.0
186	394849.0
187	394849.0
188	394849.0
189	394849.0
190	14263.0
191	14263.0
192	14263.0
193	14263.0
194	14263.0
195	172735.0
196	172735.0
197	172735.0
198	172735.0
199	172735.0
200	47534.0
201	47534.0
202	47534.0
203	47534.0
204	47534.0
205	29572.0
206	29572.0
207	29572.0
208	29572.0
209	29572.0
210	300911.0
211	300911.0
212	300911.0
213	300911.0
214	300911.0
215	243184.0
216	243184.0
217	243184.0
218	243184.0
219	243184.0
220	311044.0
221	311044.0
222	311044.0
223	311044.0
224	311044.0
225	49682.0
226	49682.0
227	49682.0
228	49682.0
229	49682.0
230	174227.0
231	174227.0
232	174227.0
233	174227.0
234	174227.0
235	180993.0
236	180993.0
237	180993.0
238	180993.0
239	180993.0
240	276176.0
241	276176.0
242	276176.0
243	276176.0
244	276176.0
245	31488.0
246	31488.0
247	31488.0
248	31488.0
249	31488.0
