0	302399.0
1	302399.0
2	302399.0
3	302399.0
4	302399.0
5	292914.0
6	292914.0
7	292914.0
8	292914.0
9	292914.0
10	98149.0
11	98149.0
12	98149.0
13	98149.0
14	98149.0
15	133050.0
16	133050.0
17	133050.0
18	133050.0
19	133050.0
20	99014.0
21	99014.0
22	99014.0
23	99014.0
24	99014.0
25	281348.0
26	281348.0
27	281348.0
28	281348.0
29	281348.0
30	53883.0
31	53883.0
32	53883.0
33	53883.0
34	53883.0
35	564.0
36	564.0
37	564.0
38	564.0
39	564.0
40	372406.0
41	372406.0
42	372406.0
43	372406.0
44	372406.0
45	236903.0
46	236903.0
47	236903.0
48	236903.0
49	236903.0
50	318195.0
51	318195.0
52	318195.0
53	318195.0
54	318195.0
55	215092.0
56	215092.0
57	215092.0
58	215092.0
59	215092.0
60	79998.0
61	79998.0
62	79998.0
63	79998.0
64	79998.0
65	115252.0
66	115252.0
67	115252.0
68	115252.0
69	115252.0
70	5922.0
71	5922.0
72	5922.0
73	5922.0
74	5922.0
75	386592.0
76	386592.0
77	386592.0
78	386592.0
79	386592.0
80	4223.0
81	4223.0
82	4223.0
83	4223.0
84	4223.0
85	265194.0
86	265194.0
87	265194.0
88	265194.0
89	265194.0
90	355970.0
91	355970.0
92	355970.0
93	355970.0
94	355970.0
95	76507.0
96	76507.0
97	76507.0
98	76507.0
99	76507.0
100	42581.0
101	42581.0
102	42581.0
103	42581.0
104	42581.0
105	58942.0
106	58942.0
107	58942.0
108	58942.0
109	58942.0
110	197497.0
111	197497.0
112	197497.0
113	197497.0
114	197497.0
115	130852.0
116	130852.0
117	130852.0
118	130852.0
119	130852.0
120	192103.0
121	192103.0
122	192103.0
123	192103.0
124	192103.0
125	126935.0
126	126935.0
127	126935.0
128	126935.0
129	126935.0
130	229501.0
131	229501.0
132	229501.0
133	229501.0
134	229501.0
135	192067.0
136	192067.0
137	192067.0
138	192067.0
139	192067.0
140	97565.0
141	97565.0
142	97565.0
143	97565.0
144	97565.0
145	363162.0
146	363162.0
147	363162.0
148	363162.0
149	363162.0
150	77469.0
151	77469.0
152	77469.0
153	77469.0
154	77469.0
155	280511.0
156	280511.0
157	280511.0
158	280511.0
159	280511.0
160	271536.0
161	271536.0
162	271536.0
163	271536.0
164	271536.0
165	259305.0
166	259305.0
167	259305.0
168	259305.0
169	259305.0
170	165844.0
171	165844.0
172	165844.0
173	165844.0
174	165844.0
175	80282.0
176	80282.0
177	80282.0
178	80282.0
179	80282.0
180	7470.0
181	7470.0
182	7470.0
183	7470.0
184	7470.0
185	367803.0
186	367803.0
187	367803.0
188	367803.0
189	367803.0
190	291656.0
191	291656.0
192	291656.0
193	291656.0
194	291656.0
195	13895.0
196	13895.0
197	13895.0
198	13895.0
199	13895.0
200	380531.0
201	380531.0
202	380531.0
203	380531.0
204	380531.0
205	140107.0
206	140107.0
207	140107.0
208	140107.0
209	140107.0
210	301742.0
211	301742.0
212	301742.0
213	301742.0
214	301742.0
215	55551.0
216	55551.0
217	55551.0
218	55551.0
219	55551.0
220	28254.0
221	28254.0
222	28254.0
223	28254.0
224	28254.0
225	397727.0
226	397727.0
227	397727.0
228	397727.0
229	397727.0
230	337749.0
231	337749.0
232	337749.0
233	337749.0
234	337749.0
235	122316.0
236	122316.0
237	122316.0
238	122316.0
239	122316.0
240	16802.0
241	16802.0
242	16802.0
243	16802.0
244	16802.0
245	264547.0
246	264547.0
247	264547.0
248	264547.0
249	264547.0
