0	114822.0
1	114822.0
2	114822.0
3	114822.0
4	114822.0
5	38947.0
6	38947.0
7	38947.0
8	38947.0
9	38947.0
10	77458.0
11	77458.0
12	77458.0
13	77458.0
14	77458.0
15	154141.0
16	154141.0
17	154141.0
18	154141.0
19	154141.0
20	42075.0
21	42075.0
22	42075.0
23	42075.0
24	42075.0
25	266534.0
26	266534.0
27	266534.0
28	266534.0
29	266534.0
30	225360.0
31	225360.0
32	225360.0
33	225360.0
34	225360.0
35	10898.0
36	10898.0
37	10898.0
38	10898.0
39	10898.0
40	350280.0
41	350280.0
42	350280.0
43	350280.0
44	350280.0
45	39961.0
46	39961.0
47	39961.0
48	39961.0
49	39961.0
50	290027.0
51	290027.0
52	290027.0
53	290027.0
54	290027.0
55	364272.0
56	364272.0
57	364272.0
58	364272.0
59	364272.0
60	213555.0
61	213555.0
62	213555.0
63	213555.0
64	213555.0
65	54339.0
66	54339.0
67	54339.0
68	54339.0
69	54339.0
70	217334.0
71	217334.0
72	217334.0
73	217334.0
74	217334.0
75	377670.0
76	377670.0
77	377670.0
78	377670.0
79	377670.0
80	122628.0
81	122628.0
82	122628.0
83	122628.0
84	122628.0
85	360508.0
86	360508.0
87	360508.0
88	360508.0
89	360508.0
90	75683.0
91	75683.0
92	75683.0
93	75683.0
94	75683.0
95	138898.0
96	138898.0
97	138898.0
98	138898.0
99	138898.0
100	41106.0
101	41106.0
102	41106.0
103	41106.0
104	41106.0
105	265059.0
106	265059.0
107	265059.0
108	265059.0
109	265059.0
110	388706.0
111	388706.0
112	388706.0
113	388706.0
114	388706.0
115	186043.0
116	186043.0
117	186043.0
118	186043.0
119	186043.0
120	247179.0
121	247179.0
122	247179.0
123	247179.0
124	247179.0
125	139196.0
126	139196.0
127	139196.0
128	139196.0
129	139196.0
130	393160.0
131	393160.0
132	393160.0
133	393160.0
134	393160.0
135	374580.0
136	374580.0
137	374580.0
138	374580.0
139	374580.0
140	106233.0
141	106233.0
142	106233.0
143	106233.0
144	106233.0
145	305254.0
146	305254.0
147	305254.0
148	305254.0
149	305254.0
150	217996.0
151	217996.0
152	217996.0
153	217996.0
154	217996.0
155	70077.0
156	70077.0
157	70077.0
158	70077.0
159	70077.0
160	267413.0
161	267413.0
162	267413.0
163	267413.0
164	267413.0
165	221077.0
166	221077.0
167	221077.0
168	221077.0
169	221077.0
170	355831.0
171	355831.0
172	355831.0
173	355831.0
174	355831.0
175	391681.0
176	391681.0
177	391681.0
178	391681.0
179	391681.0
180	342233.0
181	342233.0
182	342233.0
183	342233.0
184	342233.0
185	378191.0
186	378191.0
187	378191.0
188	378191.0
189	378191.0
190	18132.0
191	18132.0
192	18132.0
193	18132.0
194	18132.0
195	243994.0
196	243994.0
197	243994.0
198	243994.0
199	243994.0
200	47804.0
201	47804.0
202	47804.0
203	47804.0
204	47804.0
205	329200.0
206	329200.0
207	329200.0
208	329200.0
209	329200.0
210	221815.0
211	221815.0
212	221815.0
213	221815.0
214	221815.0
215	322460.0
216	322460.0
217	322460.0
218	322460.0
219	322460.0
220	393947.0
221	393947.0
222	393947.0
223	393947.0
224	393947.0
225	209574.0
226	209574.0
227	209574.0
228	209574.0
229	209574.0
230	302822.0
231	302822.0
232	302822.0
233	302822.0
234	302822.0
235	63517.0
236	63517.0
237	63517.0
238	63517.0
239	63517.0
240	277452.0
241	277452.0
242	277452.0
243	277452.0
244	277452.0
245	379327.0
246	379327.0
247	379327.0
248	379327.0
249	379327.0
