0	39746.0
1	39746.0
2	39746.0
3	39746.0
4	39746.0
5	278364.0
6	278364.0
7	278364.0
8	278364.0
9	278364.0
10	93374.0
11	93374.0
12	93374.0
13	93374.0
14	93374.0
15	107951.0
16	107951.0
17	107951.0
18	107951.0
19	107951.0
20	93326.0
21	93326.0
22	93326.0
23	93326.0
24	93326.0
25	244088.0
26	244088.0
27	244088.0
28	244088.0
29	244088.0
30	285804.0
31	285804.0
32	285804.0
33	285804.0
34	285804.0
35	60395.0
36	60395.0
37	60395.0
38	60395.0
39	60395.0
40	97529.0
41	97529.0
42	97529.0
43	97529.0
44	97529.0
45	121524.0
46	121524.0
47	121524.0
48	121524.0
49	121524.0
50	271188.0
51	271188.0
52	271188.0
53	271188.0
54	271188.0
55	243788.0
56	243788.0
57	243788.0
58	243788.0
59	243788.0
60	376333.0
61	376333.0
62	376333.0
63	376333.0
64	376333.0
65	237654.0
66	237654.0
67	237654.0
68	237654.0
69	237654.0
70	339465.0
71	339465.0
72	339465.0
73	339465.0
74	339465.0
75	225687.0
76	225687.0
77	225687.0
78	225687.0
79	225687.0
80	319179.0
81	319179.0
82	319179.0
83	319179.0
84	319179.0
85	24530.0
86	24530.0
87	24530.0
88	24530.0
89	24530.0
90	369350.0
91	369350.0
92	369350.0
93	369350.0
94	369350.0
95	289014.0
96	289014.0
97	289014.0
98	289014.0
99	289014.0
100	405613.0
101	405613.0
102	405613.0
103	405613.0
104	405613.0
105	321935.0
106	321935.0
107	321935.0
108	321935.0
109	321935.0
110	36258.0
111	36258.0
112	36258.0
113	36258.0
114	36258.0
115	344237.0
116	344237.0
117	344237.0
118	344237.0
119	344237.0
120	216557.0
121	216557.0
122	216557.0
123	216557.0
124	216557.0
125	165121.0
126	165121.0
127	165121.0
128	165121.0
129	165121.0
130	44698.0
131	44698.0
132	44698.0
133	44698.0
134	44698.0
135	144368.0
136	144368.0
137	144368.0
138	144368.0
139	144368.0
140	61127.0
141	61127.0
142	61127.0
143	61127.0
144	61127.0
145	173877.0
146	173877.0
147	173877.0
148	173877.0
149	173877.0
150	334140.0
151	334140.0
152	334140.0
153	334140.0
154	334140.0
155	86595.0
156	86595.0
157	86595.0
158	86595.0
159	86595.0
160	403740.0
161	403740.0
162	403740.0
163	403740.0
164	403740.0
165	345743.0
166	345743.0
167	345743.0
168	345743.0
169	345743.0
170	318414.0
171	318414.0
172	318414.0
173	318414.0
174	318414.0
175	389817.0
176	389817.0
177	389817.0
178	389817.0
179	389817.0
180	187485.0
181	187485.0
182	187485.0
183	187485.0
184	187485.0
185	143230.0
186	143230.0
187	143230.0
188	143230.0
189	143230.0
190	234885.0
191	234885.0
192	234885.0
193	234885.0
194	234885.0
195	184139.0
196	184139.0
197	184139.0
198	184139.0
199	184139.0
200	391451.0
201	391451.0
202	391451.0
203	391451.0
204	391451.0
205	180739.0
206	180739.0
207	180739.0
208	180739.0
209	180739.0
210	96981.0
211	96981.0
212	96981.0
213	96981.0
214	96981.0
215	163465.0
216	163465.0
217	163465.0
218	163465.0
219	163465.0
220	218456.0
221	218456.0
222	218456.0
223	218456.0
224	218456.0
225	106323.0
226	106323.0
227	106323.0
228	106323.0
229	106323.0
230	389952.0
231	389952.0
232	389952.0
233	389952.0
234	389952.0
235	46920.0
236	46920.0
237	46920.0
238	46920.0
239	46920.0
240	106274.0
241	106274.0
242	106274.0
243	106274.0
244	106274.0
245	351721.0
246	351721.0
247	351721.0
248	351721.0
249	351721.0
