0	489983.0
1	489983.0
2	489983.0
3	489983.0
4	489983.0
5	429667.0
6	429667.0
7	429667.0
8	429667.0
9	429667.0
10	272972.0
11	272972.0
12	272972.0
13	272972.0
14	272972.0
15	439927.0
16	439927.0
17	439927.0
18	439927.0
19	439927.0
20	393899.0
21	393899.0
22	393899.0
23	393899.0
24	393899.0
25	204303.0
26	204303.0
27	204303.0
28	204303.0
29	204303.0
30	394345.0
31	394345.0
32	394345.0
33	394345.0
34	394345.0
35	100625.0
36	100625.0
37	100625.0
38	100625.0
39	100625.0
40	194400.0
41	194400.0
42	194400.0
43	194400.0
44	194400.0
45	437410.0
46	437410.0
47	437410.0
48	437410.0
49	437410.0
50	17651.0
51	17651.0
52	17651.0
53	17651.0
54	17651.0
55	409878.0
56	409878.0
57	409878.0
58	409878.0
59	409878.0
60	449602.0
61	449602.0
62	449602.0
63	449602.0
64	449602.0
65	256610.0
66	256610.0
67	256610.0
68	256610.0
69	256610.0
70	102840.0
71	102840.0
72	102840.0
73	102840.0
74	102840.0
75	202230.0
76	202230.0
77	202230.0
78	202230.0
79	202230.0
80	77139.0
81	77139.0
82	77139.0
83	77139.0
84	77139.0
85	310162.0
86	310162.0
87	310162.0
88	310162.0
89	310162.0
90	80806.0
91	80806.0
92	80806.0
93	80806.0
94	80806.0
95	45220.0
96	45220.0
97	45220.0
98	45220.0
99	45220.0
100	188921.0
101	188921.0
102	188921.0
103	188921.0
104	188921.0
105	189426.0
106	189426.0
107	189426.0
108	189426.0
109	189426.0
110	353277.0
111	353277.0
112	353277.0
113	353277.0
114	353277.0
115	248344.0
116	248344.0
117	248344.0
118	248344.0
119	248344.0
120	257263.0
121	257263.0
122	257263.0
123	257263.0
124	257263.0
125	138029.0
126	138029.0
127	138029.0
128	138029.0
129	138029.0
130	147277.0
131	147277.0
132	147277.0
133	147277.0
134	147277.0
135	415801.0
136	415801.0
137	415801.0
138	415801.0
139	415801.0
140	17261.0
141	17261.0
142	17261.0
143	17261.0
144	17261.0
145	259737.0
146	259737.0
147	259737.0
148	259737.0
149	259737.0
150	44096.0
151	44096.0
152	44096.0
153	44096.0
154	44096.0
155	91228.0
156	91228.0
157	91228.0
158	91228.0
159	91228.0
160	453979.0
161	453979.0
162	453979.0
163	453979.0
164	453979.0
165	496595.0
166	496595.0
167	496595.0
168	496595.0
169	496595.0
170	320649.0
171	320649.0
172	320649.0
173	320649.0
174	320649.0
175	463481.0
176	463481.0
177	463481.0
178	463481.0
179	463481.0
180	501754.0
181	501754.0
182	501754.0
183	501754.0
184	501754.0
185	206597.0
186	206597.0
187	206597.0
188	206597.0
189	206597.0
190	482202.0
191	482202.0
192	482202.0
193	482202.0
194	482202.0
195	254130.0
196	254130.0
197	254130.0
198	254130.0
199	254130.0
200	360053.0
201	360053.0
202	360053.0
203	360053.0
204	360053.0
205	21521.0
206	21521.0
207	21521.0
208	21521.0
209	21521.0
210	299889.0
211	299889.0
212	299889.0
213	299889.0
214	299889.0
215	462784.0
216	462784.0
217	462784.0
218	462784.0
219	462784.0
220	149890.0
221	149890.0
222	149890.0
223	149890.0
224	149890.0
225	249194.0
226	249194.0
227	249194.0
228	249194.0
229	249194.0
230	184053.0
231	184053.0
232	184053.0
233	184053.0
234	184053.0
235	153984.0
236	153984.0
237	153984.0
238	153984.0
239	153984.0
240	16426.0
241	16426.0
242	16426.0
243	16426.0
244	16426.0
245	908.0
246	908.0
247	908.0
248	908.0
249	908.0
