0	178504.0
1	178504.0
2	178504.0
3	178504.0
4	178504.0
5	150800.0
6	150800.0
7	150800.0
8	150800.0
9	150800.0
10	479664.0
11	479664.0
12	479664.0
13	479664.0
14	479664.0
15	400067.0
16	400067.0
17	400067.0
18	400067.0
19	400067.0
20	379113.0
21	379113.0
22	379113.0
23	379113.0
24	379113.0
25	237356.0
26	237356.0
27	237356.0
28	237356.0
29	237356.0
30	66444.0
31	66444.0
32	66444.0
33	66444.0
34	66444.0
35	224622.0
36	224622.0
37	224622.0
38	224622.0
39	224622.0
40	450455.0
41	450455.0
42	450455.0
43	450455.0
44	450455.0
45	363638.0
46	363638.0
47	363638.0
48	363638.0
49	363638.0
50	488811.0
51	488811.0
52	488811.0
53	488811.0
54	488811.0
55	79342.0
56	79342.0
57	79342.0
58	79342.0
59	79342.0
60	492216.0
61	492216.0
62	492216.0
63	492216.0
64	492216.0
65	248125.0
66	248125.0
67	248125.0
68	248125.0
69	248125.0
70	322464.0
71	322464.0
72	322464.0
73	322464.0
74	322464.0
75	122528.0
76	122528.0
77	122528.0
78	122528.0
79	122528.0
80	257672.0
81	257672.0
82	257672.0
83	257672.0
84	257672.0
85	462462.0
86	462462.0
87	462462.0
88	462462.0
89	462462.0
90	222015.0
91	222015.0
92	222015.0
93	222015.0
94	222015.0
95	298315.0
96	298315.0
97	298315.0
98	298315.0
99	298315.0
100	413064.0
101	413064.0
102	413064.0
103	413064.0
104	413064.0
105	221764.0
106	221764.0
107	221764.0
108	221764.0
109	221764.0
110	12707.0
111	12707.0
112	12707.0
113	12707.0
114	12707.0
115	350835.0
116	350835.0
117	350835.0
118	350835.0
119	350835.0
120	166651.0
121	166651.0
122	166651.0
123	166651.0
124	166651.0
125	262606.0
126	262606.0
127	262606.0
128	262606.0
129	262606.0
130	492493.0
131	492493.0
132	492493.0
133	492493.0
134	492493.0
135	422006.0
136	422006.0
137	422006.0
138	422006.0
139	422006.0
140	384712.0
141	384712.0
142	384712.0
143	384712.0
144	384712.0
145	33896.0
146	33896.0
147	33896.0
148	33896.0
149	33896.0
150	4302.0
151	4302.0
152	4302.0
153	4302.0
154	4302.0
155	366734.0
156	366734.0
157	366734.0
158	366734.0
159	366734.0
160	34983.0
161	34983.0
162	34983.0
163	34983.0
164	34983.0
165	283361.0
166	283361.0
167	283361.0
168	283361.0
169	283361.0
170	24167.0
171	24167.0
172	24167.0
173	24167.0
174	24167.0
175	494006.0
176	494006.0
177	494006.0
178	494006.0
179	494006.0
180	204839.0
181	204839.0
182	204839.0
183	204839.0
184	204839.0
185	305496.0
186	305496.0
187	305496.0
188	305496.0
189	305496.0
190	24606.0
191	24606.0
192	24606.0
193	24606.0
194	24606.0
195	375175.0
196	375175.0
197	375175.0
198	375175.0
199	375175.0
200	452246.0
201	452246.0
202	452246.0
203	452246.0
204	452246.0
205	204437.0
206	204437.0
207	204437.0
208	204437.0
209	204437.0
210	478955.0
211	478955.0
212	478955.0
213	478955.0
214	478955.0
215	95769.0
216	95769.0
217	95769.0
218	95769.0
219	95769.0
220	273724.0
221	273724.0
222	273724.0
223	273724.0
224	273724.0
225	17893.0
226	17893.0
227	17893.0
228	17893.0
229	17893.0
230	270894.0
231	270894.0
232	270894.0
233	270894.0
234	270894.0
235	315752.0
236	315752.0
237	315752.0
238	315752.0
239	315752.0
240	81536.0
241	81536.0
242	81536.0
243	81536.0
244	81536.0
245	460823.0
246	460823.0
247	460823.0
248	460823.0
249	460823.0
