0	334908.0
1	334908.0
2	334908.0
3	334908.0
4	334908.0
5	73696.0
6	73696.0
7	73696.0
8	73696.0
9	73696.0
10	204928.0
11	204928.0
12	204928.0
13	204928.0
14	204928.0
15	373021.0
16	373021.0
17	373021.0
18	373021.0
19	373021.0
20	344589.0
21	344589.0
22	344589.0
23	344589.0
24	344589.0
25	264858.0
26	264858.0
27	264858.0
28	264858.0
29	264858.0
30	326254.0
31	326254.0
32	326254.0
33	326254.0
34	326254.0
35	108781.0
36	108781.0
37	108781.0
38	108781.0
39	108781.0
40	32965.0
41	32965.0
42	32965.0
43	32965.0
44	32965.0
45	123546.0
46	123546.0
47	123546.0
48	123546.0
49	123546.0
50	170315.0
51	170315.0
52	170315.0
53	170315.0
54	170315.0
55	1211.0
56	1211.0
57	1211.0
58	1211.0
59	1211.0
60	31275.0
61	31275.0
62	31275.0
63	31275.0
64	31275.0
65	452481.0
66	452481.0
67	452481.0
68	452481.0
69	452481.0
70	142798.0
71	142798.0
72	142798.0
73	142798.0
74	142798.0
75	276302.0
76	276302.0
77	276302.0
78	276302.0
79	276302.0
80	449386.0
81	449386.0
82	449386.0
83	449386.0
84	449386.0
85	351341.0
86	351341.0
87	351341.0
88	351341.0
89	351341.0
90	382877.0
91	382877.0
92	382877.0
93	382877.0
94	382877.0
95	173620.0
96	173620.0
97	173620.0
98	173620.0
99	173620.0
100	441407.0
101	441407.0
102	441407.0
103	441407.0
104	441407.0
105	121810.0
106	121810.0
107	121810.0
108	121810.0
109	121810.0
110	366221.0
111	366221.0
112	366221.0
113	366221.0
114	366221.0
115	508356.0
116	508356.0
117	508356.0
118	508356.0
119	508356.0
120	242061.0
121	242061.0
122	242061.0
123	242061.0
124	242061.0
125	476367.0
126	476367.0
127	476367.0
128	476367.0
129	476367.0
130	370763.0
131	370763.0
132	370763.0
133	370763.0
134	370763.0
135	221972.0
136	221972.0
137	221972.0
138	221972.0
139	221972.0
140	322558.0
141	322558.0
142	322558.0
143	322558.0
144	322558.0
145	365612.0
146	365612.0
147	365612.0
148	365612.0
149	365612.0
150	139904.0
151	139904.0
152	139904.0
153	139904.0
154	139904.0
155	492691.0
156	492691.0
157	492691.0
158	492691.0
159	492691.0
160	481769.0
161	481769.0
162	481769.0
163	481769.0
164	481769.0
165	97249.0
166	97249.0
167	97249.0
168	97249.0
169	97249.0
170	347401.0
171	347401.0
172	347401.0
173	347401.0
174	347401.0
175	226607.0
176	226607.0
177	226607.0
178	226607.0
179	226607.0
180	285152.0
181	285152.0
182	285152.0
183	285152.0
184	285152.0
185	357417.0
186	357417.0
187	357417.0
188	357417.0
189	357417.0
190	96055.0
191	96055.0
192	96055.0
193	96055.0
194	96055.0
195	104749.0
196	104749.0
197	104749.0
198	104749.0
199	104749.0
200	6615.0
201	6615.0
202	6615.0
203	6615.0
204	6615.0
205	117601.0
206	117601.0
207	117601.0
208	117601.0
209	117601.0
210	52541.0
211	52541.0
212	52541.0
213	52541.0
214	52541.0
215	459325.0
216	459325.0
217	459325.0
218	459325.0
219	459325.0
220	154967.0
221	154967.0
222	154967.0
223	154967.0
224	154967.0
225	246380.0
226	246380.0
227	246380.0
228	246380.0
229	246380.0
230	158623.0
231	158623.0
232	158623.0
233	158623.0
234	158623.0
235	69974.0
236	69974.0
237	69974.0
238	69974.0
239	69974.0
240	308722.0
241	308722.0
242	308722.0
243	308722.0
244	308722.0
245	109068.0
246	109068.0
247	109068.0
248	109068.0
249	109068.0
