0	286496.0
1	286496.0
2	286496.0
3	286496.0
4	286496.0
5	337272.0
6	337272.0
7	337272.0
8	337272.0
9	337272.0
10	554593.0
11	554593.0
12	554593.0
13	554593.0
14	554593.0
15	145404.0
16	145404.0
17	145404.0
18	145404.0
19	145404.0
20	293997.0
21	293997.0
22	293997.0
23	293997.0
24	293997.0
25	568349.0
26	568349.0
27	568349.0
28	568349.0
29	568349.0
30	671187.0
31	671187.0
32	671187.0
33	671187.0
34	671187.0
35	614385.0
36	614385.0
37	614385.0
38	614385.0
39	614385.0
40	299651.0
41	299651.0
42	299651.0
43	299651.0
44	299651.0
45	549808.0
46	549808.0
47	549808.0
48	549808.0
49	549808.0
50	338948.0
51	338948.0
52	338948.0
53	338948.0
54	338948.0
55	658579.0
56	658579.0
57	658579.0
58	658579.0
59	658579.0
60	159900.0
61	159900.0
62	159900.0
63	159900.0
64	159900.0
65	205657.0
66	205657.0
67	205657.0
68	205657.0
69	205657.0
70	267711.0
71	267711.0
72	267711.0
73	267711.0
74	267711.0
75	246844.0
76	246844.0
77	246844.0
78	246844.0
79	246844.0
80	642460.0
81	642460.0
82	642460.0
83	642460.0
84	642460.0
85	577624.0
86	577624.0
87	577624.0
88	577624.0
89	577624.0
90	619455.0
91	619455.0
92	619455.0
93	619455.0
94	619455.0
95	210544.0
96	210544.0
97	210544.0
98	210544.0
99	210544.0
100	407469.0
101	407469.0
102	407469.0
103	407469.0
104	407469.0
105	672923.0
106	672923.0
107	672923.0
108	672923.0
109	672923.0
110	711063.0
111	711063.0
112	711063.0
113	711063.0
114	711063.0
115	603270.0
116	603270.0
117	603270.0
118	603270.0
119	603270.0
120	243353.0
121	243353.0
122	243353.0
123	243353.0
124	243353.0
125	660390.0
126	660390.0
127	660390.0
128	660390.0
129	660390.0
130	357620.0
131	357620.0
132	357620.0
133	357620.0
134	357620.0
135	586612.0
136	586612.0
137	586612.0
138	586612.0
139	586612.0
140	90522.0
141	90522.0
142	90522.0
143	90522.0
144	90522.0
145	74662.0
146	74662.0
147	74662.0
148	74662.0
149	74662.0
150	50407.0
151	50407.0
152	50407.0
153	50407.0
154	50407.0
155	320434.0
156	320434.0
157	320434.0
158	320434.0
159	320434.0
160	15683.0
161	15683.0
162	15683.0
163	15683.0
164	15683.0
165	598961.0
166	598961.0
167	598961.0
168	598961.0
169	598961.0
170	451955.0
171	451955.0
172	451955.0
173	451955.0
174	451955.0
175	571187.0
176	571187.0
177	571187.0
178	571187.0
179	571187.0
180	95830.0
181	95830.0
182	95830.0
183	95830.0
184	95830.0
185	510707.0
186	510707.0
187	510707.0
188	510707.0
189	510707.0
190	436661.0
191	436661.0
192	436661.0
193	436661.0
194	436661.0
195	448626.0
196	448626.0
197	448626.0
198	448626.0
199	448626.0
200	261067.0
201	261067.0
202	261067.0
203	261067.0
204	261067.0
205	44378.0
206	44378.0
207	44378.0
208	44378.0
209	44378.0
210	424428.0
211	424428.0
212	424428.0
213	424428.0
214	424428.0
215	225517.0
216	225517.0
217	225517.0
218	225517.0
219	225517.0
220	602605.0
221	602605.0
222	602605.0
223	602605.0
224	602605.0
225	366782.0
226	366782.0
227	366782.0
228	366782.0
229	366782.0
230	683978.0
231	683978.0
232	683978.0
233	683978.0
234	683978.0
235	265277.0
236	265277.0
237	265277.0
238	265277.0
239	265277.0
240	595934.0
241	595934.0
242	595934.0
243	595934.0
244	595934.0
245	217493.0
246	217493.0
247	217493.0
248	217493.0
249	217493.0
