0	402456.0
1	402456.0
2	402456.0
3	402456.0
4	402456.0
5	699581.0
6	699581.0
7	699581.0
8	699581.0
9	699581.0
10	383263.0
11	383263.0
12	383263.0
13	383263.0
14	383263.0
15	493367.0
16	493367.0
17	493367.0
18	493367.0
19	493367.0
20	366463.0
21	366463.0
22	366463.0
23	366463.0
24	366463.0
25	315101.0
26	315101.0
27	315101.0
28	315101.0
29	315101.0
30	92200.0
31	92200.0
32	92200.0
33	92200.0
34	92200.0
35	364095.0
36	364095.0
37	364095.0
38	364095.0
39	364095.0
40	321628.0
41	321628.0
42	321628.0
43	321628.0
44	321628.0
45	557755.0
46	557755.0
47	557755.0
48	557755.0
49	557755.0
50	330.0
51	330.0
52	330.0
53	330.0
54	330.0
55	315538.0
56	315538.0
57	315538.0
58	315538.0
59	315538.0
60	448115.0
61	448115.0
62	448115.0
63	448115.0
64	448115.0
65	254605.0
66	254605.0
67	254605.0
68	254605.0
69	254605.0
70	226467.0
71	226467.0
72	226467.0
73	226467.0
74	226467.0
75	476848.0
76	476848.0
77	476848.0
78	476848.0
79	476848.0
80	101978.0
81	101978.0
82	101978.0
83	101978.0
84	101978.0
85	369619.0
86	369619.0
87	369619.0
88	369619.0
89	369619.0
90	6657.0
91	6657.0
92	6657.0
93	6657.0
94	6657.0
95	537855.0
96	537855.0
97	537855.0
98	537855.0
99	537855.0
100	463277.0
101	463277.0
102	463277.0
103	463277.0
104	463277.0
105	361545.0
106	361545.0
107	361545.0
108	361545.0
109	361545.0
110	94223.0
111	94223.0
112	94223.0
113	94223.0
114	94223.0
115	701566.0
116	701566.0
117	701566.0
118	701566.0
119	701566.0
120	606261.0
121	606261.0
122	606261.0
123	606261.0
124	606261.0
125	321428.0
126	321428.0
127	321428.0
128	321428.0
129	321428.0
130	129013.0
131	129013.0
132	129013.0
133	129013.0
134	129013.0
135	550987.0
136	550987.0
137	550987.0
138	550987.0
139	550987.0
140	19442.0
141	19442.0
142	19442.0
143	19442.0
144	19442.0
145	485099.0
146	485099.0
147	485099.0
148	485099.0
149	485099.0
150	341600.0
151	341600.0
152	341600.0
153	341600.0
154	341600.0
155	55096.0
156	55096.0
157	55096.0
158	55096.0
159	55096.0
160	29720.0
161	29720.0
162	29720.0
163	29720.0
164	29720.0
165	607444.0
166	607444.0
167	607444.0
168	607444.0
169	607444.0
170	661938.0
171	661938.0
172	661938.0
173	661938.0
174	661938.0
175	484503.0
176	484503.0
177	484503.0
178	484503.0
179	484503.0
180	554892.0
181	554892.0
182	554892.0
183	554892.0
184	554892.0
185	421694.0
186	421694.0
187	421694.0
188	421694.0
189	421694.0
190	9581.0
191	9581.0
192	9581.0
193	9581.0
194	9581.0
195	305991.0
196	305991.0
197	305991.0
198	305991.0
199	305991.0
200	614248.0
201	614248.0
202	614248.0
203	614248.0
204	614248.0
205	440058.0
206	440058.0
207	440058.0
208	440058.0
209	440058.0
210	418529.0
211	418529.0
212	418529.0
213	418529.0
214	418529.0
215	413952.0
216	413952.0
217	413952.0
218	413952.0
219	413952.0
220	123863.0
221	123863.0
222	123863.0
223	123863.0
224	123863.0
225	326334.0
226	326334.0
227	326334.0
228	326334.0
229	326334.0
230	224980.0
231	224980.0
232	224980.0
233	224980.0
234	224980.0
235	83989.0
236	83989.0
237	83989.0
238	83989.0
239	83989.0
240	604563.0
241	604563.0
242	604563.0
243	604563.0
244	604563.0
245	506652.0
246	506652.0
247	506652.0
248	506652.0
249	506652.0
