0	536630.0
1	536630.0
2	536630.0
3	536630.0
4	536630.0
5	570664.0
6	570664.0
7	570664.0
8	570664.0
9	570664.0
10	458789.0
11	458789.0
12	458789.0
13	458789.0
14	458789.0
15	191398.0
16	191398.0
17	191398.0
18	191398.0
19	191398.0
20	36993.0
21	36993.0
22	36993.0
23	36993.0
24	36993.0
25	194434.0
26	194434.0
27	194434.0
28	194434.0
29	194434.0
30	134169.0
31	134169.0
32	134169.0
33	134169.0
34	134169.0
35	119634.0
36	119634.0
37	119634.0
38	119634.0
39	119634.0
40	505984.0
41	505984.0
42	505984.0
43	505984.0
44	505984.0
45	201031.0
46	201031.0
47	201031.0
48	201031.0
49	201031.0
50	197368.0
51	197368.0
52	197368.0
53	197368.0
54	197368.0
55	283799.0
56	283799.0
57	283799.0
58	283799.0
59	283799.0
60	371986.0
61	371986.0
62	371986.0
63	371986.0
64	371986.0
65	501795.0
66	501795.0
67	501795.0
68	501795.0
69	501795.0
70	517472.0
71	517472.0
72	517472.0
73	517472.0
74	517472.0
75	39089.0
76	39089.0
77	39089.0
78	39089.0
79	39089.0
80	496945.0
81	496945.0
82	496945.0
83	496945.0
84	496945.0
85	426057.0
86	426057.0
87	426057.0
88	426057.0
89	426057.0
90	376710.0
91	376710.0
92	376710.0
93	376710.0
94	376710.0
95	121586.0
96	121586.0
97	121586.0
98	121586.0
99	121586.0
100	192257.0
101	192257.0
102	192257.0
103	192257.0
104	192257.0
105	602382.0
106	602382.0
107	602382.0
108	602382.0
109	602382.0
110	89442.0
111	89442.0
112	89442.0
113	89442.0
114	89442.0
115	193296.0
116	193296.0
117	193296.0
118	193296.0
119	193296.0
120	529165.0
121	529165.0
122	529165.0
123	529165.0
124	529165.0
125	400672.0
126	400672.0
127	400672.0
128	400672.0
129	400672.0
130	445396.0
131	445396.0
132	445396.0
133	445396.0
134	445396.0
135	169205.0
136	169205.0
137	169205.0
138	169205.0
139	169205.0
140	249508.0
141	249508.0
142	249508.0
143	249508.0
144	249508.0
145	447744.0
146	447744.0
147	447744.0
148	447744.0
149	447744.0
150	540702.0
151	540702.0
152	540702.0
153	540702.0
154	540702.0
155	557980.0
156	557980.0
157	557980.0
158	557980.0
159	557980.0
160	388913.0
161	388913.0
162	388913.0
163	388913.0
164	388913.0
165	31047.0
166	31047.0
167	31047.0
168	31047.0
169	31047.0
170	518647.0
171	518647.0
172	518647.0
173	518647.0
174	518647.0
175	58085.0
176	58085.0
177	58085.0
178	58085.0
179	58085.0
180	10556.0
181	10556.0
182	10556.0
183	10556.0
184	10556.0
185	513142.0
186	513142.0
187	513142.0
188	513142.0
189	513142.0
190	445541.0
191	445541.0
192	445541.0
193	445541.0
194	445541.0
195	499614.0
196	499614.0
197	499614.0
198	499614.0
199	499614.0
200	211584.0
201	211584.0
202	211584.0
203	211584.0
204	211584.0
205	20040.0
206	20040.0
207	20040.0
208	20040.0
209	20040.0
210	606661.0
211	606661.0
212	606661.0
213	606661.0
214	606661.0
215	285074.0
216	285074.0
217	285074.0
218	285074.0
219	285074.0
220	466711.0
221	466711.0
222	466711.0
223	466711.0
224	466711.0
225	526449.0
226	526449.0
227	526449.0
228	526449.0
229	526449.0
230	541276.0
231	541276.0
232	541276.0
233	541276.0
234	541276.0
235	342333.0
236	342333.0
237	342333.0
238	342333.0
239	342333.0
240	434736.0
241	434736.0
242	434736.0
243	434736.0
244	434736.0
245	581848.0
246	581848.0
247	581848.0
248	581848.0
249	581848.0
