0	453077.0
1	453077.0
2	453077.0
3	453077.0
4	453077.0
5	617766.0
6	617766.0
7	617766.0
8	617766.0
9	617766.0
10	122361.0
11	122361.0
12	122361.0
13	122361.0
14	122361.0
15	268976.0
16	268976.0
17	268976.0
18	268976.0
19	268976.0
20	610867.0
21	610867.0
22	610867.0
23	610867.0
24	610867.0
25	147908.0
26	147908.0
27	147908.0
28	147908.0
29	147908.0
30	113951.0
31	113951.0
32	113951.0
33	113951.0
34	113951.0
35	258928.0
36	258928.0
37	258928.0
38	258928.0
39	258928.0
40	205354.0
41	205354.0
42	205354.0
43	205354.0
44	205354.0
45	283781.0
46	283781.0
47	283781.0
48	283781.0
49	283781.0
50	17784.0
51	17784.0
52	17784.0
53	17784.0
54	17784.0
55	629586.0
56	629586.0
57	629586.0
58	629586.0
59	629586.0
60	293729.0
61	293729.0
62	293729.0
63	293729.0
64	293729.0
65	328326.0
66	328326.0
67	328326.0
68	328326.0
69	328326.0
70	285210.0
71	285210.0
72	285210.0
73	285210.0
74	285210.0
75	419255.0
76	419255.0
77	419255.0
78	419255.0
79	419255.0
80	294916.0
81	294916.0
82	294916.0
83	294916.0
84	294916.0
85	572554.0
86	572554.0
87	572554.0
88	572554.0
89	572554.0
90	46009.0
91	46009.0
92	46009.0
93	46009.0
94	46009.0
95	573800.0
96	573800.0
97	573800.0
98	573800.0
99	573800.0
100	464560.0
101	464560.0
102	464560.0
103	464560.0
104	464560.0
105	590339.0
106	590339.0
107	590339.0
108	590339.0
109	590339.0
110	599062.0
111	599062.0
112	599062.0
113	599062.0
114	599062.0
115	214454.0
116	214454.0
117	214454.0
118	214454.0
119	214454.0
120	216053.0
121	216053.0
122	216053.0
123	216053.0
124	216053.0
125	212242.0
126	212242.0
127	212242.0
128	212242.0
129	212242.0
130	425225.0
131	425225.0
132	425225.0
133	425225.0
134	425225.0
135	352616.0
136	352616.0
137	352616.0
138	352616.0
139	352616.0
140	392901.0
141	392901.0
142	392901.0
143	392901.0
144	392901.0
145	103550.0
146	103550.0
147	103550.0
148	103550.0
149	103550.0
150	93431.0
151	93431.0
152	93431.0
153	93431.0
154	93431.0
155	247144.0
156	247144.0
157	247144.0
158	247144.0
159	247144.0
160	389739.0
161	389739.0
162	389739.0
163	389739.0
164	389739.0
165	449510.0
166	449510.0
167	449510.0
168	449510.0
169	449510.0
170	528736.0
171	528736.0
172	528736.0
173	528736.0
174	528736.0
175	307759.0
176	307759.0
177	307759.0
178	307759.0
179	307759.0
180	46071.0
181	46071.0
182	46071.0
183	46071.0
184	46071.0
185	197672.0
186	197672.0
187	197672.0
188	197672.0
189	197672.0
190	611643.0
191	611643.0
192	611643.0
193	611643.0
194	611643.0
195	312911.0
196	312911.0
197	312911.0
198	312911.0
199	312911.0
200	134768.0
201	134768.0
202	134768.0
203	134768.0
204	134768.0
205	424447.0
206	424447.0
207	424447.0
208	424447.0
209	424447.0
210	153680.0
211	153680.0
212	153680.0
213	153680.0
214	153680.0
215	437806.0
216	437806.0
217	437806.0
218	437806.0
219	437806.0
220	128690.0
221	128690.0
222	128690.0
223	128690.0
224	128690.0
225	654895.0
226	654895.0
227	654895.0
228	654895.0
229	654895.0
230	539295.0
231	539295.0
232	539295.0
233	539295.0
234	539295.0
235	195910.0
236	195910.0
237	195910.0
238	195910.0
239	195910.0
240	202042.0
241	202042.0
242	202042.0
243	202042.0
244	202042.0
245	560421.0
246	560421.0
247	560421.0
248	560421.0
249	560421.0
