0	132048.0
1	132048.0
2	132048.0
3	132048.0
4	132048.0
5	231944.0
6	231944.0
7	231944.0
8	231944.0
9	231944.0
10	366114.0
11	366114.0
12	366114.0
13	366114.0
14	366114.0
15	137938.0
16	137938.0
17	137938.0
18	137938.0
19	137938.0
20	344457.0
21	344457.0
22	344457.0
23	344457.0
24	344457.0
25	383365.0
26	383365.0
27	383365.0
28	383365.0
29	383365.0
30	104856.0
31	104856.0
32	104856.0
33	104856.0
34	104856.0
35	493281.0
36	493281.0
37	493281.0
38	493281.0
39	493281.0
40	509615.0
41	509615.0
42	509615.0
43	509615.0
44	509615.0
45	529851.0
46	529851.0
47	529851.0
48	529851.0
49	529851.0
50	186123.0
51	186123.0
52	186123.0
53	186123.0
54	186123.0
55	194096.0
56	194096.0
57	194096.0
58	194096.0
59	194096.0
60	554169.0
61	554169.0
62	554169.0
63	554169.0
64	554169.0
65	135328.0
66	135328.0
67	135328.0
68	135328.0
69	135328.0
70	78401.0
71	78401.0
72	78401.0
73	78401.0
74	78401.0
75	511838.0
76	511838.0
77	511838.0
78	511838.0
79	511838.0
80	365966.0
81	365966.0
82	365966.0
83	365966.0
84	365966.0
85	533585.0
86	533585.0
87	533585.0
88	533585.0
89	533585.0
90	121101.0
91	121101.0
92	121101.0
93	121101.0
94	121101.0
95	220460.0
96	220460.0
97	220460.0
98	220460.0
99	220460.0
100	528790.0
101	528790.0
102	528790.0
103	528790.0
104	528790.0
105	308000.0
106	308000.0
107	308000.0
108	308000.0
109	308000.0
110	241761.0
111	241761.0
112	241761.0
113	241761.0
114	241761.0
115	125570.0
116	125570.0
117	125570.0
118	125570.0
119	125570.0
120	224686.0
121	224686.0
122	224686.0
123	224686.0
124	224686.0
125	292690.0
126	292690.0
127	292690.0
128	292690.0
129	292690.0
130	176697.0
131	176697.0
132	176697.0
133	176697.0
134	176697.0
135	563836.0
136	563836.0
137	563836.0
138	563836.0
139	563836.0
140	133293.0
141	133293.0
142	133293.0
143	133293.0
144	133293.0
145	166547.0
146	166547.0
147	166547.0
148	166547.0
149	166547.0
150	149046.0
151	149046.0
152	149046.0
153	149046.0
154	149046.0
155	132375.0
156	132375.0
157	132375.0
158	132375.0
159	132375.0
160	12135.0
161	12135.0
162	12135.0
163	12135.0
164	12135.0
165	167059.0
166	167059.0
167	167059.0
168	167059.0
169	167059.0
170	379542.0
171	379542.0
172	379542.0
173	379542.0
174	379542.0
175	306765.0
176	306765.0
177	306765.0
178	306765.0
179	306765.0
180	300192.0
181	300192.0
182	300192.0
183	300192.0
184	300192.0
185	335748.0
186	335748.0
187	335748.0
188	335748.0
189	335748.0
190	389520.0
191	389520.0
192	389520.0
193	389520.0
194	389520.0
195	182355.0
196	182355.0
197	182355.0
198	182355.0
199	182355.0
200	502151.0
201	502151.0
202	502151.0
203	502151.0
204	502151.0
205	494661.0
206	494661.0
207	494661.0
208	494661.0
209	494661.0
210	246469.0
211	246469.0
212	246469.0
213	246469.0
214	246469.0
215	267726.0
216	267726.0
217	267726.0
218	267726.0
219	267726.0
220	113450.0
221	113450.0
222	113450.0
223	113450.0
224	113450.0
225	492878.0
226	492878.0
227	492878.0
228	492878.0
229	492878.0
230	588610.0
231	588610.0
232	588610.0
233	588610.0
234	588610.0
235	24321.0
236	24321.0
237	24321.0
238	24321.0
239	24321.0
240	38507.0
241	38507.0
242	38507.0
243	38507.0
244	38507.0
245	336500.0
246	336500.0
247	336500.0
248	336500.0
249	336500.0
