0	642385.0
1	642385.0
2	642385.0
3	642385.0
4	642385.0
5	248892.0
6	248892.0
7	248892.0
8	248892.0
9	248892.0
10	250484.0
11	250484.0
12	250484.0
13	250484.0
14	250484.0
15	260924.0
16	260924.0
17	260924.0
18	260924.0
19	260924.0
20	98095.0
21	98095.0
22	98095.0
23	98095.0
24	98095.0
25	478168.0
26	478168.0
27	478168.0
28	478168.0
29	478168.0
30	480525.0
31	480525.0
32	480525.0
33	480525.0
34	480525.0
35	390403.0
36	390403.0
37	390403.0
38	390403.0
39	390403.0
40	507811.0
41	507811.0
42	507811.0
43	507811.0
44	507811.0
45	198318.0
46	198318.0
47	198318.0
48	198318.0
49	198318.0
50	333913.0
51	333913.0
52	333913.0
53	333913.0
54	333913.0
55	366633.0
56	366633.0
57	366633.0
58	366633.0
59	366633.0
60	541553.0
61	541553.0
62	541553.0
63	541553.0
64	541553.0
65	541083.0
66	541083.0
67	541083.0
68	541083.0
69	541083.0
70	377566.0
71	377566.0
72	377566.0
73	377566.0
74	377566.0
75	635352.0
76	635352.0
77	635352.0
78	635352.0
79	635352.0
80	550944.0
81	550944.0
82	550944.0
83	550944.0
84	550944.0
85	588196.0
86	588196.0
87	588196.0
88	588196.0
89	588196.0
90	404189.0
91	404189.0
92	404189.0
93	404189.0
94	404189.0
95	51368.0
96	51368.0
97	51368.0
98	51368.0
99	51368.0
100	415321.0
101	415321.0
102	415321.0
103	415321.0
104	415321.0
105	697510.0
106	697510.0
107	697510.0
108	697510.0
109	697510.0
110	331195.0
111	331195.0
112	331195.0
113	331195.0
114	331195.0
115	93797.0
116	93797.0
117	93797.0
118	93797.0
119	93797.0
120	63458.0
121	63458.0
122	63458.0
123	63458.0
124	63458.0
125	722614.0
126	722614.0
127	722614.0
128	722614.0
129	722614.0
130	181005.0
131	181005.0
132	181005.0
133	181005.0
134	181005.0
135	298985.0
136	298985.0
137	298985.0
138	298985.0
139	298985.0
140	30019.0
141	30019.0
142	30019.0
143	30019.0
144	30019.0
145	317289.0
146	317289.0
147	317289.0
148	317289.0
149	317289.0
150	710600.0
151	710600.0
152	710600.0
153	710600.0
154	710600.0
155	88367.0
156	88367.0
157	88367.0
158	88367.0
159	88367.0
160	151449.0
161	151449.0
162	151449.0
163	151449.0
164	151449.0
165	47645.0
166	47645.0
167	47645.0
168	47645.0
169	47645.0
170	715903.0
171	715903.0
172	715903.0
173	715903.0
174	715903.0
175	439932.0
176	439932.0
177	439932.0
178	439932.0
179	439932.0
180	717501.0
181	717501.0
182	717501.0
183	717501.0
184	717501.0
185	195098.0
186	195098.0
187	195098.0
188	195098.0
189	195098.0
190	535340.0
191	535340.0
192	535340.0
193	535340.0
194	535340.0
195	345083.0
196	345083.0
197	345083.0
198	345083.0
199	345083.0
200	405952.0
201	405952.0
202	405952.0
203	405952.0
204	405952.0
205	294446.0
206	294446.0
207	294446.0
208	294446.0
209	294446.0
210	531015.0
211	531015.0
212	531015.0
213	531015.0
214	531015.0
215	76094.0
216	76094.0
217	76094.0
218	76094.0
219	76094.0
220	300694.0
221	300694.0
222	300694.0
223	300694.0
224	300694.0
225	703075.0
226	703075.0
227	703075.0
228	703075.0
229	703075.0
230	94486.0
231	94486.0
232	94486.0
233	94486.0
234	94486.0
235	576742.0
236	576742.0
237	576742.0
238	576742.0
239	576742.0
240	422011.0
241	422011.0
242	422011.0
243	422011.0
244	422011.0
245	573535.0
246	573535.0
247	573535.0
248	573535.0
249	573535.0
