0	673422.0
1	673422.0
2	673422.0
3	673422.0
4	673422.0
5	649356.0
6	649356.0
7	649356.0
8	649356.0
9	649356.0
10	65289.0
11	65289.0
12	65289.0
13	65289.0
14	65289.0
15	87394.0
16	87394.0
17	87394.0
18	87394.0
19	87394.0
20	450196.0
21	450196.0
22	450196.0
23	450196.0
24	450196.0
25	4055.0
26	4055.0
27	4055.0
28	4055.0
29	4055.0
30	105659.0
31	105659.0
32	105659.0
33	105659.0
34	105659.0
35	349644.0
36	349644.0
37	349644.0
38	349644.0
39	349644.0
40	344264.0
41	344264.0
42	344264.0
43	344264.0
44	344264.0
45	592169.0
46	592169.0
47	592169.0
48	592169.0
49	592169.0
50	552978.0
51	552978.0
52	552978.0
53	552978.0
54	552978.0
55	317438.0
56	317438.0
57	317438.0
58	317438.0
59	317438.0
60	686641.0
61	686641.0
62	686641.0
63	686641.0
64	686641.0
65	338731.0
66	338731.0
67	338731.0
68	338731.0
69	338731.0
70	41909.0
71	41909.0
72	41909.0
73	41909.0
74	41909.0
75	38975.0
76	38975.0
77	38975.0
78	38975.0
79	38975.0
80	522127.0
81	522127.0
82	522127.0
83	522127.0
84	522127.0
85	175206.0
86	175206.0
87	175206.0
88	175206.0
89	175206.0
90	717335.0
91	717335.0
92	717335.0
93	717335.0
94	717335.0
95	511747.0
96	511747.0
97	511747.0
98	511747.0
99	511747.0
100	331258.0
101	331258.0
102	331258.0
103	331258.0
104	331258.0
105	187288.0
106	187288.0
107	187288.0
108	187288.0
109	187288.0
110	420692.0
111	420692.0
112	420692.0
113	420692.0
114	420692.0
115	39487.0
116	39487.0
117	39487.0
118	39487.0
119	39487.0
120	45364.0
121	45364.0
122	45364.0
123	45364.0
124	45364.0
125	668823.0
126	668823.0
127	668823.0
128	668823.0
129	668823.0
130	423927.0
131	423927.0
132	423927.0
133	423927.0
134	423927.0
135	696767.0
136	696767.0
137	696767.0
138	696767.0
139	696767.0
140	594641.0
141	594641.0
142	594641.0
143	594641.0
144	594641.0
145	539643.0
146	539643.0
147	539643.0
148	539643.0
149	539643.0
150	524975.0
151	524975.0
152	524975.0
153	524975.0
154	524975.0
155	621214.0
156	621214.0
157	621214.0
158	621214.0
159	621214.0
160	409893.0
161	409893.0
162	409893.0
163	409893.0
164	409893.0
165	342724.0
166	342724.0
167	342724.0
168	342724.0
169	342724.0
170	186254.0
171	186254.0
172	186254.0
173	186254.0
174	186254.0
175	500832.0
176	500832.0
177	500832.0
178	500832.0
179	500832.0
180	72483.0
181	72483.0
182	72483.0
183	72483.0
184	72483.0
185	461091.0
186	461091.0
187	461091.0
188	461091.0
189	461091.0
190	238187.0
191	238187.0
192	238187.0
193	238187.0
194	238187.0
195	33073.0
196	33073.0
197	33073.0
198	33073.0
199	33073.0
200	166695.0
201	166695.0
202	166695.0
203	166695.0
204	166695.0
205	247727.0
206	247727.0
207	247727.0
208	247727.0
209	247727.0
210	347806.0
211	347806.0
212	347806.0
213	347806.0
214	347806.0
215	568411.0
216	568411.0
217	568411.0
218	568411.0
219	568411.0
220	244307.0
221	244307.0
222	244307.0
223	244307.0
224	244307.0
225	339755.0
226	339755.0
227	339755.0
228	339755.0
229	339755.0
230	690670.0
231	690670.0
232	690670.0
233	690670.0
234	690670.0
235	691754.0
236	691754.0
237	691754.0
238	691754.0
239	691754.0
240	582995.0
241	582995.0
242	582995.0
243	582995.0
244	582995.0
245	209879.0
246	209879.0
247	209879.0
248	209879.0
249	209879.0
