0	119665.0
1	119665.0
2	119665.0
3	119665.0
4	119665.0
5	698839.0
6	698839.0
7	698839.0
8	698839.0
9	698839.0
10	558886.0
11	558886.0
12	558886.0
13	558886.0
14	558886.0
15	652855.0
16	652855.0
17	652855.0
18	652855.0
19	652855.0
20	70331.0
21	70331.0
22	70331.0
23	70331.0
24	70331.0
25	274866.0
26	274866.0
27	274866.0
28	274866.0
29	274866.0
30	35676.0
31	35676.0
32	35676.0
33	35676.0
34	35676.0
35	259827.0
36	259827.0
37	259827.0
38	259827.0
39	259827.0
40	578555.0
41	578555.0
42	578555.0
43	578555.0
44	578555.0
45	569836.0
46	569836.0
47	569836.0
48	569836.0
49	569836.0
50	669678.0
51	669678.0
52	669678.0
53	669678.0
54	669678.0
55	188074.0
56	188074.0
57	188074.0
58	188074.0
59	188074.0
60	335231.0
61	335231.0
62	335231.0
63	335231.0
64	335231.0
65	646411.0
66	646411.0
67	646411.0
68	646411.0
69	646411.0
70	392064.0
71	392064.0
72	392064.0
73	392064.0
74	392064.0
75	178340.0
76	178340.0
77	178340.0
78	178340.0
79	178340.0
80	340311.0
81	340311.0
82	340311.0
83	340311.0
84	340311.0
85	306448.0
86	306448.0
87	306448.0
88	306448.0
89	306448.0
90	537337.0
91	537337.0
92	537337.0
93	537337.0
94	537337.0
95	288831.0
96	288831.0
97	288831.0
98	288831.0
99	288831.0
100	530637.0
101	530637.0
102	530637.0
103	530637.0
104	530637.0
105	199896.0
106	199896.0
107	199896.0
108	199896.0
109	199896.0
110	8362.0
111	8362.0
112	8362.0
113	8362.0
114	8362.0
115	595817.0
116	595817.0
117	595817.0
118	595817.0
119	595817.0
120	226571.0
121	226571.0
122	226571.0
123	226571.0
124	226571.0
125	612364.0
126	612364.0
127	612364.0
128	612364.0
129	612364.0
130	412566.0
131	412566.0
132	412566.0
133	412566.0
134	412566.0
135	621257.0
136	621257.0
137	621257.0
138	621257.0
139	621257.0
140	607759.0
141	607759.0
142	607759.0
143	607759.0
144	607759.0
145	655658.0
146	655658.0
147	655658.0
148	655658.0
149	655658.0
150	333055.0
151	333055.0
152	333055.0
153	333055.0
154	333055.0
155	600944.0
156	600944.0
157	600944.0
158	600944.0
159	600944.0
160	630485.0
161	630485.0
162	630485.0
163	630485.0
164	630485.0
165	496637.0
166	496637.0
167	496637.0
168	496637.0
169	496637.0
170	463664.0
171	463664.0
172	463664.0
173	463664.0
174	463664.0
175	318753.0
176	318753.0
177	318753.0
178	318753.0
179	318753.0
180	482388.0
181	482388.0
182	482388.0
183	482388.0
184	482388.0
185	490630.0
186	490630.0
187	490630.0
188	490630.0
189	490630.0
190	459197.0
191	459197.0
192	459197.0
193	459197.0
194	459197.0
195	178608.0
196	178608.0
197	178608.0
198	178608.0
199	178608.0
200	509438.0
201	509438.0
202	509438.0
203	509438.0
204	509438.0
205	587425.0
206	587425.0
207	587425.0
208	587425.0
209	587425.0
210	659750.0
211	659750.0
212	659750.0
213	659750.0
214	659750.0
215	567162.0
216	567162.0
217	567162.0
218	567162.0
219	567162.0
220	497669.0
221	497669.0
222	497669.0
223	497669.0
224	497669.0
225	457306.0
226	457306.0
227	457306.0
228	457306.0
229	457306.0
230	489529.0
231	489529.0
232	489529.0
233	489529.0
234	489529.0
235	267924.0
236	267924.0
237	267924.0
238	267924.0
239	267924.0
240	555485.0
241	555485.0
242	555485.0
243	555485.0
244	555485.0
245	638267.0
246	638267.0
247	638267.0
248	638267.0
249	638267.0
