0	345863.0
1	345863.0
2	345863.0
3	345863.0
4	345863.0
5	711242.0
6	711242.0
7	711242.0
8	711242.0
9	711242.0
10	554033.0
11	554033.0
12	554033.0
13	554033.0
14	554033.0
15	335143.0
16	335143.0
17	335143.0
18	335143.0
19	335143.0
20	397595.0
21	397595.0
22	397595.0
23	397595.0
24	397595.0
25	379982.0
26	379982.0
27	379982.0
28	379982.0
29	379982.0
30	436987.0
31	436987.0
32	436987.0
33	436987.0
34	436987.0
35	440249.0
36	440249.0
37	440249.0
38	440249.0
39	440249.0
40	16937.0
41	16937.0
42	16937.0
43	16937.0
44	16937.0
45	436757.0
46	436757.0
47	436757.0
48	436757.0
49	436757.0
50	418943.0
51	418943.0
52	418943.0
53	418943.0
54	418943.0
55	440816.0
56	440816.0
57	440816.0
58	440816.0
59	440816.0
60	20721.0
61	20721.0
62	20721.0
63	20721.0
64	20721.0
65	154440.0
66	154440.0
67	154440.0
68	154440.0
69	154440.0
70	685660.0
71	685660.0
72	685660.0
73	685660.0
74	685660.0
75	564787.0
76	564787.0
77	564787.0
78	564787.0
79	564787.0
80	425489.0
81	425489.0
82	425489.0
83	425489.0
84	425489.0
85	80924.0
86	80924.0
87	80924.0
88	80924.0
89	80924.0
90	143925.0
91	143925.0
92	143925.0
93	143925.0
94	143925.0
95	721674.0
96	721674.0
97	721674.0
98	721674.0
99	721674.0
100	434455.0
101	434455.0
102	434455.0
103	434455.0
104	434455.0
105	48872.0
106	48872.0
107	48872.0
108	48872.0
109	48872.0
110	302659.0
111	302659.0
112	302659.0
113	302659.0
114	302659.0
115	168238.0
116	168238.0
117	168238.0
118	168238.0
119	168238.0
120	683721.0
121	683721.0
122	683721.0
123	683721.0
124	683721.0
125	49662.0
126	49662.0
127	49662.0
128	49662.0
129	49662.0
130	531680.0
131	531680.0
132	531680.0
133	531680.0
134	531680.0
135	111745.0
136	111745.0
137	111745.0
138	111745.0
139	111745.0
140	523824.0
141	523824.0
142	523824.0
143	523824.0
144	523824.0
145	161622.0
146	161622.0
147	161622.0
148	161622.0
149	161622.0
150	120943.0
151	120943.0
152	120943.0
153	120943.0
154	120943.0
155	75571.0
156	75571.0
157	75571.0
158	75571.0
159	75571.0
160	608383.0
161	608383.0
162	608383.0
163	608383.0
164	608383.0
165	592588.0
166	592588.0
167	592588.0
168	592588.0
169	592588.0
170	44997.0
171	44997.0
172	44997.0
173	44997.0
174	44997.0
175	93014.0
176	93014.0
177	93014.0
178	93014.0
179	93014.0
180	430769.0
181	430769.0
182	430769.0
183	430769.0
184	430769.0
185	275585.0
186	275585.0
187	275585.0
188	275585.0
189	275585.0
190	543055.0
191	543055.0
192	543055.0
193	543055.0
194	543055.0
195	408713.0
196	408713.0
197	408713.0
198	408713.0
199	408713.0
200	232962.0
201	232962.0
202	232962.0
203	232962.0
204	232962.0
205	658642.0
206	658642.0
207	658642.0
208	658642.0
209	658642.0
210	306199.0
211	306199.0
212	306199.0
213	306199.0
214	306199.0
215	250625.0
216	250625.0
217	250625.0
218	250625.0
219	250625.0
220	473107.0
221	473107.0
222	473107.0
223	473107.0
224	473107.0
225	205224.0
226	205224.0
227	205224.0
228	205224.0
229	205224.0
230	527824.0
231	527824.0
232	527824.0
233	527824.0
234	527824.0
235	181881.0
236	181881.0
237	181881.0
238	181881.0
239	181881.0
240	682282.0
241	682282.0
242	682282.0
243	682282.0
244	682282.0
245	487527.0
246	487527.0
247	487527.0
248	487527.0
249	487527.0
