0	156983.0
1	156983.0
2	156983.0
3	156983.0
4	156983.0
5	628565.0
6	628565.0
7	628565.0
8	628565.0
9	628565.0
10	237902.0
11	237902.0
12	237902.0
13	237902.0
14	237902.0
15	649800.0
16	649800.0
17	649800.0
18	649800.0
19	649800.0
20	605626.0
21	605626.0
22	605626.0
23	605626.0
24	605626.0
25	217505.0
26	217505.0
27	217505.0
28	217505.0
29	217505.0
30	171191.0
31	171191.0
32	171191.0
33	171191.0
34	171191.0
35	400263.0
36	400263.0
37	400263.0
38	400263.0
39	400263.0
40	604675.0
41	604675.0
42	604675.0
43	604675.0
44	604675.0
45	540075.0
46	540075.0
47	540075.0
48	540075.0
49	540075.0
50	36519.0
51	36519.0
52	36519.0
53	36519.0
54	36519.0
55	194181.0
56	194181.0
57	194181.0
58	194181.0
59	194181.0
60	429111.0
61	429111.0
62	429111.0
63	429111.0
64	429111.0
65	329761.0
66	329761.0
67	329761.0
68	329761.0
69	329761.0
70	157512.0
71	157512.0
72	157512.0
73	157512.0
74	157512.0
75	558583.0
76	558583.0
77	558583.0
78	558583.0
79	558583.0
80	257619.0
81	257619.0
82	257619.0
83	257619.0
84	257619.0
85	451620.0
86	451620.0
87	451620.0
88	451620.0
89	451620.0
90	112950.0
91	112950.0
92	112950.0
93	112950.0
94	112950.0
95	639914.0
96	639914.0
97	639914.0
98	639914.0
99	639914.0
100	346818.0
101	346818.0
102	346818.0
103	346818.0
104	346818.0
105	203256.0
106	203256.0
107	203256.0
108	203256.0
109	203256.0
110	142183.0
111	142183.0
112	142183.0
113	142183.0
114	142183.0
115	186432.0
116	186432.0
117	186432.0
118	186432.0
119	186432.0
120	618280.0
121	618280.0
122	618280.0
123	618280.0
124	618280.0
125	618218.0
126	618218.0
127	618218.0
128	618218.0
129	618218.0
130	303506.0
131	303506.0
132	303506.0
133	303506.0
134	303506.0
135	532183.0
136	532183.0
137	532183.0
138	532183.0
139	532183.0
140	524520.0
141	524520.0
142	524520.0
143	524520.0
144	524520.0
145	626531.0
146	626531.0
147	626531.0
148	626531.0
149	626531.0
150	498510.0
151	498510.0
152	498510.0
153	498510.0
154	498510.0
155	240697.0
156	240697.0
157	240697.0
158	240697.0
159	240697.0
160	567645.0
161	567645.0
162	567645.0
163	567645.0
164	567645.0
165	115051.0
166	115051.0
167	115051.0
168	115051.0
169	115051.0
170	320821.0
171	320821.0
172	320821.0
173	320821.0
174	320821.0
175	559652.0
176	559652.0
177	559652.0
178	559652.0
179	559652.0
180	554882.0
181	554882.0
182	554882.0
183	554882.0
184	554882.0
185	203502.0
186	203502.0
187	203502.0
188	203502.0
189	203502.0
190	640176.0
191	640176.0
192	640176.0
193	640176.0
194	640176.0
195	485520.0
196	485520.0
197	485520.0
198	485520.0
199	485520.0
200	178946.0
201	178946.0
202	178946.0
203	178946.0
204	178946.0
205	291982.0
206	291982.0
207	291982.0
208	291982.0
209	291982.0
210	231958.0
211	231958.0
212	231958.0
213	231958.0
214	231958.0
215	633533.0
216	633533.0
217	633533.0
218	633533.0
219	633533.0
220	359272.0
221	359272.0
222	359272.0
223	359272.0
224	359272.0
225	487653.0
226	487653.0
227	487653.0
228	487653.0
229	487653.0
230	609374.0
231	609374.0
232	609374.0
233	609374.0
234	609374.0
235	23017.0
236	23017.0
237	23017.0
238	23017.0
239	23017.0
240	591794.0
241	591794.0
242	591794.0
243	591794.0
244	591794.0
245	309262.0
246	309262.0
247	309262.0
248	309262.0
249	309262.0
