0	234532.0
1	234532.0
2	234532.0
3	234532.0
4	234532.0
5	20632.0
6	20632.0
7	20632.0
8	20632.0
9	20632.0
10	454080.0
11	454080.0
12	454080.0
13	454080.0
14	454080.0
15	319663.0
16	319663.0
17	319663.0
18	319663.0
19	319663.0
20	105995.0
21	105995.0
22	105995.0
23	105995.0
24	105995.0
25	387849.0
26	387849.0
27	387849.0
28	387849.0
29	387849.0
30	462805.0
31	462805.0
32	462805.0
33	462805.0
34	462805.0
35	208707.0
36	208707.0
37	208707.0
38	208707.0
39	208707.0
40	34444.0
41	34444.0
42	34444.0
43	34444.0
44	34444.0
45	646370.0
46	646370.0
47	646370.0
48	646370.0
49	646370.0
50	189769.0
51	189769.0
52	189769.0
53	189769.0
54	189769.0
55	639454.0
56	639454.0
57	639454.0
58	639454.0
59	639454.0
60	318629.0
61	318629.0
62	318629.0
63	318629.0
64	318629.0
65	265103.0
66	265103.0
67	265103.0
68	265103.0
69	265103.0
70	208003.0
71	208003.0
72	208003.0
73	208003.0
74	208003.0
75	456687.0
76	456687.0
77	456687.0
78	456687.0
79	456687.0
80	452201.0
81	452201.0
82	452201.0
83	452201.0
84	452201.0
85	634164.0
86	634164.0
87	634164.0
88	634164.0
89	634164.0
90	348273.0
91	348273.0
92	348273.0
93	348273.0
94	348273.0
95	453380.0
96	453380.0
97	453380.0
98	453380.0
99	453380.0
100	296429.0
101	296429.0
102	296429.0
103	296429.0
104	296429.0
105	537467.0
106	537467.0
107	537467.0
108	537467.0
109	537467.0
110	19856.0
111	19856.0
112	19856.0
113	19856.0
114	19856.0
115	269144.0
116	269144.0
117	269144.0
118	269144.0
119	269144.0
120	67747.0
121	67747.0
122	67747.0
123	67747.0
124	67747.0
125	251864.0
126	251864.0
127	251864.0
128	251864.0
129	251864.0
130	463776.0
131	463776.0
132	463776.0
133	463776.0
134	463776.0
135	265538.0
136	265538.0
137	265538.0
138	265538.0
139	265538.0
140	428750.0
141	428750.0
142	428750.0
143	428750.0
144	428750.0
145	549737.0
146	549737.0
147	549737.0
148	549737.0
149	549737.0
150	389734.0
151	389734.0
152	389734.0
153	389734.0
154	389734.0
155	166610.0
156	166610.0
157	166610.0
158	166610.0
159	166610.0
160	528365.0
161	528365.0
162	528365.0
163	528365.0
164	528365.0
165	32853.0
166	32853.0
167	32853.0
168	32853.0
169	32853.0
170	22469.0
171	22469.0
172	22469.0
173	22469.0
174	22469.0
175	548231.0
176	548231.0
177	548231.0
178	548231.0
179	548231.0
180	445182.0
181	445182.0
182	445182.0
183	445182.0
184	445182.0
185	206998.0
186	206998.0
187	206998.0
188	206998.0
189	206998.0
190	133925.0
191	133925.0
192	133925.0
193	133925.0
194	133925.0
195	369327.0
196	369327.0
197	369327.0
198	369327.0
199	369327.0
200	491524.0
201	491524.0
202	491524.0
203	491524.0
204	491524.0
205	469091.0
206	469091.0
207	469091.0
208	469091.0
209	469091.0
210	141476.0
211	141476.0
212	141476.0
213	141476.0
214	141476.0
215	42535.0
216	42535.0
217	42535.0
218	42535.0
219	42535.0
220	230941.0
221	230941.0
222	230941.0
223	230941.0
224	230941.0
225	80323.0
226	80323.0
227	80323.0
228	80323.0
229	80323.0
230	531832.0
231	531832.0
232	531832.0
233	531832.0
234	531832.0
235	653597.0
236	653597.0
237	653597.0
238	653597.0
239	653597.0
240	327310.0
241	327310.0
242	327310.0
243	327310.0
244	327310.0
245	571638.0
246	571638.0
247	571638.0
248	571638.0
249	571638.0
