0	366089.0
1	366089.0
2	366089.0
3	366089.0
4	366089.0
5	177358.0
6	177358.0
7	177358.0
8	177358.0
9	177358.0
10	92521.0
11	92521.0
12	92521.0
13	92521.0
14	92521.0
15	549192.0
16	549192.0
17	549192.0
18	549192.0
19	549192.0
20	619403.0
21	619403.0
22	619403.0
23	619403.0
24	619403.0
25	565742.0
26	565742.0
27	565742.0
28	565742.0
29	565742.0
30	353898.0
31	353898.0
32	353898.0
33	353898.0
34	353898.0
35	144400.0
36	144400.0
37	144400.0
38	144400.0
39	144400.0
40	303353.0
41	303353.0
42	303353.0
43	303353.0
44	303353.0
45	363414.0
46	363414.0
47	363414.0
48	363414.0
49	363414.0
50	224990.0
51	224990.0
52	224990.0
53	224990.0
54	224990.0
55	493456.0
56	493456.0
57	493456.0
58	493456.0
59	493456.0
60	90486.0
61	90486.0
62	90486.0
63	90486.0
64	90486.0
65	233888.0
66	233888.0
67	233888.0
68	233888.0
69	233888.0
70	194289.0
71	194289.0
72	194289.0
73	194289.0
74	194289.0
75	652882.0
76	652882.0
77	652882.0
78	652882.0
79	652882.0
80	646767.0
81	646767.0
82	646767.0
83	646767.0
84	646767.0
85	591938.0
86	591938.0
87	591938.0
88	591938.0
89	591938.0
90	291175.0
91	291175.0
92	291175.0
93	291175.0
94	291175.0
95	385967.0
96	385967.0
97	385967.0
98	385967.0
99	385967.0
100	436389.0
101	436389.0
102	436389.0
103	436389.0
104	436389.0
105	633784.0
106	633784.0
107	633784.0
108	633784.0
109	633784.0
110	472258.0
111	472258.0
112	472258.0
113	472258.0
114	472258.0
115	99091.0
116	99091.0
117	99091.0
118	99091.0
119	99091.0
120	109411.0
121	109411.0
122	109411.0
123	109411.0
124	109411.0
125	25488.0
126	25488.0
127	25488.0
128	25488.0
129	25488.0
130	74386.0
131	74386.0
132	74386.0
133	74386.0
134	74386.0
135	520131.0
136	520131.0
137	520131.0
138	520131.0
139	520131.0
140	650497.0
141	650497.0
142	650497.0
143	650497.0
144	650497.0
145	493855.0
146	493855.0
147	493855.0
148	493855.0
149	493855.0
150	233413.0
151	233413.0
152	233413.0
153	233413.0
154	233413.0
155	448303.0
156	448303.0
157	448303.0
158	448303.0
159	448303.0
160	175254.0
161	175254.0
162	175254.0
163	175254.0
164	175254.0
165	360293.0
166	360293.0
167	360293.0
168	360293.0
169	360293.0
170	502122.0
171	502122.0
172	502122.0
173	502122.0
174	502122.0
175	192269.0
176	192269.0
177	192269.0
178	192269.0
179	192269.0
180	8955.0
181	8955.0
182	8955.0
183	8955.0
184	8955.0
185	402346.0
186	402346.0
187	402346.0
188	402346.0
189	402346.0
190	395638.0
191	395638.0
192	395638.0
193	395638.0
194	395638.0
195	125664.0
196	125664.0
197	125664.0
198	125664.0
199	125664.0
200	412909.0
201	412909.0
202	412909.0
203	412909.0
204	412909.0
205	426351.0
206	426351.0
207	426351.0
208	426351.0
209	426351.0
210	509177.0
211	509177.0
212	509177.0
213	509177.0
214	509177.0
215	12071.0
216	12071.0
217	12071.0
218	12071.0
219	12071.0
220	540753.0
221	540753.0
222	540753.0
223	540753.0
224	540753.0
225	496321.0
226	496321.0
227	496321.0
228	496321.0
229	496321.0
230	9325.0
231	9325.0
232	9325.0
233	9325.0
234	9325.0
235	589417.0
236	589417.0
237	589417.0
238	589417.0
239	589417.0
240	277152.0
241	277152.0
242	277152.0
243	277152.0
244	277152.0
245	634749.0
246	634749.0
247	634749.0
248	634749.0
249	634749.0
