0	244074.0
1	244074.0
2	244074.0
3	244074.0
4	244074.0
5	57796.0
6	57796.0
7	57796.0
8	57796.0
9	57796.0
10	482788.0
11	482788.0
12	482788.0
13	482788.0
14	482788.0
15	339808.0
16	339808.0
17	339808.0
18	339808.0
19	339808.0
20	418290.0
21	418290.0
22	418290.0
23	418290.0
24	418290.0
25	497531.0
26	497531.0
27	497531.0
28	497531.0
29	497531.0
30	531221.0
31	531221.0
32	531221.0
33	531221.0
34	531221.0
35	382457.0
36	382457.0
37	382457.0
38	382457.0
39	382457.0
40	482926.0
41	482926.0
42	482926.0
43	482926.0
44	482926.0
45	150523.0
46	150523.0
47	150523.0
48	150523.0
49	150523.0
50	528863.0
51	528863.0
52	528863.0
53	528863.0
54	528863.0
55	613166.0
56	613166.0
57	613166.0
58	613166.0
59	613166.0
60	523825.0
61	523825.0
62	523825.0
63	523825.0
64	523825.0
65	221988.0
66	221988.0
67	221988.0
68	221988.0
69	221988.0
70	96855.0
71	96855.0
72	96855.0
73	96855.0
74	96855.0
75	343375.0
76	343375.0
77	343375.0
78	343375.0
79	343375.0
80	459800.0
81	459800.0
82	459800.0
83	459800.0
84	459800.0
85	467227.0
86	467227.0
87	467227.0
88	467227.0
89	467227.0
90	673600.0
91	673600.0
92	673600.0
93	673600.0
94	673600.0
95	207289.0
96	207289.0
97	207289.0
98	207289.0
99	207289.0
100	447974.0
101	447974.0
102	447974.0
103	447974.0
104	447974.0
105	661572.0
106	661572.0
107	661572.0
108	661572.0
109	661572.0
110	593048.0
111	593048.0
112	593048.0
113	593048.0
114	593048.0
115	366368.0
116	366368.0
117	366368.0
118	366368.0
119	366368.0
120	110925.0
121	110925.0
122	110925.0
123	110925.0
124	110925.0
125	36456.0
126	36456.0
127	36456.0
128	36456.0
129	36456.0
130	419863.0
131	419863.0
132	419863.0
133	419863.0
134	419863.0
135	559035.0
136	559035.0
137	559035.0
138	559035.0
139	559035.0
140	315987.0
141	315987.0
142	315987.0
143	315987.0
144	315987.0
145	365274.0
146	365274.0
147	365274.0
148	365274.0
149	365274.0
150	397993.0
151	397993.0
152	397993.0
153	397993.0
154	397993.0
155	593846.0
156	593846.0
157	593846.0
158	593846.0
159	593846.0
160	517187.0
161	517187.0
162	517187.0
163	517187.0
164	517187.0
165	149741.0
166	149741.0
167	149741.0
168	149741.0
169	149741.0
170	461669.0
171	461669.0
172	461669.0
173	461669.0
174	461669.0
175	8507.0
176	8507.0
177	8507.0
178	8507.0
179	8507.0
180	636357.0
181	636357.0
182	636357.0
183	636357.0
184	636357.0
185	544624.0
186	544624.0
187	544624.0
188	544624.0
189	544624.0
190	371667.0
191	371667.0
192	371667.0
193	371667.0
194	371667.0
195	676791.0
196	676791.0
197	676791.0
198	676791.0
199	676791.0
200	253486.0
201	253486.0
202	253486.0
203	253486.0
204	253486.0
205	564069.0
206	564069.0
207	564069.0
208	564069.0
209	564069.0
210	172928.0
211	172928.0
212	172928.0
213	172928.0
214	172928.0
215	47949.0
216	47949.0
217	47949.0
218	47949.0
219	47949.0
220	156987.0
221	156987.0
222	156987.0
223	156987.0
224	156987.0
225	181423.0
226	181423.0
227	181423.0
228	181423.0
229	181423.0
230	593277.0
231	593277.0
232	593277.0
233	593277.0
234	593277.0
235	511244.0
236	511244.0
237	511244.0
238	511244.0
239	511244.0
240	130096.0
241	130096.0
242	130096.0
243	130096.0
244	130096.0
245	345007.0
246	345007.0
247	345007.0
248	345007.0
249	345007.0
