0	68619.0
1	68619.0
2	68619.0
3	68619.0
4	68619.0
5	632724.0
6	632724.0
7	632724.0
8	632724.0
9	632724.0
10	596813.0
11	596813.0
12	596813.0
13	596813.0
14	596813.0
15	9417.0
16	9417.0
17	9417.0
18	9417.0
19	9417.0
20	401840.0
21	401840.0
22	401840.0
23	401840.0
24	401840.0
25	610368.0
26	610368.0
27	610368.0
28	610368.0
29	610368.0
30	403185.0
31	403185.0
32	403185.0
33	403185.0
34	403185.0
35	381235.0
36	381235.0
37	381235.0
38	381235.0
39	381235.0
40	267155.0
41	267155.0
42	267155.0
43	267155.0
44	267155.0
45	216550.0
46	216550.0
47	216550.0
48	216550.0
49	216550.0
50	290059.0
51	290059.0
52	290059.0
53	290059.0
54	290059.0
55	96346.0
56	96346.0
57	96346.0
58	96346.0
59	96346.0
60	110675.0
61	110675.0
62	110675.0
63	110675.0
64	110675.0
65	646885.0
66	646885.0
67	646885.0
68	646885.0
69	646885.0
70	495568.0
71	495568.0
72	495568.0
73	495568.0
74	495568.0
75	112940.0
76	112940.0
77	112940.0
78	112940.0
79	112940.0
80	434528.0
81	434528.0
82	434528.0
83	434528.0
84	434528.0
85	485079.0
86	485079.0
87	485079.0
88	485079.0
89	485079.0
90	184558.0
91	184558.0
92	184558.0
93	184558.0
94	184558.0
95	526324.0
96	526324.0
97	526324.0
98	526324.0
99	526324.0
100	311638.0
101	311638.0
102	311638.0
103	311638.0
104	311638.0
105	174394.0
106	174394.0
107	174394.0
108	174394.0
109	174394.0
110	259047.0
111	259047.0
112	259047.0
113	259047.0
114	259047.0
115	486530.0
116	486530.0
117	486530.0
118	486530.0
119	486530.0
120	473411.0
121	473411.0
122	473411.0
123	473411.0
124	473411.0
125	126879.0
126	126879.0
127	126879.0
128	126879.0
129	126879.0
130	494655.0
131	494655.0
132	494655.0
133	494655.0
134	494655.0
135	146983.0
136	146983.0
137	146983.0
138	146983.0
139	146983.0
140	689737.0
141	689737.0
142	689737.0
143	689737.0
144	689737.0
145	478133.0
146	478133.0
147	478133.0
148	478133.0
149	478133.0
150	292841.0
151	292841.0
152	292841.0
153	292841.0
154	292841.0
155	674631.0
156	674631.0
157	674631.0
158	674631.0
159	674631.0
160	72504.0
161	72504.0
162	72504.0
163	72504.0
164	72504.0
165	564028.0
166	564028.0
167	564028.0
168	564028.0
169	564028.0
170	202850.0
171	202850.0
172	202850.0
173	202850.0
174	202850.0
175	167672.0
176	167672.0
177	167672.0
178	167672.0
179	167672.0
180	446069.0
181	446069.0
182	446069.0
183	446069.0
184	446069.0
185	414673.0
186	414673.0
187	414673.0
188	414673.0
189	414673.0
190	137411.0
191	137411.0
192	137411.0
193	137411.0
194	137411.0
195	235071.0
196	235071.0
197	235071.0
198	235071.0
199	235071.0
200	88552.0
201	88552.0
202	88552.0
203	88552.0
204	88552.0
205	108916.0
206	108916.0
207	108916.0
208	108916.0
209	108916.0
210	233205.0
211	233205.0
212	233205.0
213	233205.0
214	233205.0
215	490770.0
216	490770.0
217	490770.0
218	490770.0
219	490770.0
220	402177.0
221	402177.0
222	402177.0
223	402177.0
224	402177.0
225	182053.0
226	182053.0
227	182053.0
228	182053.0
229	182053.0
230	488586.0
231	488586.0
232	488586.0
233	488586.0
234	488586.0
235	662320.0
236	662320.0
237	662320.0
238	662320.0
239	662320.0
240	371787.0
241	371787.0
242	371787.0
243	371787.0
244	371787.0
245	133347.0
246	133347.0
247	133347.0
248	133347.0
249	133347.0
