0	262705.0
1	262705.0
2	262705.0
3	262705.0
4	262705.0
5	640343.0
6	640343.0
7	640343.0
8	640343.0
9	640343.0
10	94753.0
11	94753.0
12	94753.0
13	94753.0
14	94753.0
15	661419.0
16	661419.0
17	661419.0
18	661419.0
19	661419.0
20	240258.0
21	240258.0
22	240258.0
23	240258.0
24	240258.0
25	322786.0
26	322786.0
27	322786.0
28	322786.0
29	322786.0
30	529683.0
31	529683.0
32	529683.0
33	529683.0
34	529683.0
35	390618.0
36	390618.0
37	390618.0
38	390618.0
39	390618.0
40	22397.0
41	22397.0
42	22397.0
43	22397.0
44	22397.0
45	95186.0
46	95186.0
47	95186.0
48	95186.0
49	95186.0
50	577165.0
51	577165.0
52	577165.0
53	577165.0
54	577165.0
55	169909.0
56	169909.0
57	169909.0
58	169909.0
59	169909.0
60	687722.0
61	687722.0
62	687722.0
63	687722.0
64	687722.0
65	685894.0
66	685894.0
67	685894.0
68	685894.0
69	685894.0
70	412077.0
71	412077.0
72	412077.0
73	412077.0
74	412077.0
75	60418.0
76	60418.0
77	60418.0
78	60418.0
79	60418.0
80	635986.0
81	635986.0
82	635986.0
83	635986.0
84	635986.0
85	249498.0
86	249498.0
87	249498.0
88	249498.0
89	249498.0
90	664878.0
91	664878.0
92	664878.0
93	664878.0
94	664878.0
95	85934.0
96	85934.0
97	85934.0
98	85934.0
99	85934.0
100	353654.0
101	353654.0
102	353654.0
103	353654.0
104	353654.0
105	379995.0
106	379995.0
107	379995.0
108	379995.0
109	379995.0
110	307001.0
111	307001.0
112	307001.0
113	307001.0
114	307001.0
115	302287.0
116	302287.0
117	302287.0
118	302287.0
119	302287.0
120	658686.0
121	658686.0
122	658686.0
123	658686.0
124	658686.0
125	562137.0
126	562137.0
127	562137.0
128	562137.0
129	562137.0
130	249209.0
131	249209.0
132	249209.0
133	249209.0
134	249209.0
135	280630.0
136	280630.0
137	280630.0
138	280630.0
139	280630.0
140	469325.0
141	469325.0
142	469325.0
143	469325.0
144	469325.0
145	267197.0
146	267197.0
147	267197.0
148	267197.0
149	267197.0
150	499902.0
151	499902.0
152	499902.0
153	499902.0
154	499902.0
155	596811.0
156	596811.0
157	596811.0
158	596811.0
159	596811.0
160	203435.0
161	203435.0
162	203435.0
163	203435.0
164	203435.0
165	28066.0
166	28066.0
167	28066.0
168	28066.0
169	28066.0
170	188124.0
171	188124.0
172	188124.0
173	188124.0
174	188124.0
175	139943.0
176	139943.0
177	139943.0
178	139943.0
179	139943.0
180	635960.0
181	635960.0
182	635960.0
183	635960.0
184	635960.0
185	194590.0
186	194590.0
187	194590.0
188	194590.0
189	194590.0
190	271910.0
191	271910.0
192	271910.0
193	271910.0
194	271910.0
195	481443.0
196	481443.0
197	481443.0
198	481443.0
199	481443.0
200	696701.0
201	696701.0
202	696701.0
203	696701.0
204	696701.0
205	241060.0
206	241060.0
207	241060.0
208	241060.0
209	241060.0
210	110994.0
211	110994.0
212	110994.0
213	110994.0
214	110994.0
215	357704.0
216	357704.0
217	357704.0
218	357704.0
219	357704.0
220	236963.0
221	236963.0
222	236963.0
223	236963.0
224	236963.0
225	634923.0
226	634923.0
227	634923.0
228	634923.0
229	634923.0
230	624310.0
231	624310.0
232	624310.0
233	624310.0
234	624310.0
235	401040.0
236	401040.0
237	401040.0
238	401040.0
239	401040.0
240	380721.0
241	380721.0
242	380721.0
243	380721.0
244	380721.0
245	153914.0
246	153914.0
247	153914.0
248	153914.0
249	153914.0
