0	455668.0
1	455668.0
2	455668.0
3	455668.0
4	455668.0
5	342502.0
6	342502.0
7	342502.0
8	342502.0
9	342502.0
10	157578.0
11	157578.0
12	157578.0
13	157578.0
14	157578.0
15	552823.0
16	552823.0
17	552823.0
18	552823.0
19	552823.0
20	681814.0
21	681814.0
22	681814.0
23	681814.0
24	681814.0
25	623276.0
26	623276.0
27	623276.0
28	623276.0
29	623276.0
30	638537.0
31	638537.0
32	638537.0
33	638537.0
34	638537.0
35	99597.0
36	99597.0
37	99597.0
38	99597.0
39	99597.0
40	179468.0
41	179468.0
42	179468.0
43	179468.0
44	179468.0
45	71094.0
46	71094.0
47	71094.0
48	71094.0
49	71094.0
50	455510.0
51	455510.0
52	455510.0
53	455510.0
54	455510.0
55	293823.0
56	293823.0
57	293823.0
58	293823.0
59	293823.0
60	63145.0
61	63145.0
62	63145.0
63	63145.0
64	63145.0
65	215587.0
66	215587.0
67	215587.0
68	215587.0
69	215587.0
70	57374.0
71	57374.0
72	57374.0
73	57374.0
74	57374.0
75	553220.0
76	553220.0
77	553220.0
78	553220.0
79	553220.0
80	251191.0
81	251191.0
82	251191.0
83	251191.0
84	251191.0
85	101821.0
86	101821.0
87	101821.0
88	101821.0
89	101821.0
90	381653.0
91	381653.0
92	381653.0
93	381653.0
94	381653.0
95	696433.0
96	696433.0
97	696433.0
98	696433.0
99	696433.0
100	215303.0
101	215303.0
102	215303.0
103	215303.0
104	215303.0
105	446016.0
106	446016.0
107	446016.0
108	446016.0
109	446016.0
110	595337.0
111	595337.0
112	595337.0
113	595337.0
114	595337.0
115	225103.0
116	225103.0
117	225103.0
118	225103.0
119	225103.0
120	392002.0
121	392002.0
122	392002.0
123	392002.0
124	392002.0
125	56222.0
126	56222.0
127	56222.0
128	56222.0
129	56222.0
130	497523.0
131	497523.0
132	497523.0
133	497523.0
134	497523.0
135	133377.0
136	133377.0
137	133377.0
138	133377.0
139	133377.0
140	643740.0
141	643740.0
142	643740.0
143	643740.0
144	643740.0
145	595657.0
146	595657.0
147	595657.0
148	595657.0
149	595657.0
150	573503.0
151	573503.0
152	573503.0
153	573503.0
154	573503.0
155	592849.0
156	592849.0
157	592849.0
158	592849.0
159	592849.0
160	588846.0
161	588846.0
162	588846.0
163	588846.0
164	588846.0
165	211961.0
166	211961.0
167	211961.0
168	211961.0
169	211961.0
170	432902.0
171	432902.0
172	432902.0
173	432902.0
174	432902.0
175	632582.0
176	632582.0
177	632582.0
178	632582.0
179	632582.0
180	145409.0
181	145409.0
182	145409.0
183	145409.0
184	145409.0
185	414209.0
186	414209.0
187	414209.0
188	414209.0
189	414209.0
190	208012.0
191	208012.0
192	208012.0
193	208012.0
194	208012.0
195	476319.0
196	476319.0
197	476319.0
198	476319.0
199	476319.0
200	463883.0
201	463883.0
202	463883.0
203	463883.0
204	463883.0
205	322214.0
206	322214.0
207	322214.0
208	322214.0
209	322214.0
210	187145.0
211	187145.0
212	187145.0
213	187145.0
214	187145.0
215	198902.0
216	198902.0
217	198902.0
218	198902.0
219	198902.0
220	136709.0
221	136709.0
222	136709.0
223	136709.0
224	136709.0
225	589605.0
226	589605.0
227	589605.0
228	589605.0
229	589605.0
230	531874.0
231	531874.0
232	531874.0
233	531874.0
234	531874.0
235	468957.0
236	468957.0
237	468957.0
238	468957.0
239	468957.0
240	342473.0
241	342473.0
242	342473.0
243	342473.0
244	342473.0
245	211377.0
246	211377.0
247	211377.0
248	211377.0
249	211377.0
