0	42906.0
1	42906.0
2	42906.0
3	42906.0
4	42906.0
5	678862.0
6	678862.0
7	678862.0
8	678862.0
9	678862.0
10	530317.0
11	530317.0
12	530317.0
13	530317.0
14	530317.0
15	1451.0
16	1451.0
17	1451.0
18	1451.0
19	1451.0
20	112916.0
21	112916.0
22	112916.0
23	112916.0
24	112916.0
25	519323.0
26	519323.0
27	519323.0
28	519323.0
29	519323.0
30	100098.0
31	100098.0
32	100098.0
33	100098.0
34	100098.0
35	572643.0
36	572643.0
37	572643.0
38	572643.0
39	572643.0
40	97110.0
41	97110.0
42	97110.0
43	97110.0
44	97110.0
45	355380.0
46	355380.0
47	355380.0
48	355380.0
49	355380.0
50	658289.0
51	658289.0
52	658289.0
53	658289.0
54	658289.0
55	441217.0
56	441217.0
57	441217.0
58	441217.0
59	441217.0
60	546531.0
61	546531.0
62	546531.0
63	546531.0
64	546531.0
65	397130.0
66	397130.0
67	397130.0
68	397130.0
69	397130.0
70	678322.0
71	678322.0
72	678322.0
73	678322.0
74	678322.0
75	244205.0
76	244205.0
77	244205.0
78	244205.0
79	244205.0
80	254649.0
81	254649.0
82	254649.0
83	254649.0
84	254649.0
85	610978.0
86	610978.0
87	610978.0
88	610978.0
89	610978.0
90	386209.0
91	386209.0
92	386209.0
93	386209.0
94	386209.0
95	190867.0
96	190867.0
97	190867.0
98	190867.0
99	190867.0
100	539473.0
101	539473.0
102	539473.0
103	539473.0
104	539473.0
105	529792.0
106	529792.0
107	529792.0
108	529792.0
109	529792.0
110	82357.0
111	82357.0
112	82357.0
113	82357.0
114	82357.0
115	296270.0
116	296270.0
117	296270.0
118	296270.0
119	296270.0
120	559871.0
121	559871.0
122	559871.0
123	559871.0
124	559871.0
125	682100.0
126	682100.0
127	682100.0
128	682100.0
129	682100.0
130	402442.0
131	402442.0
132	402442.0
133	402442.0
134	402442.0
135	88126.0
136	88126.0
137	88126.0
138	88126.0
139	88126.0
140	397949.0
141	397949.0
142	397949.0
143	397949.0
144	397949.0
145	580244.0
146	580244.0
147	580244.0
148	580244.0
149	580244.0
150	81962.0
151	81962.0
152	81962.0
153	81962.0
154	81962.0
155	121177.0
156	121177.0
157	121177.0
158	121177.0
159	121177.0
160	607506.0
161	607506.0
162	607506.0
163	607506.0
164	607506.0
165	226969.0
166	226969.0
167	226969.0
168	226969.0
169	226969.0
170	487122.0
171	487122.0
172	487122.0
173	487122.0
174	487122.0
175	19874.0
176	19874.0
177	19874.0
178	19874.0
179	19874.0
180	391273.0
181	391273.0
182	391273.0
183	391273.0
184	391273.0
185	92059.0
186	92059.0
187	92059.0
188	92059.0
189	92059.0
190	58571.0
191	58571.0
192	58571.0
193	58571.0
194	58571.0
195	444874.0
196	444874.0
197	444874.0
198	444874.0
199	444874.0
200	343378.0
201	343378.0
202	343378.0
203	343378.0
204	343378.0
205	365084.0
206	365084.0
207	365084.0
208	365084.0
209	365084.0
210	525482.0
211	525482.0
212	525482.0
213	525482.0
214	525482.0
215	109937.0
216	109937.0
217	109937.0
218	109937.0
219	109937.0
220	459830.0
221	459830.0
222	459830.0
223	459830.0
224	459830.0
225	13847.0
226	13847.0
227	13847.0
228	13847.0
229	13847.0
230	482229.0
231	482229.0
232	482229.0
233	482229.0
234	482229.0
235	367979.0
236	367979.0
237	367979.0
238	367979.0
239	367979.0
240	599185.0
241	599185.0
242	599185.0
243	599185.0
244	599185.0
245	186708.0
246	186708.0
247	186708.0
248	186708.0
249	186708.0
