0	7265.0
1	7265.0
2	7265.0
3	7265.0
4	7265.0
5	655025.0
6	655025.0
7	655025.0
8	655025.0
9	655025.0
10	136759.0
11	136759.0
12	136759.0
13	136759.0
14	136759.0
15	627991.0
16	627991.0
17	627991.0
18	627991.0
19	627991.0
20	86208.0
21	86208.0
22	86208.0
23	86208.0
24	86208.0
25	178905.0
26	178905.0
27	178905.0
28	178905.0
29	178905.0
30	191922.0
31	191922.0
32	191922.0
33	191922.0
34	191922.0
35	84083.0
36	84083.0
37	84083.0
38	84083.0
39	84083.0
40	500655.0
41	500655.0
42	500655.0
43	500655.0
44	500655.0
45	424687.0
46	424687.0
47	424687.0
48	424687.0
49	424687.0
50	557424.0
51	557424.0
52	557424.0
53	557424.0
54	557424.0
55	417024.0
56	417024.0
57	417024.0
58	417024.0
59	417024.0
60	426685.0
61	426685.0
62	426685.0
63	426685.0
64	426685.0
65	676718.0
66	676718.0
67	676718.0
68	676718.0
69	676718.0
70	256446.0
71	256446.0
72	256446.0
73	256446.0
74	256446.0
75	457742.0
76	457742.0
77	457742.0
78	457742.0
79	457742.0
80	107958.0
81	107958.0
82	107958.0
83	107958.0
84	107958.0
85	612286.0
86	612286.0
87	612286.0
88	612286.0
89	612286.0
90	661328.0
91	661328.0
92	661328.0
93	661328.0
94	661328.0
95	283031.0
96	283031.0
97	283031.0
98	283031.0
99	283031.0
100	492571.0
101	492571.0
102	492571.0
103	492571.0
104	492571.0
105	577177.0
106	577177.0
107	577177.0
108	577177.0
109	577177.0
110	320109.0
111	320109.0
112	320109.0
113	320109.0
114	320109.0
115	655149.0
116	655149.0
117	655149.0
118	655149.0
119	655149.0
120	460035.0
121	460035.0
122	460035.0
123	460035.0
124	460035.0
125	424543.0
126	424543.0
127	424543.0
128	424543.0
129	424543.0
130	229954.0
131	229954.0
132	229954.0
133	229954.0
134	229954.0
135	415774.0
136	415774.0
137	415774.0
138	415774.0
139	415774.0
140	491965.0
141	491965.0
142	491965.0
143	491965.0
144	491965.0
145	374.0
146	374.0
147	374.0
148	374.0
149	374.0
150	2609.0
151	2609.0
152	2609.0
153	2609.0
154	2609.0
155	94110.0
156	94110.0
157	94110.0
158	94110.0
159	94110.0
160	487900.0
161	487900.0
162	487900.0
163	487900.0
164	487900.0
165	216469.0
166	216469.0
167	216469.0
168	216469.0
169	216469.0
170	527686.0
171	527686.0
172	527686.0
173	527686.0
174	527686.0
175	190500.0
176	190500.0
177	190500.0
178	190500.0
179	190500.0
180	368011.0
181	368011.0
182	368011.0
183	368011.0
184	368011.0
185	678835.0
186	678835.0
187	678835.0
188	678835.0
189	678835.0
190	134148.0
191	134148.0
192	134148.0
193	134148.0
194	134148.0
195	261618.0
196	261618.0
197	261618.0
198	261618.0
199	261618.0
200	3755.0
201	3755.0
202	3755.0
203	3755.0
204	3755.0
205	690577.0
206	690577.0
207	690577.0
208	690577.0
209	690577.0
210	599822.0
211	599822.0
212	599822.0
213	599822.0
214	599822.0
215	13256.0
216	13256.0
217	13256.0
218	13256.0
219	13256.0
220	479536.0
221	479536.0
222	479536.0
223	479536.0
224	479536.0
225	201488.0
226	201488.0
227	201488.0
228	201488.0
229	201488.0
230	529926.0
231	529926.0
232	529926.0
233	529926.0
234	529926.0
235	464668.0
236	464668.0
237	464668.0
238	464668.0
239	464668.0
240	106437.0
241	106437.0
242	106437.0
243	106437.0
244	106437.0
245	265952.0
246	265952.0
247	265952.0
248	265952.0
249	265952.0
