0	353473.0
1	353473.0
2	353473.0
3	353473.0
4	353473.0
5	366438.0
6	366438.0
7	366438.0
8	366438.0
9	366438.0
10	484703.0
11	484703.0
12	484703.0
13	484703.0
14	484703.0
15	191609.0
16	191609.0
17	191609.0
18	191609.0
19	191609.0
20	548298.0
21	548298.0
22	548298.0
23	548298.0
24	548298.0
25	613202.0
26	613202.0
27	613202.0
28	613202.0
29	613202.0
30	654391.0
31	654391.0
32	654391.0
33	654391.0
34	654391.0
35	552891.0
36	552891.0
37	552891.0
38	552891.0
39	552891.0
40	314463.0
41	314463.0
42	314463.0
43	314463.0
44	314463.0
45	205036.0
46	205036.0
47	205036.0
48	205036.0
49	205036.0
50	384723.0
51	384723.0
52	384723.0
53	384723.0
54	384723.0
55	137433.0
56	137433.0
57	137433.0
58	137433.0
59	137433.0
60	570679.0
61	570679.0
62	570679.0
63	570679.0
64	570679.0
65	59189.0
66	59189.0
67	59189.0
68	59189.0
69	59189.0
70	37648.0
71	37648.0
72	37648.0
73	37648.0
74	37648.0
75	495707.0
76	495707.0
77	495707.0
78	495707.0
79	495707.0
80	136986.0
81	136986.0
82	136986.0
83	136986.0
84	136986.0
85	96690.0
86	96690.0
87	96690.0
88	96690.0
89	96690.0
90	645196.0
91	645196.0
92	645196.0
93	645196.0
94	645196.0
95	425766.0
96	425766.0
97	425766.0
98	425766.0
99	425766.0
100	29780.0
101	29780.0
102	29780.0
103	29780.0
104	29780.0
105	140233.0
106	140233.0
107	140233.0
108	140233.0
109	140233.0
110	274684.0
111	274684.0
112	274684.0
113	274684.0
114	274684.0
115	622988.0
116	622988.0
117	622988.0
118	622988.0
119	622988.0
120	2915.0
121	2915.0
122	2915.0
123	2915.0
124	2915.0
125	559865.0
126	559865.0
127	559865.0
128	559865.0
129	559865.0
130	112420.0
131	112420.0
132	112420.0
133	112420.0
134	112420.0
135	471001.0
136	471001.0
137	471001.0
138	471001.0
139	471001.0
140	696415.0
141	696415.0
142	696415.0
143	696415.0
144	696415.0
145	672727.0
146	672727.0
147	672727.0
148	672727.0
149	672727.0
150	473098.0
151	473098.0
152	473098.0
153	473098.0
154	473098.0
155	85659.0
156	85659.0
157	85659.0
158	85659.0
159	85659.0
160	191453.0
161	191453.0
162	191453.0
163	191453.0
164	191453.0
165	415780.0
166	415780.0
167	415780.0
168	415780.0
169	415780.0
170	419488.0
171	419488.0
172	419488.0
173	419488.0
174	419488.0
175	208079.0
176	208079.0
177	208079.0
178	208079.0
179	208079.0
180	316295.0
181	316295.0
182	316295.0
183	316295.0
184	316295.0
185	161199.0
186	161199.0
187	161199.0
188	161199.0
189	161199.0
190	265397.0
191	265397.0
192	265397.0
193	265397.0
194	265397.0
195	403301.0
196	403301.0
197	403301.0
198	403301.0
199	403301.0
200	574769.0
201	574769.0
202	574769.0
203	574769.0
204	574769.0
205	545324.0
206	545324.0
207	545324.0
208	545324.0
209	545324.0
210	98995.0
211	98995.0
212	98995.0
213	98995.0
214	98995.0
215	168284.0
216	168284.0
217	168284.0
218	168284.0
219	168284.0
220	49389.0
221	49389.0
222	49389.0
223	49389.0
224	49389.0
225	634713.0
226	634713.0
227	634713.0
228	634713.0
229	634713.0
230	424941.0
231	424941.0
232	424941.0
233	424941.0
234	424941.0
235	281144.0
236	281144.0
237	281144.0
238	281144.0
239	281144.0
240	548963.0
241	548963.0
242	548963.0
243	548963.0
244	548963.0
245	55925.0
246	55925.0
247	55925.0
248	55925.0
249	55925.0
