0	583148.0
1	583148.0
2	583148.0
3	583148.0
4	583148.0
5	682777.0
6	682777.0
7	682777.0
8	682777.0
9	682777.0
10	558053.0
11	558053.0
12	558053.0
13	558053.0
14	558053.0
15	529583.0
16	529583.0
17	529583.0
18	529583.0
19	529583.0
20	3796.0
21	3796.0
22	3796.0
23	3796.0
24	3796.0
25	176148.0
26	176148.0
27	176148.0
28	176148.0
29	176148.0
30	644973.0
31	644973.0
32	644973.0
33	644973.0
34	644973.0
35	485067.0
36	485067.0
37	485067.0
38	485067.0
39	485067.0
40	111268.0
41	111268.0
42	111268.0
43	111268.0
44	111268.0
45	513442.0
46	513442.0
47	513442.0
48	513442.0
49	513442.0
50	279827.0
51	279827.0
52	279827.0
53	279827.0
54	279827.0
55	330308.0
56	330308.0
57	330308.0
58	330308.0
59	330308.0
60	626682.0
61	626682.0
62	626682.0
63	626682.0
64	626682.0
65	115995.0
66	115995.0
67	115995.0
68	115995.0
69	115995.0
70	316643.0
71	316643.0
72	316643.0
73	316643.0
74	316643.0
75	260008.0
76	260008.0
77	260008.0
78	260008.0
79	260008.0
80	324779.0
81	324779.0
82	324779.0
83	324779.0
84	324779.0
85	537177.0
86	537177.0
87	537177.0
88	537177.0
89	537177.0
90	195771.0
91	195771.0
92	195771.0
93	195771.0
94	195771.0
95	195721.0
96	195721.0
97	195721.0
98	195721.0
99	195721.0
100	141913.0
101	141913.0
102	141913.0
103	141913.0
104	141913.0
105	310185.0
106	310185.0
107	310185.0
108	310185.0
109	310185.0
110	446174.0
111	446174.0
112	446174.0
113	446174.0
114	446174.0
115	668769.0
116	668769.0
117	668769.0
118	668769.0
119	668769.0
120	645324.0
121	645324.0
122	645324.0
123	645324.0
124	645324.0
125	415042.0
126	415042.0
127	415042.0
128	415042.0
129	415042.0
130	540321.0
131	540321.0
132	540321.0
133	540321.0
134	540321.0
135	449533.0
136	449533.0
137	449533.0
138	449533.0
139	449533.0
140	562277.0
141	562277.0
142	562277.0
143	562277.0
144	562277.0
145	234194.0
146	234194.0
147	234194.0
148	234194.0
149	234194.0
150	680144.0
151	680144.0
152	680144.0
153	680144.0
154	680144.0
155	109258.0
156	109258.0
157	109258.0
158	109258.0
159	109258.0
160	367030.0
161	367030.0
162	367030.0
163	367030.0
164	367030.0
165	31489.0
166	31489.0
167	31489.0
168	31489.0
169	31489.0
170	172047.0
171	172047.0
172	172047.0
173	172047.0
174	172047.0
175	22471.0
176	22471.0
177	22471.0
178	22471.0
179	22471.0
180	362074.0
181	362074.0
182	362074.0
183	362074.0
184	362074.0
185	660244.0
186	660244.0
187	660244.0
188	660244.0
189	660244.0
190	378.0
191	378.0
192	378.0
193	378.0
194	378.0
195	16921.0
196	16921.0
197	16921.0
198	16921.0
199	16921.0
200	609271.0
201	609271.0
202	609271.0
203	609271.0
204	609271.0
205	401000.0
206	401000.0
207	401000.0
208	401000.0
209	401000.0
210	475041.0
211	475041.0
212	475041.0
213	475041.0
214	475041.0
215	87342.0
216	87342.0
217	87342.0
218	87342.0
219	87342.0
220	307933.0
221	307933.0
222	307933.0
223	307933.0
224	307933.0
225	346295.0
226	346295.0
227	346295.0
228	346295.0
229	346295.0
230	62098.0
231	62098.0
232	62098.0
233	62098.0
234	62098.0
235	512050.0
236	512050.0
237	512050.0
238	512050.0
239	512050.0
240	115869.0
241	115869.0
242	115869.0
243	115869.0
244	115869.0
245	112412.0
246	112412.0
247	112412.0
248	112412.0
249	112412.0
