0	636088.0
1	636088.0
2	636088.0
3	636088.0
4	636088.0
5	465554.0
6	465554.0
7	465554.0
8	465554.0
9	465554.0
10	7026.0
11	7026.0
12	7026.0
13	7026.0
14	7026.0
15	625536.0
16	625536.0
17	625536.0
18	625536.0
19	625536.0
20	372530.0
21	372530.0
22	372530.0
23	372530.0
24	372530.0
25	52690.0
26	52690.0
27	52690.0
28	52690.0
29	52690.0
30	592143.0
31	592143.0
32	592143.0
33	592143.0
34	592143.0
35	447625.0
36	447625.0
37	447625.0
38	447625.0
39	447625.0
40	262446.0
41	262446.0
42	262446.0
43	262446.0
44	262446.0
45	317336.0
46	317336.0
47	317336.0
48	317336.0
49	317336.0
50	124182.0
51	124182.0
52	124182.0
53	124182.0
54	124182.0
55	248059.0
56	248059.0
57	248059.0
58	248059.0
59	248059.0
60	554245.0
61	554245.0
62	554245.0
63	554245.0
64	554245.0
65	112559.0
66	112559.0
67	112559.0
68	112559.0
69	112559.0
70	645250.0
71	645250.0
72	645250.0
73	645250.0
74	645250.0
75	149710.0
76	149710.0
77	149710.0
78	149710.0
79	149710.0
80	609707.0
81	609707.0
82	609707.0
83	609707.0
84	609707.0
85	621607.0
86	621607.0
87	621607.0
88	621607.0
89	621607.0
90	167813.0
91	167813.0
92	167813.0
93	167813.0
94	167813.0
95	181248.0
96	181248.0
97	181248.0
98	181248.0
99	181248.0
100	504771.0
101	504771.0
102	504771.0
103	504771.0
104	504771.0
105	500284.0
106	500284.0
107	500284.0
108	500284.0
109	500284.0
110	112454.0
111	112454.0
112	112454.0
113	112454.0
114	112454.0
115	96410.0
116	96410.0
117	96410.0
118	96410.0
119	96410.0
120	202194.0
121	202194.0
122	202194.0
123	202194.0
124	202194.0
125	42375.0
126	42375.0
127	42375.0
128	42375.0
129	42375.0
130	180923.0
131	180923.0
132	180923.0
133	180923.0
134	180923.0
135	108045.0
136	108045.0
137	108045.0
138	108045.0
139	108045.0
140	626973.0
141	626973.0
142	626973.0
143	626973.0
144	626973.0
145	687155.0
146	687155.0
147	687155.0
148	687155.0
149	687155.0
150	142332.0
151	142332.0
152	142332.0
153	142332.0
154	142332.0
155	35119.0
156	35119.0
157	35119.0
158	35119.0
159	35119.0
160	683663.0
161	683663.0
162	683663.0
163	683663.0
164	683663.0
165	518693.0
166	518693.0
167	518693.0
168	518693.0
169	518693.0
170	190458.0
171	190458.0
172	190458.0
173	190458.0
174	190458.0
175	70708.0
176	70708.0
177	70708.0
178	70708.0
179	70708.0
180	140871.0
181	140871.0
182	140871.0
183	140871.0
184	140871.0
185	232504.0
186	232504.0
187	232504.0
188	232504.0
189	232504.0
190	150242.0
191	150242.0
192	150242.0
193	150242.0
194	150242.0
195	448881.0
196	448881.0
197	448881.0
198	448881.0
199	448881.0
200	371463.0
201	371463.0
202	371463.0
203	371463.0
204	371463.0
205	7892.0
206	7892.0
207	7892.0
208	7892.0
209	7892.0
210	491254.0
211	491254.0
212	491254.0
213	491254.0
214	491254.0
215	209633.0
216	209633.0
217	209633.0
218	209633.0
219	209633.0
220	655310.0
221	655310.0
222	655310.0
223	655310.0
224	655310.0
225	424016.0
226	424016.0
227	424016.0
228	424016.0
229	424016.0
230	204013.0
231	204013.0
232	204013.0
233	204013.0
234	204013.0
235	385207.0
236	385207.0
237	385207.0
238	385207.0
239	385207.0
240	634171.0
241	634171.0
242	634171.0
243	634171.0
244	634171.0
245	479987.0
246	479987.0
247	479987.0
248	479987.0
249	479987.0
