0	170098.0
1	170098.0
2	170098.0
3	170098.0
4	170098.0
5	16380.0
6	16380.0
7	16380.0
8	16380.0
9	16380.0
10	525680.0
11	525680.0
12	525680.0
13	525680.0
14	525680.0
15	100017.0
16	100017.0
17	100017.0
18	100017.0
19	100017.0
20	152241.0
21	152241.0
22	152241.0
23	152241.0
24	152241.0
25	324968.0
26	324968.0
27	324968.0
28	324968.0
29	324968.0
30	99256.0
31	99256.0
32	99256.0
33	99256.0
34	99256.0
35	511528.0
36	511528.0
37	511528.0
38	511528.0
39	511528.0
40	186680.0
41	186680.0
42	186680.0
43	186680.0
44	186680.0
45	363774.0
46	363774.0
47	363774.0
48	363774.0
49	363774.0
50	442234.0
51	442234.0
52	442234.0
53	442234.0
54	442234.0
55	233644.0
56	233644.0
57	233644.0
58	233644.0
59	233644.0
60	618512.0
61	618512.0
62	618512.0
63	618512.0
64	618512.0
65	159133.0
66	159133.0
67	159133.0
68	159133.0
69	159133.0
70	260320.0
71	260320.0
72	260320.0
73	260320.0
74	260320.0
75	515454.0
76	515454.0
77	515454.0
78	515454.0
79	515454.0
80	300744.0
81	300744.0
82	300744.0
83	300744.0
84	300744.0
85	217865.0
86	217865.0
87	217865.0
88	217865.0
89	217865.0
90	46630.0
91	46630.0
92	46630.0
93	46630.0
94	46630.0
95	627257.0
96	627257.0
97	627257.0
98	627257.0
99	627257.0
100	469072.0
101	469072.0
102	469072.0
103	469072.0
104	469072.0
105	341532.0
106	341532.0
107	341532.0
108	341532.0
109	341532.0
110	428994.0
111	428994.0
112	428994.0
113	428994.0
114	428994.0
115	42442.0
116	42442.0
117	42442.0
118	42442.0
119	42442.0
120	51243.0
121	51243.0
122	51243.0
123	51243.0
124	51243.0
125	416362.0
126	416362.0
127	416362.0
128	416362.0
129	416362.0
130	447122.0
131	447122.0
132	447122.0
133	447122.0
134	447122.0
135	351886.0
136	351886.0
137	351886.0
138	351886.0
139	351886.0
140	333719.0
141	333719.0
142	333719.0
143	333719.0
144	333719.0
145	548772.0
146	548772.0
147	548772.0
148	548772.0
149	548772.0
150	638696.0
151	638696.0
152	638696.0
153	638696.0
154	638696.0
155	621425.0
156	621425.0
157	621425.0
158	621425.0
159	621425.0
160	482443.0
161	482443.0
162	482443.0
163	482443.0
164	482443.0
165	385845.0
166	385845.0
167	385845.0
168	385845.0
169	385845.0
170	321318.0
171	321318.0
172	321318.0
173	321318.0
174	321318.0
175	414579.0
176	414579.0
177	414579.0
178	414579.0
179	414579.0
180	71643.0
181	71643.0
182	71643.0
183	71643.0
184	71643.0
185	231823.0
186	231823.0
187	231823.0
188	231823.0
189	231823.0
190	269489.0
191	269489.0
192	269489.0
193	269489.0
194	269489.0
195	596735.0
196	596735.0
197	596735.0
198	596735.0
199	596735.0
200	140864.0
201	140864.0
202	140864.0
203	140864.0
204	140864.0
205	497687.0
206	497687.0
207	497687.0
208	497687.0
209	497687.0
210	468246.0
211	468246.0
212	468246.0
213	468246.0
214	468246.0
215	440871.0
216	440871.0
217	440871.0
218	440871.0
219	440871.0
220	570037.0
221	570037.0
222	570037.0
223	570037.0
224	570037.0
225	568902.0
226	568902.0
227	568902.0
228	568902.0
229	568902.0
230	572755.0
231	572755.0
232	572755.0
233	572755.0
234	572755.0
235	191509.0
236	191509.0
237	191509.0
238	191509.0
239	191509.0
240	419611.0
241	419611.0
242	419611.0
243	419611.0
244	419611.0
245	343409.0
246	343409.0
247	343409.0
248	343409.0
249	343409.0
