0	618461.0
1	618461.0
2	618461.0
3	618461.0
4	618461.0
5	113802.0
6	113802.0
7	113802.0
8	113802.0
9	113802.0
10	250158.0
11	250158.0
12	250158.0
13	250158.0
14	250158.0
15	2561.0
16	2561.0
17	2561.0
18	2561.0
19	2561.0
20	611149.0
21	611149.0
22	611149.0
23	611149.0
24	611149.0
25	268762.0
26	268762.0
27	268762.0
28	268762.0
29	268762.0
30	360842.0
31	360842.0
32	360842.0
33	360842.0
34	360842.0
35	625758.0
36	625758.0
37	625758.0
38	625758.0
39	625758.0
40	327811.0
41	327811.0
42	327811.0
43	327811.0
44	327811.0
45	624719.0
46	624719.0
47	624719.0
48	624719.0
49	624719.0
50	510676.0
51	510676.0
52	510676.0
53	510676.0
54	510676.0
55	435235.0
56	435235.0
57	435235.0
58	435235.0
59	435235.0
60	124592.0
61	124592.0
62	124592.0
63	124592.0
64	124592.0
65	172703.0
66	172703.0
67	172703.0
68	172703.0
69	172703.0
70	247059.0
71	247059.0
72	247059.0
73	247059.0
74	247059.0
75	137649.0
76	137649.0
77	137649.0
78	137649.0
79	137649.0
80	368175.0
81	368175.0
82	368175.0
83	368175.0
84	368175.0
85	610597.0
86	610597.0
87	610597.0
88	610597.0
89	610597.0
90	224468.0
91	224468.0
92	224468.0
93	224468.0
94	224468.0
95	610923.0
96	610923.0
97	610923.0
98	610923.0
99	610923.0
100	359302.0
101	359302.0
102	359302.0
103	359302.0
104	359302.0
105	432401.0
106	432401.0
107	432401.0
108	432401.0
109	432401.0
110	620159.0
111	620159.0
112	620159.0
113	620159.0
114	620159.0
115	527583.0
116	527583.0
117	527583.0
118	527583.0
119	527583.0
120	137043.0
121	137043.0
122	137043.0
123	137043.0
124	137043.0
125	16371.0
126	16371.0
127	16371.0
128	16371.0
129	16371.0
130	401412.0
131	401412.0
132	401412.0
133	401412.0
134	401412.0
135	289143.0
136	289143.0
137	289143.0
138	289143.0
139	289143.0
140	659652.0
141	659652.0
142	659652.0
143	659652.0
144	659652.0
145	182389.0
146	182389.0
147	182389.0
148	182389.0
149	182389.0
150	165446.0
151	165446.0
152	165446.0
153	165446.0
154	165446.0
155	202823.0
156	202823.0
157	202823.0
158	202823.0
159	202823.0
160	294504.0
161	294504.0
162	294504.0
163	294504.0
164	294504.0
165	502972.0
166	502972.0
167	502972.0
168	502972.0
169	502972.0
170	279131.0
171	279131.0
172	279131.0
173	279131.0
174	279131.0
175	468757.0
176	468757.0
177	468757.0
178	468757.0
179	468757.0
180	598295.0
181	598295.0
182	598295.0
183	598295.0
184	598295.0
185	344531.0
186	344531.0
187	344531.0
188	344531.0
189	344531.0
190	36090.0
191	36090.0
192	36090.0
193	36090.0
194	36090.0
195	259111.0
196	259111.0
197	259111.0
198	259111.0
199	259111.0
200	103263.0
201	103263.0
202	103263.0
203	103263.0
204	103263.0
205	619279.0
206	619279.0
207	619279.0
208	619279.0
209	619279.0
210	89135.0
211	89135.0
212	89135.0
213	89135.0
214	89135.0
215	369870.0
216	369870.0
217	369870.0
218	369870.0
219	369870.0
220	30722.0
221	30722.0
222	30722.0
223	30722.0
224	30722.0
225	594204.0
226	594204.0
227	594204.0
228	594204.0
229	594204.0
230	3600.0
231	3600.0
232	3600.0
233	3600.0
234	3600.0
235	609615.0
236	609615.0
237	609615.0
238	609615.0
239	609615.0
240	254459.0
241	254459.0
242	254459.0
243	254459.0
244	254459.0
245	90168.0
246	90168.0
247	90168.0
248	90168.0
249	90168.0
