0	649689.0
1	649689.0
2	649689.0
3	649689.0
4	649689.0
5	377418.0
6	377418.0
7	377418.0
8	377418.0
9	377418.0
10	272503.0
11	272503.0
12	272503.0
13	272503.0
14	272503.0
15	582745.0
16	582745.0
17	582745.0
18	582745.0
19	582745.0
20	621533.0
21	621533.0
22	621533.0
23	621533.0
24	621533.0
25	603421.0
26	603421.0
27	603421.0
28	603421.0
29	603421.0
30	233109.0
31	233109.0
32	233109.0
33	233109.0
34	233109.0
35	460914.0
36	460914.0
37	460914.0
38	460914.0
39	460914.0
40	250231.0
41	250231.0
42	250231.0
43	250231.0
44	250231.0
45	102893.0
46	102893.0
47	102893.0
48	102893.0
49	102893.0
50	460917.0
51	460917.0
52	460917.0
53	460917.0
54	460917.0
55	123711.0
56	123711.0
57	123711.0
58	123711.0
59	123711.0
60	315523.0
61	315523.0
62	315523.0
63	315523.0
64	315523.0
65	588774.0
66	588774.0
67	588774.0
68	588774.0
69	588774.0
70	13174.0
71	13174.0
72	13174.0
73	13174.0
74	13174.0
75	562039.0
76	562039.0
77	562039.0
78	562039.0
79	562039.0
80	93958.0
81	93958.0
82	93958.0
83	93958.0
84	93958.0
85	475518.0
86	475518.0
87	475518.0
88	475518.0
89	475518.0
90	137003.0
91	137003.0
92	137003.0
93	137003.0
94	137003.0
95	108145.0
96	108145.0
97	108145.0
98	108145.0
99	108145.0
100	300635.0
101	300635.0
102	300635.0
103	300635.0
104	300635.0
105	32417.0
106	32417.0
107	32417.0
108	32417.0
109	32417.0
110	62865.0
111	62865.0
112	62865.0
113	62865.0
114	62865.0
115	412006.0
116	412006.0
117	412006.0
118	412006.0
119	412006.0
120	63675.0
121	63675.0
122	63675.0
123	63675.0
124	63675.0
125	651393.0
126	651393.0
127	651393.0
128	651393.0
129	651393.0
130	101001.0
131	101001.0
132	101001.0
133	101001.0
134	101001.0
135	252817.0
136	252817.0
137	252817.0
138	252817.0
139	252817.0
140	482040.0
141	482040.0
142	482040.0
143	482040.0
144	482040.0
145	489787.0
146	489787.0
147	489787.0
148	489787.0
149	489787.0
150	323317.0
151	323317.0
152	323317.0
153	323317.0
154	323317.0
155	85512.0
156	85512.0
157	85512.0
158	85512.0
159	85512.0
160	203441.0
161	203441.0
162	203441.0
163	203441.0
164	203441.0
165	97461.0
166	97461.0
167	97461.0
168	97461.0
169	97461.0
170	80668.0
171	80668.0
172	80668.0
173	80668.0
174	80668.0
175	540512.0
176	540512.0
177	540512.0
178	540512.0
179	540512.0
180	575628.0
181	575628.0
182	575628.0
183	575628.0
184	575628.0
185	57244.0
186	57244.0
187	57244.0
188	57244.0
189	57244.0
190	145632.0
191	145632.0
192	145632.0
193	145632.0
194	145632.0
195	257987.0
196	257987.0
197	257987.0
198	257987.0
199	257987.0
200	197921.0
201	197921.0
202	197921.0
203	197921.0
204	197921.0
205	43623.0
206	43623.0
207	43623.0
208	43623.0
209	43623.0
210	127751.0
211	127751.0
212	127751.0
213	127751.0
214	127751.0
215	183111.0
216	183111.0
217	183111.0
218	183111.0
219	183111.0
220	458827.0
221	458827.0
222	458827.0
223	458827.0
224	458827.0
225	170159.0
226	170159.0
227	170159.0
228	170159.0
229	170159.0
230	177139.0
231	177139.0
232	177139.0
233	177139.0
234	177139.0
235	241606.0
236	241606.0
237	241606.0
238	241606.0
239	241606.0
240	352645.0
241	352645.0
242	352645.0
243	352645.0
244	352645.0
245	450409.0
246	450409.0
247	450409.0
248	450409.0
249	450409.0
