0	210931.0
1	210931.0
2	210931.0
3	210931.0
4	210931.0
5	33869.0
6	33869.0
7	33869.0
8	33869.0
9	33869.0
10	254532.0
11	254532.0
12	254532.0
13	254532.0
14	254532.0
15	344423.0
16	344423.0
17	344423.0
18	344423.0
19	344423.0
20	577831.0
21	577831.0
22	577831.0
23	577831.0
24	577831.0
25	475615.0
26	475615.0
27	475615.0
28	475615.0
29	475615.0
30	440054.0
31	440054.0
32	440054.0
33	440054.0
34	440054.0
35	94797.0
36	94797.0
37	94797.0
38	94797.0
39	94797.0
40	628634.0
41	628634.0
42	628634.0
43	628634.0
44	628634.0
45	530604.0
46	530604.0
47	530604.0
48	530604.0
49	530604.0
50	8174.0
51	8174.0
52	8174.0
53	8174.0
54	8174.0
55	386297.0
56	386297.0
57	386297.0
58	386297.0
59	386297.0
60	57405.0
61	57405.0
62	57405.0
63	57405.0
64	57405.0
65	456305.0
66	456305.0
67	456305.0
68	456305.0
69	456305.0
70	631974.0
71	631974.0
72	631974.0
73	631974.0
74	631974.0
75	534408.0
76	534408.0
77	534408.0
78	534408.0
79	534408.0
80	241914.0
81	241914.0
82	241914.0
83	241914.0
84	241914.0
85	332307.0
86	332307.0
87	332307.0
88	332307.0
89	332307.0
90	450782.0
91	450782.0
92	450782.0
93	450782.0
94	450782.0
95	92783.0
96	92783.0
97	92783.0
98	92783.0
99	92783.0
100	464767.0
101	464767.0
102	464767.0
103	464767.0
104	464767.0
105	139094.0
106	139094.0
107	139094.0
108	139094.0
109	139094.0
110	427192.0
111	427192.0
112	427192.0
113	427192.0
114	427192.0
115	98989.0
116	98989.0
117	98989.0
118	98989.0
119	98989.0
120	135648.0
121	135648.0
122	135648.0
123	135648.0
124	135648.0
125	428013.0
126	428013.0
127	428013.0
128	428013.0
129	428013.0
130	159655.0
131	159655.0
132	159655.0
133	159655.0
134	159655.0
135	228808.0
136	228808.0
137	228808.0
138	228808.0
139	228808.0
140	238913.0
141	238913.0
142	238913.0
143	238913.0
144	238913.0
145	308593.0
146	308593.0
147	308593.0
148	308593.0
149	308593.0
150	541632.0
151	541632.0
152	541632.0
153	541632.0
154	541632.0
155	573616.0
156	573616.0
157	573616.0
158	573616.0
159	573616.0
160	635609.0
161	635609.0
162	635609.0
163	635609.0
164	635609.0
165	110012.0
166	110012.0
167	110012.0
168	110012.0
169	110012.0
170	167929.0
171	167929.0
172	167929.0
173	167929.0
174	167929.0
175	145726.0
176	145726.0
177	145726.0
178	145726.0
179	145726.0
180	258460.0
181	258460.0
182	258460.0
183	258460.0
184	258460.0
185	630568.0
186	630568.0
187	630568.0
188	630568.0
189	630568.0
190	18225.0
191	18225.0
192	18225.0
193	18225.0
194	18225.0
195	530369.0
196	530369.0
197	530369.0
198	530369.0
199	530369.0
200	191592.0
201	191592.0
202	191592.0
203	191592.0
204	191592.0
205	173497.0
206	173497.0
207	173497.0
208	173497.0
209	173497.0
210	289820.0
211	289820.0
212	289820.0
213	289820.0
214	289820.0
215	144544.0
216	144544.0
217	144544.0
218	144544.0
219	144544.0
220	452284.0
221	452284.0
222	452284.0
223	452284.0
224	452284.0
225	63872.0
226	63872.0
227	63872.0
228	63872.0
229	63872.0
230	662346.0
231	662346.0
232	662346.0
233	662346.0
234	662346.0
235	118176.0
236	118176.0
237	118176.0
238	118176.0
239	118176.0
240	219266.0
241	219266.0
242	219266.0
243	219266.0
244	219266.0
245	87066.0
246	87066.0
247	87066.0
248	87066.0
249	87066.0
