0	232572.0
1	232572.0
2	232572.0
3	232572.0
4	232572.0
5	591076.0
6	591076.0
7	591076.0
8	591076.0
9	591076.0
10	70586.0
11	70586.0
12	70586.0
13	70586.0
14	70586.0
15	797296.0
16	797296.0
17	797296.0
18	797296.0
19	797296.0
20	462610.0
21	462610.0
22	462610.0
23	462610.0
24	462610.0
25	566053.0
26	566053.0
27	566053.0
28	566053.0
29	566053.0
30	705932.0
31	705932.0
32	705932.0
33	705932.0
34	705932.0
35	640675.0
36	640675.0
37	640675.0
38	640675.0
39	640675.0
40	141166.0
41	141166.0
42	141166.0
43	141166.0
44	141166.0
45	445778.0
46	445778.0
47	445778.0
48	445778.0
49	445778.0
50	399332.0
51	399332.0
52	399332.0
53	399332.0
54	399332.0
55	657967.0
56	657967.0
57	657967.0
58	657967.0
59	657967.0
60	291066.0
61	291066.0
62	291066.0
63	291066.0
64	291066.0
65	67910.0
66	67910.0
67	67910.0
68	67910.0
69	67910.0
70	274589.0
71	274589.0
72	274589.0
73	274589.0
74	274589.0
75	468290.0
76	468290.0
77	468290.0
78	468290.0
79	468290.0
80	182220.0
81	182220.0
82	182220.0
83	182220.0
84	182220.0
85	305069.0
86	305069.0
87	305069.0
88	305069.0
89	305069.0
90	377519.0
91	377519.0
92	377519.0
93	377519.0
94	377519.0
95	298459.0
96	298459.0
97	298459.0
98	298459.0
99	298459.0
100	60365.0
101	60365.0
102	60365.0
103	60365.0
104	60365.0
105	726087.0
106	726087.0
107	726087.0
108	726087.0
109	726087.0
110	662598.0
111	662598.0
112	662598.0
113	662598.0
114	662598.0
115	127327.0
116	127327.0
117	127327.0
118	127327.0
119	127327.0
120	470561.0
121	470561.0
122	470561.0
123	470561.0
124	470561.0
125	542488.0
126	542488.0
127	542488.0
128	542488.0
129	542488.0
130	618108.0
131	618108.0
132	618108.0
133	618108.0
134	618108.0
135	529663.0
136	529663.0
137	529663.0
138	529663.0
139	529663.0
140	376629.0
141	376629.0
142	376629.0
143	376629.0
144	376629.0
145	515441.0
146	515441.0
147	515441.0
148	515441.0
149	515441.0
150	654780.0
151	654780.0
152	654780.0
153	654780.0
154	654780.0
155	395469.0
156	395469.0
157	395469.0
158	395469.0
159	395469.0
160	687313.0
161	687313.0
162	687313.0
163	687313.0
164	687313.0
165	515721.0
166	515721.0
167	515721.0
168	515721.0
169	515721.0
170	45316.0
171	45316.0
172	45316.0
173	45316.0
174	45316.0
175	35932.0
176	35932.0
177	35932.0
178	35932.0
179	35932.0
180	530953.0
181	530953.0
182	530953.0
183	530953.0
184	530953.0
185	422875.0
186	422875.0
187	422875.0
188	422875.0
189	422875.0
190	106471.0
191	106471.0
192	106471.0
193	106471.0
194	106471.0
195	673360.0
196	673360.0
197	673360.0
198	673360.0
199	673360.0
200	227388.0
201	227388.0
202	227388.0
203	227388.0
204	227388.0
205	14786.0
206	14786.0
207	14786.0
208	14786.0
209	14786.0
210	764769.0
211	764769.0
212	764769.0
213	764769.0
214	764769.0
215	301690.0
216	301690.0
217	301690.0
218	301690.0
219	301690.0
220	433499.0
221	433499.0
222	433499.0
223	433499.0
224	433499.0
225	552597.0
226	552597.0
227	552597.0
228	552597.0
229	552597.0
230	250483.0
231	250483.0
232	250483.0
233	250483.0
234	250483.0
235	577100.0
236	577100.0
237	577100.0
238	577100.0
239	577100.0
240	443649.0
241	443649.0
242	443649.0
243	443649.0
244	443649.0
245	628365.0
246	628365.0
247	628365.0
248	628365.0
249	628365.0
