0	107874.0
1	107874.0
2	107874.0
3	107874.0
4	107874.0
5	233888.0
6	233888.0
7	233888.0
8	233888.0
9	233888.0
10	867.0
11	867.0
12	867.0
13	867.0
14	867.0
15	17387.0
16	17387.0
17	17387.0
18	17387.0
19	17387.0
20	406650.0
21	406650.0
22	406650.0
23	406650.0
24	406650.0
25	540117.0
26	540117.0
27	540117.0
28	540117.0
29	540117.0
30	789559.0
31	789559.0
32	789559.0
33	789559.0
34	789559.0
35	202660.0
36	202660.0
37	202660.0
38	202660.0
39	202660.0
40	638195.0
41	638195.0
42	638195.0
43	638195.0
44	638195.0
45	203470.0
46	203470.0
47	203470.0
48	203470.0
49	203470.0
50	340338.0
51	340338.0
52	340338.0
53	340338.0
54	340338.0
55	148843.0
56	148843.0
57	148843.0
58	148843.0
59	148843.0
60	392314.0
61	392314.0
62	392314.0
63	392314.0
64	392314.0
65	692792.0
66	692792.0
67	692792.0
68	692792.0
69	692792.0
70	570708.0
71	570708.0
72	570708.0
73	570708.0
74	570708.0
75	738516.0
76	738516.0
77	738516.0
78	738516.0
79	738516.0
80	626203.0
81	626203.0
82	626203.0
83	626203.0
84	626203.0
85	671854.0
86	671854.0
87	671854.0
88	671854.0
89	671854.0
90	74626.0
91	74626.0
92	74626.0
93	74626.0
94	74626.0
95	374882.0
96	374882.0
97	374882.0
98	374882.0
99	374882.0
100	16446.0
101	16446.0
102	16446.0
103	16446.0
104	16446.0
105	24773.0
106	24773.0
107	24773.0
108	24773.0
109	24773.0
110	119135.0
111	119135.0
112	119135.0
113	119135.0
114	119135.0
115	463558.0
116	463558.0
117	463558.0
118	463558.0
119	463558.0
120	349922.0
121	349922.0
122	349922.0
123	349922.0
124	349922.0
125	476305.0
126	476305.0
127	476305.0
128	476305.0
129	476305.0
130	632311.0
131	632311.0
132	632311.0
133	632311.0
134	632311.0
135	123749.0
136	123749.0
137	123749.0
138	123749.0
139	123749.0
140	505233.0
141	505233.0
142	505233.0
143	505233.0
144	505233.0
145	642391.0
146	642391.0
147	642391.0
148	642391.0
149	642391.0
150	385220.0
151	385220.0
152	385220.0
153	385220.0
154	385220.0
155	175707.0
156	175707.0
157	175707.0
158	175707.0
159	175707.0
160	194438.0
161	194438.0
162	194438.0
163	194438.0
164	194438.0
165	350725.0
166	350725.0
167	350725.0
168	350725.0
169	350725.0
170	674819.0
171	674819.0
172	674819.0
173	674819.0
174	674819.0
175	180002.0
176	180002.0
177	180002.0
178	180002.0
179	180002.0
180	237035.0
181	237035.0
182	237035.0
183	237035.0
184	237035.0
185	233562.0
186	233562.0
187	233562.0
188	233562.0
189	233562.0
190	75496.0
191	75496.0
192	75496.0
193	75496.0
194	75496.0
195	268089.0
196	268089.0
197	268089.0
198	268089.0
199	268089.0
200	523189.0
201	523189.0
202	523189.0
203	523189.0
204	523189.0
205	715721.0
206	715721.0
207	715721.0
208	715721.0
209	715721.0
210	308134.0
211	308134.0
212	308134.0
213	308134.0
214	308134.0
215	387790.0
216	387790.0
217	387790.0
218	387790.0
219	387790.0
220	239409.0
221	239409.0
222	239409.0
223	239409.0
224	239409.0
225	176016.0
226	176016.0
227	176016.0
228	176016.0
229	176016.0
230	190943.0
231	190943.0
232	190943.0
233	190943.0
234	190943.0
235	645394.0
236	645394.0
237	645394.0
238	645394.0
239	645394.0
240	318849.0
241	318849.0
242	318849.0
243	318849.0
244	318849.0
245	372931.0
246	372931.0
247	372931.0
248	372931.0
249	372931.0
