0	672173.0
1	672173.0
2	672173.0
3	672173.0
4	672173.0
5	528535.0
6	528535.0
7	528535.0
8	528535.0
9	528535.0
10	364235.0
11	364235.0
12	364235.0
13	364235.0
14	364235.0
15	573633.0
16	573633.0
17	573633.0
18	573633.0
19	573633.0
20	116552.0
21	116552.0
22	116552.0
23	116552.0
24	116552.0
25	311440.0
26	311440.0
27	311440.0
28	311440.0
29	311440.0
30	587921.0
31	587921.0
32	587921.0
33	587921.0
34	587921.0
35	556227.0
36	556227.0
37	556227.0
38	556227.0
39	556227.0
40	312950.0
41	312950.0
42	312950.0
43	312950.0
44	312950.0
45	501932.0
46	501932.0
47	501932.0
48	501932.0
49	501932.0
50	752119.0
51	752119.0
52	752119.0
53	752119.0
54	752119.0
55	334110.0
56	334110.0
57	334110.0
58	334110.0
59	334110.0
60	166088.0
61	166088.0
62	166088.0
63	166088.0
64	166088.0
65	758981.0
66	758981.0
67	758981.0
68	758981.0
69	758981.0
70	419061.0
71	419061.0
72	419061.0
73	419061.0
74	419061.0
75	550702.0
76	550702.0
77	550702.0
78	550702.0
79	550702.0
80	272269.0
81	272269.0
82	272269.0
83	272269.0
84	272269.0
85	558608.0
86	558608.0
87	558608.0
88	558608.0
89	558608.0
90	301197.0
91	301197.0
92	301197.0
93	301197.0
94	301197.0
95	802880.0
96	802880.0
97	802880.0
98	802880.0
99	802880.0
100	294734.0
101	294734.0
102	294734.0
103	294734.0
104	294734.0
105	315743.0
106	315743.0
107	315743.0
108	315743.0
109	315743.0
110	448096.0
111	448096.0
112	448096.0
113	448096.0
114	448096.0
115	105884.0
116	105884.0
117	105884.0
118	105884.0
119	105884.0
120	323128.0
121	323128.0
122	323128.0
123	323128.0
124	323128.0
125	546499.0
126	546499.0
127	546499.0
128	546499.0
129	546499.0
130	697498.0
131	697498.0
132	697498.0
133	697498.0
134	697498.0
135	655540.0
136	655540.0
137	655540.0
138	655540.0
139	655540.0
140	311926.0
141	311926.0
142	311926.0
143	311926.0
144	311926.0
145	115543.0
146	115543.0
147	115543.0
148	115543.0
149	115543.0
150	804896.0
151	804896.0
152	804896.0
153	804896.0
154	804896.0
155	312948.0
156	312948.0
157	312948.0
158	312948.0
159	312948.0
160	239241.0
161	239241.0
162	239241.0
163	239241.0
164	239241.0
165	530607.0
166	530607.0
167	530607.0
168	530607.0
169	530607.0
170	99145.0
171	99145.0
172	99145.0
173	99145.0
174	99145.0
175	587598.0
176	587598.0
177	587598.0
178	587598.0
179	587598.0
180	771316.0
181	771316.0
182	771316.0
183	771316.0
184	771316.0
185	484172.0
186	484172.0
187	484172.0
188	484172.0
189	484172.0
190	148866.0
191	148866.0
192	148866.0
193	148866.0
194	148866.0
195	133221.0
196	133221.0
197	133221.0
198	133221.0
199	133221.0
200	375172.0
201	375172.0
202	375172.0
203	375172.0
204	375172.0
205	74904.0
206	74904.0
207	74904.0
208	74904.0
209	74904.0
210	428842.0
211	428842.0
212	428842.0
213	428842.0
214	428842.0
215	399402.0
216	399402.0
217	399402.0
218	399402.0
219	399402.0
220	341240.0
221	341240.0
222	341240.0
223	341240.0
224	341240.0
225	576586.0
226	576586.0
227	576586.0
228	576586.0
229	576586.0
230	490968.0
231	490968.0
232	490968.0
233	490968.0
234	490968.0
235	158873.0
236	158873.0
237	158873.0
238	158873.0
239	158873.0
240	362488.0
241	362488.0
242	362488.0
243	362488.0
244	362488.0
245	9110.0
246	9110.0
247	9110.0
248	9110.0
249	9110.0
