0	84108.0
1	84108.0
2	84108.0
3	84108.0
4	84108.0
5	536608.0
6	536608.0
7	536608.0
8	536608.0
9	536608.0
10	362262.0
11	362262.0
12	362262.0
13	362262.0
14	362262.0
15	472854.0
16	472854.0
17	472854.0
18	472854.0
19	472854.0
20	201071.0
21	201071.0
22	201071.0
23	201071.0
24	201071.0
25	650007.0
26	650007.0
27	650007.0
28	650007.0
29	650007.0
30	750574.0
31	750574.0
32	750574.0
33	750574.0
34	750574.0
35	472423.0
36	472423.0
37	472423.0
38	472423.0
39	472423.0
40	159953.0
41	159953.0
42	159953.0
43	159953.0
44	159953.0
45	619805.0
46	619805.0
47	619805.0
48	619805.0
49	619805.0
50	222379.0
51	222379.0
52	222379.0
53	222379.0
54	222379.0
55	23312.0
56	23312.0
57	23312.0
58	23312.0
59	23312.0
60	38298.0
61	38298.0
62	38298.0
63	38298.0
64	38298.0
65	300594.0
66	300594.0
67	300594.0
68	300594.0
69	300594.0
70	566040.0
71	566040.0
72	566040.0
73	566040.0
74	566040.0
75	750668.0
76	750668.0
77	750668.0
78	750668.0
79	750668.0
80	681850.0
81	681850.0
82	681850.0
83	681850.0
84	681850.0
85	183466.0
86	183466.0
87	183466.0
88	183466.0
89	183466.0
90	516738.0
91	516738.0
92	516738.0
93	516738.0
94	516738.0
95	28734.0
96	28734.0
97	28734.0
98	28734.0
99	28734.0
100	749550.0
101	749550.0
102	749550.0
103	749550.0
104	749550.0
105	425885.0
106	425885.0
107	425885.0
108	425885.0
109	425885.0
110	735271.0
111	735271.0
112	735271.0
113	735271.0
114	735271.0
115	559008.0
116	559008.0
117	559008.0
118	559008.0
119	559008.0
120	440386.0
121	440386.0
122	440386.0
123	440386.0
124	440386.0
125	614912.0
126	614912.0
127	614912.0
128	614912.0
129	614912.0
130	118111.0
131	118111.0
132	118111.0
133	118111.0
134	118111.0
135	742489.0
136	742489.0
137	742489.0
138	742489.0
139	742489.0
140	185667.0
141	185667.0
142	185667.0
143	185667.0
144	185667.0
145	706616.0
146	706616.0
147	706616.0
148	706616.0
149	706616.0
150	159594.0
151	159594.0
152	159594.0
153	159594.0
154	159594.0
155	474623.0
156	474623.0
157	474623.0
158	474623.0
159	474623.0
160	337601.0
161	337601.0
162	337601.0
163	337601.0
164	337601.0
165	389051.0
166	389051.0
167	389051.0
168	389051.0
169	389051.0
170	250786.0
171	250786.0
172	250786.0
173	250786.0
174	250786.0
175	42131.0
176	42131.0
177	42131.0
178	42131.0
179	42131.0
180	731368.0
181	731368.0
182	731368.0
183	731368.0
184	731368.0
185	175795.0
186	175795.0
187	175795.0
188	175795.0
189	175795.0
190	586179.0
191	586179.0
192	586179.0
193	586179.0
194	586179.0
195	330897.0
196	330897.0
197	330897.0
198	330897.0
199	330897.0
200	360440.0
201	360440.0
202	360440.0
203	360440.0
204	360440.0
205	264279.0
206	264279.0
207	264279.0
208	264279.0
209	264279.0
210	604355.0
211	604355.0
212	604355.0
213	604355.0
214	604355.0
215	536133.0
216	536133.0
217	536133.0
218	536133.0
219	536133.0
220	599534.0
221	599534.0
222	599534.0
223	599534.0
224	599534.0
225	528267.0
226	528267.0
227	528267.0
228	528267.0
229	528267.0
230	113928.0
231	113928.0
232	113928.0
233	113928.0
234	113928.0
235	733497.0
236	733497.0
237	733497.0
238	733497.0
239	733497.0
240	281670.0
241	281670.0
242	281670.0
243	281670.0
244	281670.0
245	304990.0
246	304990.0
247	304990.0
248	304990.0
249	304990.0
