0	220628.0
1	220628.0
2	220628.0
3	220628.0
4	220628.0
5	687541.0
6	687541.0
7	687541.0
8	687541.0
9	687541.0
10	407914.0
11	407914.0
12	407914.0
13	407914.0
14	407914.0
15	33572.0
16	33572.0
17	33572.0
18	33572.0
19	33572.0
20	81319.0
21	81319.0
22	81319.0
23	81319.0
24	81319.0
25	71012.0
26	71012.0
27	71012.0
28	71012.0
29	71012.0
30	161464.0
31	161464.0
32	161464.0
33	161464.0
34	161464.0
35	53701.0
36	53701.0
37	53701.0
38	53701.0
39	53701.0
40	446735.0
41	446735.0
42	446735.0
43	446735.0
44	446735.0
45	793416.0
46	793416.0
47	793416.0
48	793416.0
49	793416.0
50	36564.0
51	36564.0
52	36564.0
53	36564.0
54	36564.0
55	102823.0
56	102823.0
57	102823.0
58	102823.0
59	102823.0
60	774645.0
61	774645.0
62	774645.0
63	774645.0
64	774645.0
65	531050.0
66	531050.0
67	531050.0
68	531050.0
69	531050.0
70	638919.0
71	638919.0
72	638919.0
73	638919.0
74	638919.0
75	675696.0
76	675696.0
77	675696.0
78	675696.0
79	675696.0
80	564144.0
81	564144.0
82	564144.0
83	564144.0
84	564144.0
85	666980.0
86	666980.0
87	666980.0
88	666980.0
89	666980.0
90	585568.0
91	585568.0
92	585568.0
93	585568.0
94	585568.0
95	673848.0
96	673848.0
97	673848.0
98	673848.0
99	673848.0
100	15215.0
101	15215.0
102	15215.0
103	15215.0
104	15215.0
105	281367.0
106	281367.0
107	281367.0
108	281367.0
109	281367.0
110	149041.0
111	149041.0
112	149041.0
113	149041.0
114	149041.0
115	100107.0
116	100107.0
117	100107.0
118	100107.0
119	100107.0
120	17446.0
121	17446.0
122	17446.0
123	17446.0
124	17446.0
125	341614.0
126	341614.0
127	341614.0
128	341614.0
129	341614.0
130	11633.0
131	11633.0
132	11633.0
133	11633.0
134	11633.0
135	360108.0
136	360108.0
137	360108.0
138	360108.0
139	360108.0
140	339163.0
141	339163.0
142	339163.0
143	339163.0
144	339163.0
145	688005.0
146	688005.0
147	688005.0
148	688005.0
149	688005.0
150	232947.0
151	232947.0
152	232947.0
153	232947.0
154	232947.0
155	325151.0
156	325151.0
157	325151.0
158	325151.0
159	325151.0
160	38923.0
161	38923.0
162	38923.0
163	38923.0
164	38923.0
165	490243.0
166	490243.0
167	490243.0
168	490243.0
169	490243.0
170	684861.0
171	684861.0
172	684861.0
173	684861.0
174	684861.0
175	380128.0
176	380128.0
177	380128.0
178	380128.0
179	380128.0
180	21879.0
181	21879.0
182	21879.0
183	21879.0
184	21879.0
185	63968.0
186	63968.0
187	63968.0
188	63968.0
189	63968.0
190	800943.0
191	800943.0
192	800943.0
193	800943.0
194	800943.0
195	160412.0
196	160412.0
197	160412.0
198	160412.0
199	160412.0
200	293868.0
201	293868.0
202	293868.0
203	293868.0
204	293868.0
205	167360.0
206	167360.0
207	167360.0
208	167360.0
209	167360.0
210	339607.0
211	339607.0
212	339607.0
213	339607.0
214	339607.0
215	217128.0
216	217128.0
217	217128.0
218	217128.0
219	217128.0
220	744158.0
221	744158.0
222	744158.0
223	744158.0
224	744158.0
225	80339.0
226	80339.0
227	80339.0
228	80339.0
229	80339.0
230	408039.0
231	408039.0
232	408039.0
233	408039.0
234	408039.0
235	96317.0
236	96317.0
237	96317.0
238	96317.0
239	96317.0
240	33879.0
241	33879.0
242	33879.0
243	33879.0
244	33879.0
245	506527.0
246	506527.0
247	506527.0
248	506527.0
249	506527.0
