0	218183.0
1	218183.0
2	218183.0
3	218183.0
4	218183.0
5	789872.0
6	789872.0
7	789872.0
8	789872.0
9	789872.0
10	771287.0
11	771287.0
12	771287.0
13	771287.0
14	771287.0
15	409460.0
16	409460.0
17	409460.0
18	409460.0
19	409460.0
20	581899.0
21	581899.0
22	581899.0
23	581899.0
24	581899.0
25	188683.0
26	188683.0
27	188683.0
28	188683.0
29	188683.0
30	484765.0
31	484765.0
32	484765.0
33	484765.0
34	484765.0
35	332593.0
36	332593.0
37	332593.0
38	332593.0
39	332593.0
40	509676.0
41	509676.0
42	509676.0
43	509676.0
44	509676.0
45	337139.0
46	337139.0
47	337139.0
48	337139.0
49	337139.0
50	109328.0
51	109328.0
52	109328.0
53	109328.0
54	109328.0
55	330731.0
56	330731.0
57	330731.0
58	330731.0
59	330731.0
60	392483.0
61	392483.0
62	392483.0
63	392483.0
64	392483.0
65	726079.0
66	726079.0
67	726079.0
68	726079.0
69	726079.0
70	263419.0
71	263419.0
72	263419.0
73	263419.0
74	263419.0
75	305006.0
76	305006.0
77	305006.0
78	305006.0
79	305006.0
80	589705.0
81	589705.0
82	589705.0
83	589705.0
84	589705.0
85	757442.0
86	757442.0
87	757442.0
88	757442.0
89	757442.0
90	702776.0
91	702776.0
92	702776.0
93	702776.0
94	702776.0
95	543689.0
96	543689.0
97	543689.0
98	543689.0
99	543689.0
100	241046.0
101	241046.0
102	241046.0
103	241046.0
104	241046.0
105	571229.0
106	571229.0
107	571229.0
108	571229.0
109	571229.0
110	21900.0
111	21900.0
112	21900.0
113	21900.0
114	21900.0
115	61900.0
116	61900.0
117	61900.0
118	61900.0
119	61900.0
120	179482.0
121	179482.0
122	179482.0
123	179482.0
124	179482.0
125	585093.0
126	585093.0
127	585093.0
128	585093.0
129	585093.0
130	151033.0
131	151033.0
132	151033.0
133	151033.0
134	151033.0
135	649312.0
136	649312.0
137	649312.0
138	649312.0
139	649312.0
140	44151.0
141	44151.0
142	44151.0
143	44151.0
144	44151.0
145	110704.0
146	110704.0
147	110704.0
148	110704.0
149	110704.0
150	498920.0
151	498920.0
152	498920.0
153	498920.0
154	498920.0
155	777458.0
156	777458.0
157	777458.0
158	777458.0
159	777458.0
160	674042.0
161	674042.0
162	674042.0
163	674042.0
164	674042.0
165	384105.0
166	384105.0
167	384105.0
168	384105.0
169	384105.0
170	447786.0
171	447786.0
172	447786.0
173	447786.0
174	447786.0
175	167161.0
176	167161.0
177	167161.0
178	167161.0
179	167161.0
180	255623.0
181	255623.0
182	255623.0
183	255623.0
184	255623.0
185	19851.0
186	19851.0
187	19851.0
188	19851.0
189	19851.0
190	29776.0
191	29776.0
192	29776.0
193	29776.0
194	29776.0
195	589242.0
196	589242.0
197	589242.0
198	589242.0
199	589242.0
200	597882.0
201	597882.0
202	597882.0
203	597882.0
204	597882.0
205	33294.0
206	33294.0
207	33294.0
208	33294.0
209	33294.0
210	460718.0
211	460718.0
212	460718.0
213	460718.0
214	460718.0
215	277908.0
216	277908.0
217	277908.0
218	277908.0
219	277908.0
220	276408.0
221	276408.0
222	276408.0
223	276408.0
224	276408.0
225	16248.0
226	16248.0
227	16248.0
228	16248.0
229	16248.0
230	42402.0
231	42402.0
232	42402.0
233	42402.0
234	42402.0
235	673893.0
236	673893.0
237	673893.0
238	673893.0
239	673893.0
240	217063.0
241	217063.0
242	217063.0
243	217063.0
244	217063.0
245	47382.0
246	47382.0
247	47382.0
248	47382.0
249	47382.0
