0	743914.0
1	743914.0
2	743914.0
3	743914.0
4	743914.0
5	796269.0
6	796269.0
7	796269.0
8	796269.0
9	796269.0
10	336008.0
11	336008.0
12	336008.0
13	336008.0
14	336008.0
15	531679.0
16	531679.0
17	531679.0
18	531679.0
19	531679.0
20	320992.0
21	320992.0
22	320992.0
23	320992.0
24	320992.0
25	485130.0
26	485130.0
27	485130.0
28	485130.0
29	485130.0
30	494429.0
31	494429.0
32	494429.0
33	494429.0
34	494429.0
35	242912.0
36	242912.0
37	242912.0
38	242912.0
39	242912.0
40	174693.0
41	174693.0
42	174693.0
43	174693.0
44	174693.0
45	436411.0
46	436411.0
47	436411.0
48	436411.0
49	436411.0
50	831954.0
51	831954.0
52	831954.0
53	831954.0
54	831954.0
55	769477.0
56	769477.0
57	769477.0
58	769477.0
59	769477.0
60	369641.0
61	369641.0
62	369641.0
63	369641.0
64	369641.0
65	771025.0
66	771025.0
67	771025.0
68	771025.0
69	771025.0
70	666200.0
71	666200.0
72	666200.0
73	666200.0
74	666200.0
75	833399.0
76	833399.0
77	833399.0
78	833399.0
79	833399.0
80	375600.0
81	375600.0
82	375600.0
83	375600.0
84	375600.0
85	757204.0
86	757204.0
87	757204.0
88	757204.0
89	757204.0
90	208570.0
91	208570.0
92	208570.0
93	208570.0
94	208570.0
95	622691.0
96	622691.0
97	622691.0
98	622691.0
99	622691.0
100	132284.0
101	132284.0
102	132284.0
103	132284.0
104	132284.0
105	723753.0
106	723753.0
107	723753.0
108	723753.0
109	723753.0
110	758416.0
111	758416.0
112	758416.0
113	758416.0
114	758416.0
115	578393.0
116	578393.0
117	578393.0
118	578393.0
119	578393.0
120	420537.0
121	420537.0
122	420537.0
123	420537.0
124	420537.0
125	679943.0
126	679943.0
127	679943.0
128	679943.0
129	679943.0
130	165283.0
131	165283.0
132	165283.0
133	165283.0
134	165283.0
135	645323.0
136	645323.0
137	645323.0
138	645323.0
139	645323.0
140	278521.0
141	278521.0
142	278521.0
143	278521.0
144	278521.0
145	317316.0
146	317316.0
147	317316.0
148	317316.0
149	317316.0
150	21334.0
151	21334.0
152	21334.0
153	21334.0
154	21334.0
155	727325.0
156	727325.0
157	727325.0
158	727325.0
159	727325.0
160	319835.0
161	319835.0
162	319835.0
163	319835.0
164	319835.0
165	475227.0
166	475227.0
167	475227.0
168	475227.0
169	475227.0
170	516481.0
171	516481.0
172	516481.0
173	516481.0
174	516481.0
175	86120.0
176	86120.0
177	86120.0
178	86120.0
179	86120.0
180	18174.0
181	18174.0
182	18174.0
183	18174.0
184	18174.0
185	683429.0
186	683429.0
187	683429.0
188	683429.0
189	683429.0
190	616370.0
191	616370.0
192	616370.0
193	616370.0
194	616370.0
195	147301.0
196	147301.0
197	147301.0
198	147301.0
199	147301.0
200	650380.0
201	650380.0
202	650380.0
203	650380.0
204	650380.0
205	698914.0
206	698914.0
207	698914.0
208	698914.0
209	698914.0
210	828415.0
211	828415.0
212	828415.0
213	828415.0
214	828415.0
215	813245.0
216	813245.0
217	813245.0
218	813245.0
219	813245.0
220	530773.0
221	530773.0
222	530773.0
223	530773.0
224	530773.0
225	709110.0
226	709110.0
227	709110.0
228	709110.0
229	709110.0
230	205302.0
231	205302.0
232	205302.0
233	205302.0
234	205302.0
235	630292.0
236	630292.0
237	630292.0
238	630292.0
239	630292.0
240	420185.0
241	420185.0
242	420185.0
243	420185.0
244	420185.0
245	702693.0
246	702693.0
247	702693.0
248	702693.0
249	702693.0
