0	6682.0
1	6682.0
2	6682.0
3	6682.0
4	6682.0
5	15904.0
6	15904.0
7	15904.0
8	15904.0
9	15904.0
10	89133.0
11	89133.0
12	89133.0
13	89133.0
14	89133.0
15	17360.0
16	17360.0
17	17360.0
18	17360.0
19	17360.0
20	34167.0
21	34167.0
22	34167.0
23	34167.0
24	34167.0
25	99163.0
26	99163.0
27	99163.0
28	99163.0
29	99163.0
30	69317.0
31	69317.0
32	69317.0
33	69317.0
34	69317.0
35	42868.0
36	42868.0
37	42868.0
38	42868.0
39	42868.0
40	84927.0
41	84927.0
42	84927.0
43	84927.0
44	84927.0
45	14283.0
46	14283.0
47	14283.0
48	14283.0
49	14283.0
50	40230.0
51	40230.0
52	40230.0
53	40230.0
54	40230.0
55	34295.0
56	34295.0
57	34295.0
58	34295.0
59	34295.0
60	107883.0
61	107883.0
62	107883.0
63	107883.0
64	107883.0
65	126048.0
66	126048.0
67	126048.0
68	126048.0
69	126048.0
70	128748.0
71	128748.0
72	128748.0
73	128748.0
74	128748.0
75	17151.0
76	17151.0
77	17151.0
78	17151.0
79	17151.0
80	112435.0
81	112435.0
82	112435.0
83	112435.0
84	112435.0
85	91471.0
86	91471.0
87	91471.0
88	91471.0
89	91471.0
90	130158.0
91	130158.0
92	130158.0
93	130158.0
94	130158.0
95	15761.0
96	15761.0
97	15761.0
98	15761.0
99	15761.0
100	27800.0
101	27800.0
102	27800.0
103	27800.0
104	27800.0
105	15839.0
106	15839.0
107	15839.0
108	15839.0
109	15839.0
110	79391.0
111	79391.0
112	79391.0
113	79391.0
114	79391.0
115	128725.0
116	128725.0
117	128725.0
118	128725.0
119	128725.0
120	54589.0
121	54589.0
122	54589.0
123	54589.0
124	54589.0
125	4293.0
126	4293.0
127	4293.0
128	4293.0
129	4293.0
130	28359.0
131	28359.0
132	28359.0
133	28359.0
134	28359.0
135	104969.0
136	104969.0
137	104969.0
138	104969.0
139	104969.0
140	126936.0
141	126936.0
142	126936.0
143	126936.0
144	126936.0
145	93842.0
146	93842.0
147	93842.0
148	93842.0
149	93842.0
150	115098.0
151	115098.0
152	115098.0
153	115098.0
154	115098.0
155	129638.0
156	129638.0
157	129638.0
158	129638.0
159	129638.0
160	67309.0
161	67309.0
162	67309.0
163	67309.0
164	67309.0
165	58405.0
166	58405.0
167	58405.0
168	58405.0
169	58405.0
170	51461.0
171	51461.0
172	51461.0
173	51461.0
174	51461.0
175	20517.0
176	20517.0
177	20517.0
178	20517.0
179	20517.0
180	130451.0
181	130451.0
182	130451.0
183	130451.0
184	130451.0
185	125581.0
186	125581.0
187	125581.0
188	125581.0
189	125581.0
190	460.0
191	460.0
192	460.0
193	460.0
194	460.0
195	97760.0
196	97760.0
197	97760.0
198	97760.0
199	97760.0
200	126785.0
201	126785.0
202	126785.0
203	126785.0
204	126785.0
205	11004.0
206	11004.0
207	11004.0
208	11004.0
209	11004.0
210	21202.0
211	21202.0
212	21202.0
213	21202.0
214	21202.0
215	85411.0
216	85411.0
217	85411.0
218	85411.0
219	85411.0
220	121448.0
221	121448.0
222	121448.0
223	121448.0
224	121448.0
225	35995.0
226	35995.0
227	35995.0
228	35995.0
229	35995.0
230	15733.0
231	15733.0
232	15733.0
233	15733.0
234	15733.0
235	73452.0
236	73452.0
237	73452.0
238	73452.0
239	73452.0
240	78437.0
241	78437.0
242	78437.0
243	78437.0
244	78437.0
245	78551.0
246	78551.0
247	78551.0
248	78551.0
249	78551.0
