0	47104.0
1	47104.0
2	47104.0
3	47104.0
4	47104.0
5	49658.0
6	49658.0
7	49658.0
8	49658.0
9	49658.0
10	95435.0
11	95435.0
12	95435.0
13	95435.0
14	95435.0
15	121557.0
16	121557.0
17	121557.0
18	121557.0
19	121557.0
20	13384.0
21	13384.0
22	13384.0
23	13384.0
24	13384.0
25	86505.0
26	86505.0
27	86505.0
28	86505.0
29	86505.0
30	25624.0
31	25624.0
32	25624.0
33	25624.0
34	25624.0
35	19380.0
36	19380.0
37	19380.0
38	19380.0
39	19380.0
40	32419.0
41	32419.0
42	32419.0
43	32419.0
44	32419.0
45	37229.0
46	37229.0
47	37229.0
48	37229.0
49	37229.0
50	115628.0
51	115628.0
52	115628.0
53	115628.0
54	115628.0
55	101890.0
56	101890.0
57	101890.0
58	101890.0
59	101890.0
60	85699.0
61	85699.0
62	85699.0
63	85699.0
64	85699.0
65	29229.0
66	29229.0
67	29229.0
68	29229.0
69	29229.0
70	122881.0
71	122881.0
72	122881.0
73	122881.0
74	122881.0
75	117912.0
76	117912.0
77	117912.0
78	117912.0
79	117912.0
80	12156.0
81	12156.0
82	12156.0
83	12156.0
84	12156.0
85	70475.0
86	70475.0
87	70475.0
88	70475.0
89	70475.0
90	80660.0
91	80660.0
92	80660.0
93	80660.0
94	80660.0
95	52945.0
96	52945.0
97	52945.0
98	52945.0
99	52945.0
100	99279.0
101	99279.0
102	99279.0
103	99279.0
104	99279.0
105	59294.0
106	59294.0
107	59294.0
108	59294.0
109	59294.0
110	91850.0
111	91850.0
112	91850.0
113	91850.0
114	91850.0
115	71233.0
116	71233.0
117	71233.0
118	71233.0
119	71233.0
120	61272.0
121	61272.0
122	61272.0
123	61272.0
124	61272.0
125	88631.0
126	88631.0
127	88631.0
128	88631.0
129	88631.0
130	5477.0
131	5477.0
132	5477.0
133	5477.0
134	5477.0
135	46880.0
136	46880.0
137	46880.0
138	46880.0
139	46880.0
140	88747.0
141	88747.0
142	88747.0
143	88747.0
144	88747.0
145	61109.0
146	61109.0
147	61109.0
148	61109.0
149	61109.0
150	13298.0
151	13298.0
152	13298.0
153	13298.0
154	13298.0
155	53487.0
156	53487.0
157	53487.0
158	53487.0
159	53487.0
160	32194.0
161	32194.0
162	32194.0
163	32194.0
164	32194.0
165	18805.0
166	18805.0
167	18805.0
168	18805.0
169	18805.0
170	83215.0
171	83215.0
172	83215.0
173	83215.0
174	83215.0
175	134963.0
176	134963.0
177	134963.0
178	134963.0
179	134963.0
180	4373.0
181	4373.0
182	4373.0
183	4373.0
184	4373.0
185	59465.0
186	59465.0
187	59465.0
188	59465.0
189	59465.0
190	1672.0
191	1672.0
192	1672.0
193	1672.0
194	1672.0
195	23998.0
196	23998.0
197	23998.0
198	23998.0
199	23998.0
200	68896.0
201	68896.0
202	68896.0
203	68896.0
204	68896.0
205	128912.0
206	128912.0
207	128912.0
208	128912.0
209	128912.0
210	113112.0
211	113112.0
212	113112.0
213	113112.0
214	113112.0
215	50294.0
216	50294.0
217	50294.0
218	50294.0
219	50294.0
220	35120.0
221	35120.0
222	35120.0
223	35120.0
224	35120.0
225	115002.0
226	115002.0
227	115002.0
228	115002.0
229	115002.0
230	78530.0
231	78530.0
232	78530.0
233	78530.0
234	78530.0
235	9583.0
236	9583.0
237	9583.0
238	9583.0
239	9583.0
240	48490.0
241	48490.0
242	48490.0
243	48490.0
244	48490.0
245	39775.0
246	39775.0
247	39775.0
248	39775.0
249	39775.0
