0	23683.0
1	23683.0
2	23683.0
3	23683.0
4	23683.0
5	25546.0
6	25546.0
7	25546.0
8	25546.0
9	25546.0
10	117126.0
11	117126.0
12	117126.0
13	117126.0
14	117126.0
15	102978.0
16	102978.0
17	102978.0
18	102978.0
19	102978.0
20	16184.0
21	16184.0
22	16184.0
23	16184.0
24	16184.0
25	109404.0
26	109404.0
27	109404.0
28	109404.0
29	109404.0
30	107768.0
31	107768.0
32	107768.0
33	107768.0
34	107768.0
35	77637.0
36	77637.0
37	77637.0
38	77637.0
39	77637.0
40	40136.0
41	40136.0
42	40136.0
43	40136.0
44	40136.0
45	117339.0
46	117339.0
47	117339.0
48	117339.0
49	117339.0
50	111983.0
51	111983.0
52	111983.0
53	111983.0
54	111983.0
55	73970.0
56	73970.0
57	73970.0
58	73970.0
59	73970.0
60	66885.0
61	66885.0
62	66885.0
63	66885.0
64	66885.0
65	114108.0
66	114108.0
67	114108.0
68	114108.0
69	114108.0
70	47989.0
71	47989.0
72	47989.0
73	47989.0
74	47989.0
75	22562.0
76	22562.0
77	22562.0
78	22562.0
79	22562.0
80	107347.0
81	107347.0
82	107347.0
83	107347.0
84	107347.0
85	2310.0
86	2310.0
87	2310.0
88	2310.0
89	2310.0
90	13007.0
91	13007.0
92	13007.0
93	13007.0
94	13007.0
95	65748.0
96	65748.0
97	65748.0
98	65748.0
99	65748.0
100	111298.0
101	111298.0
102	111298.0
103	111298.0
104	111298.0
105	49550.0
106	49550.0
107	49550.0
108	49550.0
109	49550.0
110	62546.0
111	62546.0
112	62546.0
113	62546.0
114	62546.0
115	65671.0
116	65671.0
117	65671.0
118	65671.0
119	65671.0
120	114102.0
121	114102.0
122	114102.0
123	114102.0
124	114102.0
125	51390.0
126	51390.0
127	51390.0
128	51390.0
129	51390.0
130	92741.0
131	92741.0
132	92741.0
133	92741.0
134	92741.0
135	52243.0
136	52243.0
137	52243.0
138	52243.0
139	52243.0
140	11697.0
141	11697.0
142	11697.0
143	11697.0
144	11697.0
145	102989.0
146	102989.0
147	102989.0
148	102989.0
149	102989.0
150	16058.0
151	16058.0
152	16058.0
153	16058.0
154	16058.0
155	55754.0
156	55754.0
157	55754.0
158	55754.0
159	55754.0
160	96687.0
161	96687.0
162	96687.0
163	96687.0
164	96687.0
165	78584.0
166	78584.0
167	78584.0
168	78584.0
169	78584.0
170	58469.0
171	58469.0
172	58469.0
173	58469.0
174	58469.0
175	78183.0
176	78183.0
177	78183.0
178	78183.0
179	78183.0
180	50498.0
181	50498.0
182	50498.0
183	50498.0
184	50498.0
185	43190.0
186	43190.0
187	43190.0
188	43190.0
189	43190.0
190	102082.0
191	102082.0
192	102082.0
193	102082.0
194	102082.0
195	23142.0
196	23142.0
197	23142.0
198	23142.0
199	23142.0
200	40082.0
201	40082.0
202	40082.0
203	40082.0
204	40082.0
205	17111.0
206	17111.0
207	17111.0
208	17111.0
209	17111.0
210	88774.0
211	88774.0
212	88774.0
213	88774.0
214	88774.0
215	92978.0
216	92978.0
217	92978.0
218	92978.0
219	92978.0
220	105280.0
221	105280.0
222	105280.0
223	105280.0
224	105280.0
225	73416.0
226	73416.0
227	73416.0
228	73416.0
229	73416.0
230	30915.0
231	30915.0
232	30915.0
233	30915.0
234	30915.0
235	19314.0
236	19314.0
237	19314.0
238	19314.0
239	19314.0
240	14838.0
241	14838.0
242	14838.0
243	14838.0
244	14838.0
245	127361.0
246	127361.0
247	127361.0
248	127361.0
249	127361.0
