0	45785.0
1	45785.0
2	45785.0
3	45785.0
4	45785.0
5	6478.0
6	6478.0
7	6478.0
8	6478.0
9	6478.0
10	51568.0
11	51568.0
12	51568.0
13	51568.0
14	51568.0
15	30824.0
16	30824.0
17	30824.0
18	30824.0
19	30824.0
20	18083.0
21	18083.0
22	18083.0
23	18083.0
24	18083.0
25	24005.0
26	24005.0
27	24005.0
28	24005.0
29	24005.0
30	27889.0
31	27889.0
32	27889.0
33	27889.0
34	27889.0
35	52412.0
36	52412.0
37	52412.0
38	52412.0
39	52412.0
40	26899.0
41	26899.0
42	26899.0
43	26899.0
44	26899.0
45	22306.0
46	22306.0
47	22306.0
48	22306.0
49	22306.0
50	4726.0
51	4726.0
52	4726.0
53	4726.0
54	4726.0
55	13705.0
56	13705.0
57	13705.0
58	13705.0
59	13705.0
60	28776.0
61	28776.0
62	28776.0
63	28776.0
64	28776.0
65	53189.0
66	53189.0
67	53189.0
68	53189.0
69	53189.0
70	45128.0
71	45128.0
72	45128.0
73	45128.0
74	45128.0
75	13806.0
76	13806.0
77	13806.0
78	13806.0
79	13806.0
80	34056.0
81	34056.0
82	34056.0
83	34056.0
84	34056.0
85	42838.0
86	42838.0
87	42838.0
88	42838.0
89	42838.0
90	24606.0
91	24606.0
92	24606.0
93	24606.0
94	24606.0
95	355.0
96	355.0
97	355.0
98	355.0
99	355.0
100	10682.0
101	10682.0
102	10682.0
103	10682.0
104	10682.0
105	52093.0
106	52093.0
107	52093.0
108	52093.0
109	52093.0
110	14258.0
111	14258.0
112	14258.0
113	14258.0
114	14258.0
115	39586.0
116	39586.0
117	39586.0
118	39586.0
119	39586.0
120	13529.0
121	13529.0
122	13529.0
123	13529.0
124	13529.0
125	32213.0
126	32213.0
127	32213.0
128	32213.0
129	32213.0
130	40675.0
131	40675.0
132	40675.0
133	40675.0
134	40675.0
135	11086.0
136	11086.0
137	11086.0
138	11086.0
139	11086.0
140	27804.0
141	27804.0
142	27804.0
143	27804.0
144	27804.0
145	224.0
146	224.0
147	224.0
148	224.0
149	224.0
150	35428.0
151	35428.0
152	35428.0
153	35428.0
154	35428.0
155	44133.0
156	44133.0
157	44133.0
158	44133.0
159	44133.0
160	33478.0
161	33478.0
162	33478.0
163	33478.0
164	33478.0
165	39593.0
166	39593.0
167	39593.0
168	39593.0
169	39593.0
170	13628.0
171	13628.0
172	13628.0
173	13628.0
174	13628.0
175	868.0
176	868.0
177	868.0
178	868.0
179	868.0
180	29702.0
181	29702.0
182	29702.0
183	29702.0
184	29702.0
185	12551.0
186	12551.0
187	12551.0
188	12551.0
189	12551.0
190	8380.0
191	8380.0
192	8380.0
193	8380.0
194	8380.0
195	16248.0
196	16248.0
197	16248.0
198	16248.0
199	16248.0
200	53651.0
201	53651.0
202	53651.0
203	53651.0
204	53651.0
205	31708.0
206	31708.0
207	31708.0
208	31708.0
209	31708.0
210	27963.0
211	27963.0
212	27963.0
213	27963.0
214	27963.0
215	45544.0
216	45544.0
217	45544.0
218	45544.0
219	45544.0
220	6509.0
221	6509.0
222	6509.0
223	6509.0
224	6509.0
225	33862.0
226	33862.0
227	33862.0
228	33862.0
229	33862.0
230	3933.0
231	3933.0
232	3933.0
233	3933.0
234	3933.0
235	25368.0
236	25368.0
237	25368.0
238	25368.0
239	25368.0
240	10993.0
241	10993.0
242	10993.0
243	10993.0
244	10993.0
245	30221.0
246	30221.0
247	30221.0
248	30221.0
249	30221.0
