0	23843.0
1	23843.0
2	23843.0
3	23843.0
4	23843.0
5	20006.0
6	20006.0
7	20006.0
8	20006.0
9	20006.0
10	27449.0
11	27449.0
12	27449.0
13	27449.0
14	27449.0
15	10794.0
16	10794.0
17	10794.0
18	10794.0
19	10794.0
20	46279.0
21	46279.0
22	46279.0
23	46279.0
24	46279.0
25	13329.0
26	13329.0
27	13329.0
28	13329.0
29	13329.0
30	52217.0
31	52217.0
32	52217.0
33	52217.0
34	52217.0
35	13281.0
36	13281.0
37	13281.0
38	13281.0
39	13281.0
40	29549.0
41	29549.0
42	29549.0
43	29549.0
44	29549.0
45	27135.0
46	27135.0
47	27135.0
48	27135.0
49	27135.0
50	45549.0
51	45549.0
52	45549.0
53	45549.0
54	45549.0
55	28151.0
56	28151.0
57	28151.0
58	28151.0
59	28151.0
60	51037.0
61	51037.0
62	51037.0
63	51037.0
64	51037.0
65	42533.0
66	42533.0
67	42533.0
68	42533.0
69	42533.0
70	1900.0
71	1900.0
72	1900.0
73	1900.0
74	1900.0
75	55306.0
76	55306.0
77	55306.0
78	55306.0
79	55306.0
80	44523.0
81	44523.0
82	44523.0
83	44523.0
84	44523.0
85	6255.0
86	6255.0
87	6255.0
88	6255.0
89	6255.0
90	19586.0
91	19586.0
92	19586.0
93	19586.0
94	19586.0
95	18453.0
96	18453.0
97	18453.0
98	18453.0
99	18453.0
100	23928.0
101	23928.0
102	23928.0
103	23928.0
104	23928.0
105	16396.0
106	16396.0
107	16396.0
108	16396.0
109	16396.0
110	25218.0
111	25218.0
112	25218.0
113	25218.0
114	25218.0
115	27113.0
116	27113.0
117	27113.0
118	27113.0
119	27113.0
120	4955.0
121	4955.0
122	4955.0
123	4955.0
124	4955.0
125	14860.0
126	14860.0
127	14860.0
128	14860.0
129	14860.0
130	9288.0
131	9288.0
132	9288.0
133	9288.0
134	9288.0
135	8819.0
136	8819.0
137	8819.0
138	8819.0
139	8819.0
140	25440.0
141	25440.0
142	25440.0
143	25440.0
144	25440.0
145	55186.0
146	55186.0
147	55186.0
148	55186.0
149	55186.0
150	12619.0
151	12619.0
152	12619.0
153	12619.0
154	12619.0
155	34507.0
156	34507.0
157	34507.0
158	34507.0
159	34507.0
160	25924.0
161	25924.0
162	25924.0
163	25924.0
164	25924.0
165	10602.0
166	10602.0
167	10602.0
168	10602.0
169	10602.0
170	5547.0
171	5547.0
172	5547.0
173	5547.0
174	5547.0
175	4232.0
176	4232.0
177	4232.0
178	4232.0
179	4232.0
180	51531.0
181	51531.0
182	51531.0
183	51531.0
184	51531.0
185	39359.0
186	39359.0
187	39359.0
188	39359.0
189	39359.0
190	44966.0
191	44966.0
192	44966.0
193	44966.0
194	44966.0
195	2328.0
196	2328.0
197	2328.0
198	2328.0
199	2328.0
200	10473.0
201	10473.0
202	10473.0
203	10473.0
204	10473.0
205	43623.0
206	43623.0
207	43623.0
208	43623.0
209	43623.0
210	36944.0
211	36944.0
212	36944.0
213	36944.0
214	36944.0
215	26677.0
216	26677.0
217	26677.0
218	26677.0
219	26677.0
220	16619.0
221	16619.0
222	16619.0
223	16619.0
224	16619.0
225	39385.0
226	39385.0
227	39385.0
228	39385.0
229	39385.0
230	28539.0
231	28539.0
232	28539.0
233	28539.0
234	28539.0
235	19068.0
236	19068.0
237	19068.0
238	19068.0
239	19068.0
240	4720.0
241	4720.0
242	4720.0
243	4720.0
244	4720.0
245	15987.0
246	15987.0
247	15987.0
248	15987.0
249	15987.0
