0	36357.0
1	36357.0
2	36357.0
3	36357.0
4	36357.0
5	25896.0
6	25896.0
7	25896.0
8	25896.0
9	25896.0
10	6848.0
11	6848.0
12	6848.0
13	6848.0
14	6848.0
15	40806.0
16	40806.0
17	40806.0
18	40806.0
19	40806.0
20	37809.0
21	37809.0
22	37809.0
23	37809.0
24	37809.0
25	20036.0
26	20036.0
27	20036.0
28	20036.0
29	20036.0
30	6053.0
31	6053.0
32	6053.0
33	6053.0
34	6053.0
35	36497.0
36	36497.0
37	36497.0
38	36497.0
39	36497.0
40	29401.0
41	29401.0
42	29401.0
43	29401.0
44	29401.0
45	47512.0
46	47512.0
47	47512.0
48	47512.0
49	47512.0
50	37150.0
51	37150.0
52	37150.0
53	37150.0
54	37150.0
55	42425.0
56	42425.0
57	42425.0
58	42425.0
59	42425.0
60	46513.0
61	46513.0
62	46513.0
63	46513.0
64	46513.0
65	14908.0
66	14908.0
67	14908.0
68	14908.0
69	14908.0
70	48189.0
71	48189.0
72	48189.0
73	48189.0
74	48189.0
75	8984.0
76	8984.0
77	8984.0
78	8984.0
79	8984.0
80	12807.0
81	12807.0
82	12807.0
83	12807.0
84	12807.0
85	8375.0
86	8375.0
87	8375.0
88	8375.0
89	8375.0
90	55996.0
91	55996.0
92	55996.0
93	55996.0
94	55996.0
95	50088.0
96	50088.0
97	50088.0
98	50088.0
99	50088.0
100	49440.0
101	49440.0
102	49440.0
103	49440.0
104	49440.0
105	47849.0
106	47849.0
107	47849.0
108	47849.0
109	47849.0
110	11432.0
111	11432.0
112	11432.0
113	11432.0
114	11432.0
115	55394.0
116	55394.0
117	55394.0
118	55394.0
119	55394.0
120	627.0
121	627.0
122	627.0
123	627.0
124	627.0
125	38475.0
126	38475.0
127	38475.0
128	38475.0
129	38475.0
130	1409.0
131	1409.0
132	1409.0
133	1409.0
134	1409.0
135	12047.0
136	12047.0
137	12047.0
138	12047.0
139	12047.0
140	1179.0
141	1179.0
142	1179.0
143	1179.0
144	1179.0
145	6878.0
146	6878.0
147	6878.0
148	6878.0
149	6878.0
150	39531.0
151	39531.0
152	39531.0
153	39531.0
154	39531.0
155	50963.0
156	50963.0
157	50963.0
158	50963.0
159	50963.0
160	12421.0
161	12421.0
162	12421.0
163	12421.0
164	12421.0
165	53958.0
166	53958.0
167	53958.0
168	53958.0
169	53958.0
170	23449.0
171	23449.0
172	23449.0
173	23449.0
174	23449.0
175	35743.0
176	35743.0
177	35743.0
178	35743.0
179	35743.0
180	46594.0
181	46594.0
182	46594.0
183	46594.0
184	46594.0
185	48209.0
186	48209.0
187	48209.0
188	48209.0
189	48209.0
190	28672.0
191	28672.0
192	28672.0
193	28672.0
194	28672.0
195	10222.0
196	10222.0
197	10222.0
198	10222.0
199	10222.0
200	36693.0
201	36693.0
202	36693.0
203	36693.0
204	36693.0
205	16956.0
206	16956.0
207	16956.0
208	16956.0
209	16956.0
210	11934.0
211	11934.0
212	11934.0
213	11934.0
214	11934.0
215	3836.0
216	3836.0
217	3836.0
218	3836.0
219	3836.0
220	30712.0
221	30712.0
222	30712.0
223	30712.0
224	30712.0
225	23658.0
226	23658.0
227	23658.0
228	23658.0
229	23658.0
230	27370.0
231	27370.0
232	27370.0
233	27370.0
234	27370.0
235	19733.0
236	19733.0
237	19733.0
238	19733.0
239	19733.0
240	29259.0
241	29259.0
242	29259.0
243	29259.0
244	29259.0
245	2217.0
246	2217.0
247	2217.0
248	2217.0
249	2217.0
