0	51442.0
1	51442.0
2	51442.0
3	51442.0
4	51442.0
5	32960.0
6	32960.0
7	32960.0
8	32960.0
9	32960.0
10	14582.0
11	14582.0
12	14582.0
13	14582.0
14	14582.0
15	16504.0
16	16504.0
17	16504.0
18	16504.0
19	16504.0
20	17870.0
21	17870.0
22	17870.0
23	17870.0
24	17870.0
25	52462.0
26	52462.0
27	52462.0
28	52462.0
29	52462.0
30	45817.0
31	45817.0
32	45817.0
33	45817.0
34	45817.0
35	3138.0
36	3138.0
37	3138.0
38	3138.0
39	3138.0
40	57298.0
41	57298.0
42	57298.0
43	57298.0
44	57298.0
45	6228.0
46	6228.0
47	6228.0
48	6228.0
49	6228.0
50	42625.0
51	42625.0
52	42625.0
53	42625.0
54	42625.0
55	32167.0
56	32167.0
57	32167.0
58	32167.0
59	32167.0
60	35191.0
61	35191.0
62	35191.0
63	35191.0
64	35191.0
65	50252.0
66	50252.0
67	50252.0
68	50252.0
69	50252.0
70	54697.0
71	54697.0
72	54697.0
73	54697.0
74	54697.0
75	55053.0
76	55053.0
77	55053.0
78	55053.0
79	55053.0
80	35301.0
81	35301.0
82	35301.0
83	35301.0
84	35301.0
85	4363.0
86	4363.0
87	4363.0
88	4363.0
89	4363.0
90	10243.0
91	10243.0
92	10243.0
93	10243.0
94	10243.0
95	6010.0
96	6010.0
97	6010.0
98	6010.0
99	6010.0
100	52724.0
101	52724.0
102	52724.0
103	52724.0
104	52724.0
105	52472.0
106	52472.0
107	52472.0
108	52472.0
109	52472.0
110	27051.0
111	27051.0
112	27051.0
113	27051.0
114	27051.0
115	53830.0
116	53830.0
117	53830.0
118	53830.0
119	53830.0
120	53607.0
121	53607.0
122	53607.0
123	53607.0
124	53607.0
125	10484.0
126	10484.0
127	10484.0
128	10484.0
129	10484.0
130	37043.0
131	37043.0
132	37043.0
133	37043.0
134	37043.0
135	55013.0
136	55013.0
137	55013.0
138	55013.0
139	55013.0
140	2697.0
141	2697.0
142	2697.0
143	2697.0
144	2697.0
145	4628.0
146	4628.0
147	4628.0
148	4628.0
149	4628.0
150	40893.0
151	40893.0
152	40893.0
153	40893.0
154	40893.0
155	56354.0
156	56354.0
157	56354.0
158	56354.0
159	56354.0
160	38139.0
161	38139.0
162	38139.0
163	38139.0
164	38139.0
165	46268.0
166	46268.0
167	46268.0
168	46268.0
169	46268.0
170	4375.0
171	4375.0
172	4375.0
173	4375.0
174	4375.0
175	564.0
176	564.0
177	564.0
178	564.0
179	564.0
180	35893.0
181	35893.0
182	35893.0
183	35893.0
184	35893.0
185	35053.0
186	35053.0
187	35053.0
188	35053.0
189	35053.0
190	45696.0
191	45696.0
192	45696.0
193	45696.0
194	45696.0
195	30894.0
196	30894.0
197	30894.0
198	30894.0
199	30894.0
200	3455.0
201	3455.0
202	3455.0
203	3455.0
204	3455.0
205	34488.0
206	34488.0
207	34488.0
208	34488.0
209	34488.0
210	16725.0
211	16725.0
212	16725.0
213	16725.0
214	16725.0
215	25111.0
216	25111.0
217	25111.0
218	25111.0
219	25111.0
220	4065.0
221	4065.0
222	4065.0
223	4065.0
224	4065.0
225	55051.0
226	55051.0
227	55051.0
228	55051.0
229	55051.0
230	32936.0
231	32936.0
232	32936.0
233	32936.0
234	32936.0
235	22422.0
236	22422.0
237	22422.0
238	22422.0
239	22422.0
240	46923.0
241	46923.0
242	46923.0
243	46923.0
244	46923.0
245	18012.0
246	18012.0
247	18012.0
248	18012.0
249	18012.0
