0	38207.0
1	38207.0
2	38207.0
3	38207.0
4	38207.0
5	51109.0
6	51109.0
7	51109.0
8	51109.0
9	51109.0
10	45565.0
11	45565.0
12	45565.0
13	45565.0
14	45565.0
15	24647.0
16	24647.0
17	24647.0
18	24647.0
19	24647.0
20	4933.0
21	4933.0
22	4933.0
23	4933.0
24	4933.0
25	4510.0
26	4510.0
27	4510.0
28	4510.0
29	4510.0
30	17225.0
31	17225.0
32	17225.0
33	17225.0
34	17225.0
35	36115.0
36	36115.0
37	36115.0
38	36115.0
39	36115.0
40	27735.0
41	27735.0
42	27735.0
43	27735.0
44	27735.0
45	34333.0
46	34333.0
47	34333.0
48	34333.0
49	34333.0
50	13926.0
51	13926.0
52	13926.0
53	13926.0
54	13926.0
55	47832.0
56	47832.0
57	47832.0
58	47832.0
59	47832.0
60	46498.0
61	46498.0
62	46498.0
63	46498.0
64	46498.0
65	46478.0
66	46478.0
67	46478.0
68	46478.0
69	46478.0
70	23684.0
71	23684.0
72	23684.0
73	23684.0
74	23684.0
75	55759.0
76	55759.0
77	55759.0
78	55759.0
79	55759.0
80	27228.0
81	27228.0
82	27228.0
83	27228.0
84	27228.0
85	33076.0
86	33076.0
87	33076.0
88	33076.0
89	33076.0
90	2105.0
91	2105.0
92	2105.0
93	2105.0
94	2105.0
95	53346.0
96	53346.0
97	53346.0
98	53346.0
99	53346.0
100	45576.0
101	45576.0
102	45576.0
103	45576.0
104	45576.0
105	59158.0
106	59158.0
107	59158.0
108	59158.0
109	59158.0
110	33683.0
111	33683.0
112	33683.0
113	33683.0
114	33683.0
115	55367.0
116	55367.0
117	55367.0
118	55367.0
119	55367.0
120	4272.0
121	4272.0
122	4272.0
123	4272.0
124	4272.0
125	20201.0
126	20201.0
127	20201.0
128	20201.0
129	20201.0
130	48078.0
131	48078.0
132	48078.0
133	48078.0
134	48078.0
135	28847.0
136	28847.0
137	28847.0
138	28847.0
139	28847.0
140	22659.0
141	22659.0
142	22659.0
143	22659.0
144	22659.0
145	30400.0
146	30400.0
147	30400.0
148	30400.0
149	30400.0
150	2266.0
151	2266.0
152	2266.0
153	2266.0
154	2266.0
155	13415.0
156	13415.0
157	13415.0
158	13415.0
159	13415.0
160	12060.0
161	12060.0
162	12060.0
163	12060.0
164	12060.0
165	32830.0
166	32830.0
167	32830.0
168	32830.0
169	32830.0
170	8856.0
171	8856.0
172	8856.0
173	8856.0
174	8856.0
175	36132.0
176	36132.0
177	36132.0
178	36132.0
179	36132.0
180	55986.0
181	55986.0
182	55986.0
183	55986.0
184	55986.0
185	6899.0
186	6899.0
187	6899.0
188	6899.0
189	6899.0
190	33641.0
191	33641.0
192	33641.0
193	33641.0
194	33641.0
195	23301.0
196	23301.0
197	23301.0
198	23301.0
199	23301.0
200	11291.0
201	11291.0
202	11291.0
203	11291.0
204	11291.0
205	10363.0
206	10363.0
207	10363.0
208	10363.0
209	10363.0
210	55335.0
211	55335.0
212	55335.0
213	55335.0
214	55335.0
215	40922.0
216	40922.0
217	40922.0
218	40922.0
219	40922.0
220	42693.0
221	42693.0
222	42693.0
223	42693.0
224	42693.0
225	288.0
226	288.0
227	288.0
228	288.0
229	288.0
230	6591.0
231	6591.0
232	6591.0
233	6591.0
234	6591.0
235	58204.0
236	58204.0
237	58204.0
238	58204.0
239	58204.0
240	4551.0
241	4551.0
242	4551.0
243	4551.0
244	4551.0
245	34270.0
246	34270.0
247	34270.0
248	34270.0
249	34270.0
