0	49397.0
1	49397.0
2	49397.0
3	49397.0
4	49397.0
5	4553.0
6	4553.0
7	4553.0
8	4553.0
9	4553.0
10	1873.0
11	1873.0
12	1873.0
13	1873.0
14	1873.0
15	6028.0
16	6028.0
17	6028.0
18	6028.0
19	6028.0
20	24205.0
21	24205.0
22	24205.0
23	24205.0
24	24205.0
25	26951.0
26	26951.0
27	26951.0
28	26951.0
29	26951.0
30	26402.0
31	26402.0
32	26402.0
33	26402.0
34	26402.0
35	17247.0
36	17247.0
37	17247.0
38	17247.0
39	17247.0
40	51138.0
41	51138.0
42	51138.0
43	51138.0
44	51138.0
45	32493.0
46	32493.0
47	32493.0
48	32493.0
49	32493.0
50	26593.0
51	26593.0
52	26593.0
53	26593.0
54	26593.0
55	34833.0
56	34833.0
57	34833.0
58	34833.0
59	34833.0
60	6291.0
61	6291.0
62	6291.0
63	6291.0
64	6291.0
65	36128.0
66	36128.0
67	36128.0
68	36128.0
69	36128.0
70	23252.0
71	23252.0
72	23252.0
73	23252.0
74	23252.0
75	31185.0
76	31185.0
77	31185.0
78	31185.0
79	31185.0
80	11719.0
81	11719.0
82	11719.0
83	11719.0
84	11719.0
85	27335.0
86	27335.0
87	27335.0
88	27335.0
89	27335.0
90	10008.0
91	10008.0
92	10008.0
93	10008.0
94	10008.0
95	3207.0
96	3207.0
97	3207.0
98	3207.0
99	3207.0
100	19995.0
101	19995.0
102	19995.0
103	19995.0
104	19995.0
105	22926.0
106	22926.0
107	22926.0
108	22926.0
109	22926.0
110	31236.0
111	31236.0
112	31236.0
113	31236.0
114	31236.0
115	15336.0
116	15336.0
117	15336.0
118	15336.0
119	15336.0
120	14358.0
121	14358.0
122	14358.0
123	14358.0
124	14358.0
125	31195.0
126	31195.0
127	31195.0
128	31195.0
129	31195.0
130	1128.0
131	1128.0
132	1128.0
133	1128.0
134	1128.0
135	29660.0
136	29660.0
137	29660.0
138	29660.0
139	29660.0
140	22924.0
141	22924.0
142	22924.0
143	22924.0
144	22924.0
145	43408.0
146	43408.0
147	43408.0
148	43408.0
149	43408.0
150	45387.0
151	45387.0
152	45387.0
153	45387.0
154	45387.0
155	3607.0
156	3607.0
157	3607.0
158	3607.0
159	3607.0
160	1318.0
161	1318.0
162	1318.0
163	1318.0
164	1318.0
165	41768.0
166	41768.0
167	41768.0
168	41768.0
169	41768.0
170	44770.0
171	44770.0
172	44770.0
173	44770.0
174	44770.0
175	51257.0
176	51257.0
177	51257.0
178	51257.0
179	51257.0
180	56380.0
181	56380.0
182	56380.0
183	56380.0
184	56380.0
185	1507.0
186	1507.0
187	1507.0
188	1507.0
189	1507.0
190	12506.0
191	12506.0
192	12506.0
193	12506.0
194	12506.0
195	7811.0
196	7811.0
197	7811.0
198	7811.0
199	7811.0
200	13659.0
201	13659.0
202	13659.0
203	13659.0
204	13659.0
205	6725.0
206	6725.0
207	6725.0
208	6725.0
209	6725.0
210	43724.0
211	43724.0
212	43724.0
213	43724.0
214	43724.0
215	30804.0
216	30804.0
217	30804.0
218	30804.0
219	30804.0
220	31740.0
221	31740.0
222	31740.0
223	31740.0
224	31740.0
225	5453.0
226	5453.0
227	5453.0
228	5453.0
229	5453.0
230	28730.0
231	28730.0
232	28730.0
233	28730.0
234	28730.0
235	20919.0
236	20919.0
237	20919.0
238	20919.0
239	20919.0
240	54969.0
241	54969.0
242	54969.0
243	54969.0
244	54969.0
245	30456.0
246	30456.0
247	30456.0
248	30456.0
249	30456.0
