0	118959.0
1	118959.0
2	118959.0
3	118959.0
4	118959.0
5	535110.0
6	535110.0
7	535110.0
8	535110.0
9	535110.0
10	245945.0
11	245945.0
12	245945.0
13	245945.0
14	245945.0
15	140568.0
16	140568.0
17	140568.0
18	140568.0
19	140568.0
20	351990.0
21	351990.0
22	351990.0
23	351990.0
24	351990.0
25	268566.0
26	268566.0
27	268566.0
28	268566.0
29	268566.0
30	614366.0
31	614366.0
32	614366.0
33	614366.0
34	614366.0
35	501275.0
36	501275.0
37	501275.0
38	501275.0
39	501275.0
40	418579.0
41	418579.0
42	418579.0
43	418579.0
44	418579.0
45	388168.0
46	388168.0
47	388168.0
48	388168.0
49	388168.0
50	24741.0
51	24741.0
52	24741.0
53	24741.0
54	24741.0
55	280479.0
56	280479.0
57	280479.0
58	280479.0
59	280479.0
60	4476.0
61	4476.0
62	4476.0
63	4476.0
64	4476.0
65	25167.0
66	25167.0
67	25167.0
68	25167.0
69	25167.0
70	520317.0
71	520317.0
72	520317.0
73	520317.0
74	520317.0
75	84926.0
76	84926.0
77	84926.0
78	84926.0
79	84926.0
80	237079.0
81	237079.0
82	237079.0
83	237079.0
84	237079.0
85	86013.0
86	86013.0
87	86013.0
88	86013.0
89	86013.0
90	347338.0
91	347338.0
92	347338.0
93	347338.0
94	347338.0
95	335454.0
96	335454.0
97	335454.0
98	335454.0
99	335454.0
100	610508.0
101	610508.0
102	610508.0
103	610508.0
104	610508.0
105	440799.0
106	440799.0
107	440799.0
108	440799.0
109	440799.0
110	593402.0
111	593402.0
112	593402.0
113	593402.0
114	593402.0
115	386298.0
116	386298.0
117	386298.0
118	386298.0
119	386298.0
120	453982.0
121	453982.0
122	453982.0
123	453982.0
124	453982.0
125	149348.0
126	149348.0
127	149348.0
128	149348.0
129	149348.0
130	566110.0
131	566110.0
132	566110.0
133	566110.0
134	566110.0
135	305474.0
136	305474.0
137	305474.0
138	305474.0
139	305474.0
140	248536.0
141	248536.0
142	248536.0
143	248536.0
144	248536.0
145	605260.0
146	605260.0
147	605260.0
148	605260.0
149	605260.0
150	292880.0
151	292880.0
152	292880.0
153	292880.0
154	292880.0
155	614453.0
156	614453.0
157	614453.0
158	614453.0
159	614453.0
160	593176.0
161	593176.0
162	593176.0
163	593176.0
164	593176.0
165	170543.0
166	170543.0
167	170543.0
168	170543.0
169	170543.0
170	302209.0
171	302209.0
172	302209.0
173	302209.0
174	302209.0
175	233731.0
176	233731.0
177	233731.0
178	233731.0
179	233731.0
180	1225.0
181	1225.0
182	1225.0
183	1225.0
184	1225.0
185	503624.0
186	503624.0
187	503624.0
188	503624.0
189	503624.0
190	608141.0
191	608141.0
192	608141.0
193	608141.0
194	608141.0
195	276495.0
196	276495.0
197	276495.0
198	276495.0
199	276495.0
200	510465.0
201	510465.0
202	510465.0
203	510465.0
204	510465.0
205	71984.0
206	71984.0
207	71984.0
208	71984.0
209	71984.0
210	276406.0
211	276406.0
212	276406.0
213	276406.0
214	276406.0
215	127140.0
216	127140.0
217	127140.0
218	127140.0
219	127140.0
220	91243.0
221	91243.0
222	91243.0
223	91243.0
224	91243.0
225	560990.0
226	560990.0
227	560990.0
228	560990.0
229	560990.0
230	534459.0
231	534459.0
232	534459.0
233	534459.0
234	534459.0
235	576107.0
236	576107.0
237	576107.0
238	576107.0
239	576107.0
240	1554.0
241	1554.0
242	1554.0
243	1554.0
244	1554.0
245	432286.0
246	432286.0
247	432286.0
248	432286.0
249	432286.0
