0	241910.0
1	241910.0
2	241910.0
3	241910.0
4	241910.0
5	128377.0
6	128377.0
7	128377.0
8	128377.0
9	128377.0
10	469427.0
11	469427.0
12	469427.0
13	469427.0
14	469427.0
15	441834.0
16	441834.0
17	441834.0
18	441834.0
19	441834.0
20	258894.0
21	258894.0
22	258894.0
23	258894.0
24	258894.0
25	24472.0
26	24472.0
27	24472.0
28	24472.0
29	24472.0
30	489122.0
31	489122.0
32	489122.0
33	489122.0
34	489122.0
35	104602.0
36	104602.0
37	104602.0
38	104602.0
39	104602.0
40	431652.0
41	431652.0
42	431652.0
43	431652.0
44	431652.0
45	477584.0
46	477584.0
47	477584.0
48	477584.0
49	477584.0
50	446915.0
51	446915.0
52	446915.0
53	446915.0
54	446915.0
55	11891.0
56	11891.0
57	11891.0
58	11891.0
59	11891.0
60	40543.0
61	40543.0
62	40543.0
63	40543.0
64	40543.0
65	13054.0
66	13054.0
67	13054.0
68	13054.0
69	13054.0
70	287152.0
71	287152.0
72	287152.0
73	287152.0
74	287152.0
75	390999.0
76	390999.0
77	390999.0
78	390999.0
79	390999.0
80	408283.0
81	408283.0
82	408283.0
83	408283.0
84	408283.0
85	546410.0
86	546410.0
87	546410.0
88	546410.0
89	546410.0
90	587814.0
91	587814.0
92	587814.0
93	587814.0
94	587814.0
95	12867.0
96	12867.0
97	12867.0
98	12867.0
99	12867.0
100	393353.0
101	393353.0
102	393353.0
103	393353.0
104	393353.0
105	61473.0
106	61473.0
107	61473.0
108	61473.0
109	61473.0
110	262887.0
111	262887.0
112	262887.0
113	262887.0
114	262887.0
115	582495.0
116	582495.0
117	582495.0
118	582495.0
119	582495.0
120	462733.0
121	462733.0
122	462733.0
123	462733.0
124	462733.0
125	84658.0
126	84658.0
127	84658.0
128	84658.0
129	84658.0
130	67296.0
131	67296.0
132	67296.0
133	67296.0
134	67296.0
135	449789.0
136	449789.0
137	449789.0
138	449789.0
139	449789.0
140	257900.0
141	257900.0
142	257900.0
143	257900.0
144	257900.0
145	564710.0
146	564710.0
147	564710.0
148	564710.0
149	564710.0
150	433948.0
151	433948.0
152	433948.0
153	433948.0
154	433948.0
155	267357.0
156	267357.0
157	267357.0
158	267357.0
159	267357.0
160	247231.0
161	247231.0
162	247231.0
163	247231.0
164	247231.0
165	249925.0
166	249925.0
167	249925.0
168	249925.0
169	249925.0
170	494790.0
171	494790.0
172	494790.0
173	494790.0
174	494790.0
175	205584.0
176	205584.0
177	205584.0
178	205584.0
179	205584.0
180	76613.0
181	76613.0
182	76613.0
183	76613.0
184	76613.0
185	510706.0
186	510706.0
187	510706.0
188	510706.0
189	510706.0
190	505967.0
191	505967.0
192	505967.0
193	505967.0
194	505967.0
195	513328.0
196	513328.0
197	513328.0
198	513328.0
199	513328.0
200	598325.0
201	598325.0
202	598325.0
203	598325.0
204	598325.0
205	405710.0
206	405710.0
207	405710.0
208	405710.0
209	405710.0
210	219889.0
211	219889.0
212	219889.0
213	219889.0
214	219889.0
215	275501.0
216	275501.0
217	275501.0
218	275501.0
219	275501.0
220	295625.0
221	295625.0
222	295625.0
223	295625.0
224	295625.0
225	35080.0
226	35080.0
227	35080.0
228	35080.0
229	35080.0
230	458055.0
231	458055.0
232	458055.0
233	458055.0
234	458055.0
235	313150.0
236	313150.0
237	313150.0
238	313150.0
239	313150.0
240	249667.0
241	249667.0
242	249667.0
243	249667.0
244	249667.0
245	53395.0
246	53395.0
247	53395.0
248	53395.0
249	53395.0
