0	643537.0
1	643537.0
2	643537.0
3	643537.0
4	643537.0
5	279089.0
6	279089.0
7	279089.0
8	279089.0
9	279089.0
10	358157.0
11	358157.0
12	358157.0
13	358157.0
14	358157.0
15	597646.0
16	597646.0
17	597646.0
18	597646.0
19	597646.0
20	599776.0
21	599776.0
22	599776.0
23	599776.0
24	599776.0
25	619555.0
26	619555.0
27	619555.0
28	619555.0
29	619555.0
30	242070.0
31	242070.0
32	242070.0
33	242070.0
34	242070.0
35	185739.0
36	185739.0
37	185739.0
38	185739.0
39	185739.0
40	543438.0
41	543438.0
42	543438.0
43	543438.0
44	543438.0
45	531013.0
46	531013.0
47	531013.0
48	531013.0
49	531013.0
50	154155.0
51	154155.0
52	154155.0
53	154155.0
54	154155.0
55	77861.0
56	77861.0
57	77861.0
58	77861.0
59	77861.0
60	587715.0
61	587715.0
62	587715.0
63	587715.0
64	587715.0
65	227590.0
66	227590.0
67	227590.0
68	227590.0
69	227590.0
70	538296.0
71	538296.0
72	538296.0
73	538296.0
74	538296.0
75	179978.0
76	179978.0
77	179978.0
78	179978.0
79	179978.0
80	286971.0
81	286971.0
82	286971.0
83	286971.0
84	286971.0
85	277867.0
86	277867.0
87	277867.0
88	277867.0
89	277867.0
90	637227.0
91	637227.0
92	637227.0
93	637227.0
94	637227.0
95	578404.0
96	578404.0
97	578404.0
98	578404.0
99	578404.0
100	266600.0
101	266600.0
102	266600.0
103	266600.0
104	266600.0
105	62005.0
106	62005.0
107	62005.0
108	62005.0
109	62005.0
110	1694.0
111	1694.0
112	1694.0
113	1694.0
114	1694.0
115	266268.0
116	266268.0
117	266268.0
118	266268.0
119	266268.0
120	563949.0
121	563949.0
122	563949.0
123	563949.0
124	563949.0
125	133837.0
126	133837.0
127	133837.0
128	133837.0
129	133837.0
130	625914.0
131	625914.0
132	625914.0
133	625914.0
134	625914.0
135	556521.0
136	556521.0
137	556521.0
138	556521.0
139	556521.0
140	26728.0
141	26728.0
142	26728.0
143	26728.0
144	26728.0
145	315874.0
146	315874.0
147	315874.0
148	315874.0
149	315874.0
150	604460.0
151	604460.0
152	604460.0
153	604460.0
154	604460.0
155	100097.0
156	100097.0
157	100097.0
158	100097.0
159	100097.0
160	450934.0
161	450934.0
162	450934.0
163	450934.0
164	450934.0
165	452208.0
166	452208.0
167	452208.0
168	452208.0
169	452208.0
170	427209.0
171	427209.0
172	427209.0
173	427209.0
174	427209.0
175	249077.0
176	249077.0
177	249077.0
178	249077.0
179	249077.0
180	381865.0
181	381865.0
182	381865.0
183	381865.0
184	381865.0
185	451969.0
186	451969.0
187	451969.0
188	451969.0
189	451969.0
190	397535.0
191	397535.0
192	397535.0
193	397535.0
194	397535.0
195	147305.0
196	147305.0
197	147305.0
198	147305.0
199	147305.0
200	327354.0
201	327354.0
202	327354.0
203	327354.0
204	327354.0
205	14548.0
206	14548.0
207	14548.0
208	14548.0
209	14548.0
210	421742.0
211	421742.0
212	421742.0
213	421742.0
214	421742.0
215	103685.0
216	103685.0
217	103685.0
218	103685.0
219	103685.0
220	303825.0
221	303825.0
222	303825.0
223	303825.0
224	303825.0
225	513406.0
226	513406.0
227	513406.0
228	513406.0
229	513406.0
230	198895.0
231	198895.0
232	198895.0
233	198895.0
234	198895.0
235	579194.0
236	579194.0
237	579194.0
238	579194.0
239	579194.0
240	68975.0
241	68975.0
242	68975.0
243	68975.0
244	68975.0
245	360297.0
246	360297.0
247	360297.0
248	360297.0
249	360297.0
