0	158653.0
1	158653.0
2	158653.0
3	158653.0
4	158653.0
5	141901.0
6	141901.0
7	141901.0
8	141901.0
9	141901.0
10	170558.0
11	170558.0
12	170558.0
13	170558.0
14	170558.0
15	232705.0
16	232705.0
17	232705.0
18	232705.0
19	232705.0
20	37814.0
21	37814.0
22	37814.0
23	37814.0
24	37814.0
25	223250.0
26	223250.0
27	223250.0
28	223250.0
29	223250.0
30	412909.0
31	412909.0
32	412909.0
33	412909.0
34	412909.0
35	216837.0
36	216837.0
37	216837.0
38	216837.0
39	216837.0
40	360.0
41	360.0
42	360.0
43	360.0
44	360.0
45	69636.0
46	69636.0
47	69636.0
48	69636.0
49	69636.0
50	195319.0
51	195319.0
52	195319.0
53	195319.0
54	195319.0
55	256359.0
56	256359.0
57	256359.0
58	256359.0
59	256359.0
60	457922.0
61	457922.0
62	457922.0
63	457922.0
64	457922.0
65	123835.0
66	123835.0
67	123835.0
68	123835.0
69	123835.0
70	173023.0
71	173023.0
72	173023.0
73	173023.0
74	173023.0
75	78873.0
76	78873.0
77	78873.0
78	78873.0
79	78873.0
80	248536.0
81	248536.0
82	248536.0
83	248536.0
84	248536.0
85	168890.0
86	168890.0
87	168890.0
88	168890.0
89	168890.0
90	426278.0
91	426278.0
92	426278.0
93	426278.0
94	426278.0
95	260195.0
96	260195.0
97	260195.0
98	260195.0
99	260195.0
100	28846.0
101	28846.0
102	28846.0
103	28846.0
104	28846.0
105	190399.0
106	190399.0
107	190399.0
108	190399.0
109	190399.0
110	452296.0
111	452296.0
112	452296.0
113	452296.0
114	452296.0
115	414304.0
116	414304.0
117	414304.0
118	414304.0
119	414304.0
120	281591.0
121	281591.0
122	281591.0
123	281591.0
124	281591.0
125	309683.0
126	309683.0
127	309683.0
128	309683.0
129	309683.0
130	16364.0
131	16364.0
132	16364.0
133	16364.0
134	16364.0
135	49183.0
136	49183.0
137	49183.0
138	49183.0
139	49183.0
140	388131.0
141	388131.0
142	388131.0
143	388131.0
144	388131.0
145	190514.0
146	190514.0
147	190514.0
148	190514.0
149	190514.0
150	418390.0
151	418390.0
152	418390.0
153	418390.0
154	418390.0
155	361817.0
156	361817.0
157	361817.0
158	361817.0
159	361817.0
160	165501.0
161	165501.0
162	165501.0
163	165501.0
164	165501.0
165	278223.0
166	278223.0
167	278223.0
168	278223.0
169	278223.0
170	314150.0
171	314150.0
172	314150.0
173	314150.0
174	314150.0
175	429977.0
176	429977.0
177	429977.0
178	429977.0
179	429977.0
180	409601.0
181	409601.0
182	409601.0
183	409601.0
184	409601.0
185	70446.0
186	70446.0
187	70446.0
188	70446.0
189	70446.0
190	51897.0
191	51897.0
192	51897.0
193	51897.0
194	51897.0
195	405636.0
196	405636.0
197	405636.0
198	405636.0
199	405636.0
200	404459.0
201	404459.0
202	404459.0
203	404459.0
204	404459.0
205	105321.0
206	105321.0
207	105321.0
208	105321.0
209	105321.0
210	272210.0
211	272210.0
212	272210.0
213	272210.0
214	272210.0
215	357473.0
216	357473.0
217	357473.0
218	357473.0
219	357473.0
220	301351.0
221	301351.0
222	301351.0
223	301351.0
224	301351.0
225	291845.0
226	291845.0
227	291845.0
228	291845.0
229	291845.0
230	258991.0
231	258991.0
232	258991.0
233	258991.0
234	258991.0
235	181364.0
236	181364.0
237	181364.0
238	181364.0
239	181364.0
240	378958.0
241	378958.0
242	378958.0
243	378958.0
244	378958.0
245	233391.0
246	233391.0
247	233391.0
248	233391.0
249	233391.0
