0	395887.0
1	395887.0
2	395887.0
3	395887.0
4	395887.0
5	354950.0
6	354950.0
7	354950.0
8	354950.0
9	354950.0
10	164402.0
11	164402.0
12	164402.0
13	164402.0
14	164402.0
15	42635.0
16	42635.0
17	42635.0
18	42635.0
19	42635.0
20	331181.0
21	331181.0
22	331181.0
23	331181.0
24	331181.0
25	94831.0
26	94831.0
27	94831.0
28	94831.0
29	94831.0
30	77285.0
31	77285.0
32	77285.0
33	77285.0
34	77285.0
35	263121.0
36	263121.0
37	263121.0
38	263121.0
39	263121.0
40	422448.0
41	422448.0
42	422448.0
43	422448.0
44	422448.0
45	315359.0
46	315359.0
47	315359.0
48	315359.0
49	315359.0
50	345177.0
51	345177.0
52	345177.0
53	345177.0
54	345177.0
55	269726.0
56	269726.0
57	269726.0
58	269726.0
59	269726.0
60	81344.0
61	81344.0
62	81344.0
63	81344.0
64	81344.0
65	51840.0
66	51840.0
67	51840.0
68	51840.0
69	51840.0
70	411413.0
71	411413.0
72	411413.0
73	411413.0
74	411413.0
75	203322.0
76	203322.0
77	203322.0
78	203322.0
79	203322.0
80	352638.0
81	352638.0
82	352638.0
83	352638.0
84	352638.0
85	321558.0
86	321558.0
87	321558.0
88	321558.0
89	321558.0
90	243130.0
91	243130.0
92	243130.0
93	243130.0
94	243130.0
95	264019.0
96	264019.0
97	264019.0
98	264019.0
99	264019.0
100	4692.0
101	4692.0
102	4692.0
103	4692.0
104	4692.0
105	288193.0
106	288193.0
107	288193.0
108	288193.0
109	288193.0
110	277449.0
111	277449.0
112	277449.0
113	277449.0
114	277449.0
115	411174.0
116	411174.0
117	411174.0
118	411174.0
119	411174.0
120	153117.0
121	153117.0
122	153117.0
123	153117.0
124	153117.0
125	455839.0
126	455839.0
127	455839.0
128	455839.0
129	455839.0
130	59066.0
131	59066.0
132	59066.0
133	59066.0
134	59066.0
135	258715.0
136	258715.0
137	258715.0
138	258715.0
139	258715.0
140	303881.0
141	303881.0
142	303881.0
143	303881.0
144	303881.0
145	396314.0
146	396314.0
147	396314.0
148	396314.0
149	396314.0
150	286589.0
151	286589.0
152	286589.0
153	286589.0
154	286589.0
155	316613.0
156	316613.0
157	316613.0
158	316613.0
159	316613.0
160	327320.0
161	327320.0
162	327320.0
163	327320.0
164	327320.0
165	440343.0
166	440343.0
167	440343.0
168	440343.0
169	440343.0
170	3064.0
171	3064.0
172	3064.0
173	3064.0
174	3064.0
175	241256.0
176	241256.0
177	241256.0
178	241256.0
179	241256.0
180	257000.0
181	257000.0
182	257000.0
183	257000.0
184	257000.0
185	239963.0
186	239963.0
187	239963.0
188	239963.0
189	239963.0
190	395932.0
191	395932.0
192	395932.0
193	395932.0
194	395932.0
195	43124.0
196	43124.0
197	43124.0
198	43124.0
199	43124.0
200	26955.0
201	26955.0
202	26955.0
203	26955.0
204	26955.0
205	352306.0
206	352306.0
207	352306.0
208	352306.0
209	352306.0
210	386811.0
211	386811.0
212	386811.0
213	386811.0
214	386811.0
215	143304.0
216	143304.0
217	143304.0
218	143304.0
219	143304.0
220	311162.0
221	311162.0
222	311162.0
223	311162.0
224	311162.0
225	277191.0
226	277191.0
227	277191.0
228	277191.0
229	277191.0
230	372959.0
231	372959.0
232	372959.0
233	372959.0
234	372959.0
235	81426.0
236	81426.0
237	81426.0
238	81426.0
239	81426.0
240	275037.0
241	275037.0
242	275037.0
243	275037.0
244	275037.0
245	404718.0
246	404718.0
247	404718.0
248	404718.0
249	404718.0
