0	220480.0
1	220480.0
2	220480.0
3	220480.0
4	220480.0
5	276484.0
6	276484.0
7	276484.0
8	276484.0
9	276484.0
10	270968.0
11	270968.0
12	270968.0
13	270968.0
14	270968.0
15	388780.0
16	388780.0
17	388780.0
18	388780.0
19	388780.0
20	12561.0
21	12561.0
22	12561.0
23	12561.0
24	12561.0
25	185306.0
26	185306.0
27	185306.0
28	185306.0
29	185306.0
30	201513.0
31	201513.0
32	201513.0
33	201513.0
34	201513.0
35	439970.0
36	439970.0
37	439970.0
38	439970.0
39	439970.0
40	47074.0
41	47074.0
42	47074.0
43	47074.0
44	47074.0
45	102601.0
46	102601.0
47	102601.0
48	102601.0
49	102601.0
50	200992.0
51	200992.0
52	200992.0
53	200992.0
54	200992.0
55	91335.0
56	91335.0
57	91335.0
58	91335.0
59	91335.0
60	207836.0
61	207836.0
62	207836.0
63	207836.0
64	207836.0
65	368085.0
66	368085.0
67	368085.0
68	368085.0
69	368085.0
70	147203.0
71	147203.0
72	147203.0
73	147203.0
74	147203.0
75	154461.0
76	154461.0
77	154461.0
78	154461.0
79	154461.0
80	20528.0
81	20528.0
82	20528.0
83	20528.0
84	20528.0
85	149933.0
86	149933.0
87	149933.0
88	149933.0
89	149933.0
90	100733.0
91	100733.0
92	100733.0
93	100733.0
94	100733.0
95	196999.0
96	196999.0
97	196999.0
98	196999.0
99	196999.0
100	218830.0
101	218830.0
102	218830.0
103	218830.0
104	218830.0
105	408425.0
106	408425.0
107	408425.0
108	408425.0
109	408425.0
110	339162.0
111	339162.0
112	339162.0
113	339162.0
114	339162.0
115	342397.0
116	342397.0
117	342397.0
118	342397.0
119	342397.0
120	335728.0
121	335728.0
122	335728.0
123	335728.0
124	335728.0
125	37427.0
126	37427.0
127	37427.0
128	37427.0
129	37427.0
130	300226.0
131	300226.0
132	300226.0
133	300226.0
134	300226.0
135	123860.0
136	123860.0
137	123860.0
138	123860.0
139	123860.0
140	105058.0
141	105058.0
142	105058.0
143	105058.0
144	105058.0
145	95777.0
146	95777.0
147	95777.0
148	95777.0
149	95777.0
150	274999.0
151	274999.0
152	274999.0
153	274999.0
154	274999.0
155	413267.0
156	413267.0
157	413267.0
158	413267.0
159	413267.0
160	132730.0
161	132730.0
162	132730.0
163	132730.0
164	132730.0
165	280755.0
166	280755.0
167	280755.0
168	280755.0
169	280755.0
170	171718.0
171	171718.0
172	171718.0
173	171718.0
174	171718.0
175	193774.0
176	193774.0
177	193774.0
178	193774.0
179	193774.0
180	225434.0
181	225434.0
182	225434.0
183	225434.0
184	225434.0
185	52217.0
186	52217.0
187	52217.0
188	52217.0
189	52217.0
190	406493.0
191	406493.0
192	406493.0
193	406493.0
194	406493.0
195	320950.0
196	320950.0
197	320950.0
198	320950.0
199	320950.0
200	219489.0
201	219489.0
202	219489.0
203	219489.0
204	219489.0
205	427953.0
206	427953.0
207	427953.0
208	427953.0
209	427953.0
210	415563.0
211	415563.0
212	415563.0
213	415563.0
214	415563.0
215	319907.0
216	319907.0
217	319907.0
218	319907.0
219	319907.0
220	139037.0
221	139037.0
222	139037.0
223	139037.0
224	139037.0
225	444059.0
226	444059.0
227	444059.0
228	444059.0
229	444059.0
230	358172.0
231	358172.0
232	358172.0
233	358172.0
234	358172.0
235	160393.0
236	160393.0
237	160393.0
238	160393.0
239	160393.0
240	369574.0
241	369574.0
242	369574.0
243	369574.0
244	369574.0
245	146756.0
246	146756.0
247	146756.0
248	146756.0
249	146756.0
