0	49456.0
1	49456.0
2	49456.0
3	49456.0
4	49456.0
5	13722.0
6	13722.0
7	13722.0
8	13722.0
9	13722.0
10	92759.0
11	92759.0
12	92759.0
13	92759.0
14	92759.0
15	54968.0
16	54968.0
17	54968.0
18	54968.0
19	54968.0
20	98458.0
21	98458.0
22	98458.0
23	98458.0
24	98458.0
25	45009.0
26	45009.0
27	45009.0
28	45009.0
29	45009.0
30	74113.0
31	74113.0
32	74113.0
33	74113.0
34	74113.0
35	24286.0
36	24286.0
37	24286.0
38	24286.0
39	24286.0
40	33023.0
41	33023.0
42	33023.0
43	33023.0
44	33023.0
45	36450.0
46	36450.0
47	36450.0
48	36450.0
49	36450.0
50	96930.0
51	96930.0
52	96930.0
53	96930.0
54	96930.0
55	57367.0
56	57367.0
57	57367.0
58	57367.0
59	57367.0
60	80851.0
61	80851.0
62	80851.0
63	80851.0
64	80851.0
65	65290.0
66	65290.0
67	65290.0
68	65290.0
69	65290.0
70	84699.0
71	84699.0
72	84699.0
73	84699.0
74	84699.0
75	26259.0
76	26259.0
77	26259.0
78	26259.0
79	26259.0
80	92134.0
81	92134.0
82	92134.0
83	92134.0
84	92134.0
85	90627.0
86	90627.0
87	90627.0
88	90627.0
89	90627.0
90	14640.0
91	14640.0
92	14640.0
93	14640.0
94	14640.0
95	15025.0
96	15025.0
97	15025.0
98	15025.0
99	15025.0
100	15846.0
101	15846.0
102	15846.0
103	15846.0
104	15846.0
105	79001.0
106	79001.0
107	79001.0
108	79001.0
109	79001.0
110	60661.0
111	60661.0
112	60661.0
113	60661.0
114	60661.0
115	88119.0
116	88119.0
117	88119.0
118	88119.0
119	88119.0
120	40437.0
121	40437.0
122	40437.0
123	40437.0
124	40437.0
125	30912.0
126	30912.0
127	30912.0
128	30912.0
129	30912.0
130	40571.0
131	40571.0
132	40571.0
133	40571.0
134	40571.0
135	23264.0
136	23264.0
137	23264.0
138	23264.0
139	23264.0
140	75121.0
141	75121.0
142	75121.0
143	75121.0
144	75121.0
145	54057.0
146	54057.0
147	54057.0
148	54057.0
149	54057.0
150	9365.0
151	9365.0
152	9365.0
153	9365.0
154	9365.0
155	16541.0
156	16541.0
157	16541.0
158	16541.0
159	16541.0
160	72190.0
161	72190.0
162	72190.0
163	72190.0
164	72190.0
165	20815.0
166	20815.0
167	20815.0
168	20815.0
169	20815.0
170	54170.0
171	54170.0
172	54170.0
173	54170.0
174	54170.0
175	36726.0
176	36726.0
177	36726.0
178	36726.0
179	36726.0
180	15373.0
181	15373.0
182	15373.0
183	15373.0
184	15373.0
185	95953.0
186	95953.0
187	95953.0
188	95953.0
189	95953.0
190	47953.0
191	47953.0
192	47953.0
193	47953.0
194	47953.0
195	59452.0
196	59452.0
197	59452.0
198	59452.0
199	59452.0
200	77961.0
201	77961.0
202	77961.0
203	77961.0
204	77961.0
205	82615.0
206	82615.0
207	82615.0
208	82615.0
209	82615.0
210	74914.0
211	74914.0
212	74914.0
213	74914.0
214	74914.0
215	97105.0
216	97105.0
217	97105.0
218	97105.0
219	97105.0
220	75670.0
221	75670.0
222	75670.0
223	75670.0
224	75670.0
225	7531.0
226	7531.0
227	7531.0
228	7531.0
229	7531.0
230	30522.0
231	30522.0
232	30522.0
233	30522.0
234	30522.0
235	20173.0
236	20173.0
237	20173.0
238	20173.0
239	20173.0
240	76436.0
241	76436.0
242	76436.0
243	76436.0
244	76436.0
245	67035.0
246	67035.0
247	67035.0
248	67035.0
249	67035.0
