0	40549.0
1	40549.0
2	40549.0
3	40549.0
4	40549.0
5	42704.0
6	42704.0
7	42704.0
8	42704.0
9	42704.0
10	8252.0
11	8252.0
12	8252.0
13	8252.0
14	8252.0
15	93957.0
16	93957.0
17	93957.0
18	93957.0
19	93957.0
20	2299.0
21	2299.0
22	2299.0
23	2299.0
24	2299.0
25	13425.0
26	13425.0
27	13425.0
28	13425.0
29	13425.0
30	15930.0
31	15930.0
32	15930.0
33	15930.0
34	15930.0
35	31475.0
36	31475.0
37	31475.0
38	31475.0
39	31475.0
40	8337.0
41	8337.0
42	8337.0
43	8337.0
44	8337.0
45	70915.0
46	70915.0
47	70915.0
48	70915.0
49	70915.0
50	77437.0
51	77437.0
52	77437.0
53	77437.0
54	77437.0
55	59698.0
56	59698.0
57	59698.0
58	59698.0
59	59698.0
60	37997.0
61	37997.0
62	37997.0
63	37997.0
64	37997.0
65	72899.0
66	72899.0
67	72899.0
68	72899.0
69	72899.0
70	7097.0
71	7097.0
72	7097.0
73	7097.0
74	7097.0
75	16882.0
76	16882.0
77	16882.0
78	16882.0
79	16882.0
80	70399.0
81	70399.0
82	70399.0
83	70399.0
84	70399.0
85	5279.0
86	5279.0
87	5279.0
88	5279.0
89	5279.0
90	30882.0
91	30882.0
92	30882.0
93	30882.0
94	30882.0
95	50455.0
96	50455.0
97	50455.0
98	50455.0
99	50455.0
100	34472.0
101	34472.0
102	34472.0
103	34472.0
104	34472.0
105	34005.0
106	34005.0
107	34005.0
108	34005.0
109	34005.0
110	83392.0
111	83392.0
112	83392.0
113	83392.0
114	83392.0
115	90625.0
116	90625.0
117	90625.0
118	90625.0
119	90625.0
120	25010.0
121	25010.0
122	25010.0
123	25010.0
124	25010.0
125	62073.0
126	62073.0
127	62073.0
128	62073.0
129	62073.0
130	16905.0
131	16905.0
132	16905.0
133	16905.0
134	16905.0
135	79760.0
136	79760.0
137	79760.0
138	79760.0
139	79760.0
140	24670.0
141	24670.0
142	24670.0
143	24670.0
144	24670.0
145	47056.0
146	47056.0
147	47056.0
148	47056.0
149	47056.0
150	42770.0
151	42770.0
152	42770.0
153	42770.0
154	42770.0
155	85012.0
156	85012.0
157	85012.0
158	85012.0
159	85012.0
160	90861.0
161	90861.0
162	90861.0
163	90861.0
164	90861.0
165	53500.0
166	53500.0
167	53500.0
168	53500.0
169	53500.0
170	92216.0
171	92216.0
172	92216.0
173	92216.0
174	92216.0
175	59807.0
176	59807.0
177	59807.0
178	59807.0
179	59807.0
180	74900.0
181	74900.0
182	74900.0
183	74900.0
184	74900.0
185	71952.0
186	71952.0
187	71952.0
188	71952.0
189	71952.0
190	45494.0
191	45494.0
192	45494.0
193	45494.0
194	45494.0
195	76649.0
196	76649.0
197	76649.0
198	76649.0
199	76649.0
200	1233.0
201	1233.0
202	1233.0
203	1233.0
204	1233.0
205	49440.0
206	49440.0
207	49440.0
208	49440.0
209	49440.0
210	17762.0
211	17762.0
212	17762.0
213	17762.0
214	17762.0
215	41829.0
216	41829.0
217	41829.0
218	41829.0
219	41829.0
220	26007.0
221	26007.0
222	26007.0
223	26007.0
224	26007.0
225	26997.0
226	26997.0
227	26997.0
228	26997.0
229	26997.0
230	14032.0
231	14032.0
232	14032.0
233	14032.0
234	14032.0
235	14149.0
236	14149.0
237	14149.0
238	14149.0
239	14149.0
240	48826.0
241	48826.0
242	48826.0
243	48826.0
244	48826.0
245	96587.0
246	96587.0
247	96587.0
248	96587.0
249	96587.0
