0	53907.0
1	53907.0
2	53907.0
3	53907.0
4	53907.0
5	52501.0
6	52501.0
7	52501.0
8	52501.0
9	52501.0
10	27940.0
11	27940.0
12	27940.0
13	27940.0
14	27940.0
15	6890.0
16	6890.0
17	6890.0
18	6890.0
19	6890.0
20	25296.0
21	25296.0
22	25296.0
23	25296.0
24	25296.0
25	51738.0
26	51738.0
27	51738.0
28	51738.0
29	51738.0
30	40002.0
31	40002.0
32	40002.0
33	40002.0
34	40002.0
35	66930.0
36	66930.0
37	66930.0
38	66930.0
39	66930.0
40	10956.0
41	10956.0
42	10956.0
43	10956.0
44	10956.0
45	33347.0
46	33347.0
47	33347.0
48	33347.0
49	33347.0
50	34678.0
51	34678.0
52	34678.0
53	34678.0
54	34678.0
55	61712.0
56	61712.0
57	61712.0
58	61712.0
59	61712.0
60	25160.0
61	25160.0
62	25160.0
63	25160.0
64	25160.0
65	9800.0
66	9800.0
67	9800.0
68	9800.0
69	9800.0
70	26511.0
71	26511.0
72	26511.0
73	26511.0
74	26511.0
75	7052.0
76	7052.0
77	7052.0
78	7052.0
79	7052.0
80	10896.0
81	10896.0
82	10896.0
83	10896.0
84	10896.0
85	35794.0
86	35794.0
87	35794.0
88	35794.0
89	35794.0
90	4572.0
91	4572.0
92	4572.0
93	4572.0
94	4572.0
95	27942.0
96	27942.0
97	27942.0
98	27942.0
99	27942.0
100	39712.0
101	39712.0
102	39712.0
103	39712.0
104	39712.0
105	12289.0
106	12289.0
107	12289.0
108	12289.0
109	12289.0
110	59901.0
111	59901.0
112	59901.0
113	59901.0
114	59901.0
115	57405.0
116	57405.0
117	57405.0
118	57405.0
119	57405.0
120	54904.0
121	54904.0
122	54904.0
123	54904.0
124	54904.0
125	54366.0
126	54366.0
127	54366.0
128	54366.0
129	54366.0
130	24383.0
131	24383.0
132	24383.0
133	24383.0
134	24383.0
135	3650.0
136	3650.0
137	3650.0
138	3650.0
139	3650.0
140	39740.0
141	39740.0
142	39740.0
143	39740.0
144	39740.0
145	60528.0
146	60528.0
147	60528.0
148	60528.0
149	60528.0
150	23872.0
151	23872.0
152	23872.0
153	23872.0
154	23872.0
155	60138.0
156	60138.0
157	60138.0
158	60138.0
159	60138.0
160	17798.0
161	17798.0
162	17798.0
163	17798.0
164	17798.0
165	26876.0
166	26876.0
167	26876.0
168	26876.0
169	26876.0
170	62844.0
171	62844.0
172	62844.0
173	62844.0
174	62844.0
175	62334.0
176	62334.0
177	62334.0
178	62334.0
179	62334.0
180	16393.0
181	16393.0
182	16393.0
183	16393.0
184	16393.0
185	48253.0
186	48253.0
187	48253.0
188	48253.0
189	48253.0
190	37833.0
191	37833.0
192	37833.0
193	37833.0
194	37833.0
195	9636.0
196	9636.0
197	9636.0
198	9636.0
199	9636.0
200	54033.0
201	54033.0
202	54033.0
203	54033.0
204	54033.0
205	36059.0
206	36059.0
207	36059.0
208	36059.0
209	36059.0
210	55337.0
211	55337.0
212	55337.0
213	55337.0
214	55337.0
215	39013.0
216	39013.0
217	39013.0
218	39013.0
219	39013.0
220	23477.0
221	23477.0
222	23477.0
223	23477.0
224	23477.0
225	28012.0
226	28012.0
227	28012.0
228	28012.0
229	28012.0
230	17304.0
231	17304.0
232	17304.0
233	17304.0
234	17304.0
235	50681.0
236	50681.0
237	50681.0
238	50681.0
239	50681.0
240	13437.0
241	13437.0
242	13437.0
243	13437.0
244	13437.0
245	34087.0
246	34087.0
247	34087.0
248	34087.0
249	34087.0
