0	50141.0
1	50141.0
2	50141.0
3	50141.0
4	50141.0
5	49824.0
6	49824.0
7	49824.0
8	49824.0
9	49824.0
10	41049.0
11	41049.0
12	41049.0
13	41049.0
14	41049.0
15	29226.0
16	29226.0
17	29226.0
18	29226.0
19	29226.0
20	31579.0
21	31579.0
22	31579.0
23	31579.0
24	31579.0
25	28583.0
26	28583.0
27	28583.0
28	28583.0
29	28583.0
30	23834.0
31	23834.0
32	23834.0
33	23834.0
34	23834.0
35	58832.0
36	58832.0
37	58832.0
38	58832.0
39	58832.0
40	30442.0
41	30442.0
42	30442.0
43	30442.0
44	30442.0
45	40626.0
46	40626.0
47	40626.0
48	40626.0
49	40626.0
50	42760.0
51	42760.0
52	42760.0
53	42760.0
54	42760.0
55	68002.0
56	68002.0
57	68002.0
58	68002.0
59	68002.0
60	12946.0
61	12946.0
62	12946.0
63	12946.0
64	12946.0
65	66516.0
66	66516.0
67	66516.0
68	66516.0
69	66516.0
70	31986.0
71	31986.0
72	31986.0
73	31986.0
74	31986.0
75	10315.0
76	10315.0
77	10315.0
78	10315.0
79	10315.0
80	40613.0
81	40613.0
82	40613.0
83	40613.0
84	40613.0
85	6900.0
86	6900.0
87	6900.0
88	6900.0
89	6900.0
90	57295.0
91	57295.0
92	57295.0
93	57295.0
94	57295.0
95	7840.0
96	7840.0
97	7840.0
98	7840.0
99	7840.0
100	25971.0
101	25971.0
102	25971.0
103	25971.0
104	25971.0
105	23220.0
106	23220.0
107	23220.0
108	23220.0
109	23220.0
110	48971.0
111	48971.0
112	48971.0
113	48971.0
114	48971.0
115	61713.0
116	61713.0
117	61713.0
118	61713.0
119	61713.0
120	14246.0
121	14246.0
122	14246.0
123	14246.0
124	14246.0
125	1067.0
126	1067.0
127	1067.0
128	1067.0
129	1067.0
130	23343.0
131	23343.0
132	23343.0
133	23343.0
134	23343.0
135	44631.0
136	44631.0
137	44631.0
138	44631.0
139	44631.0
140	19812.0
141	19812.0
142	19812.0
143	19812.0
144	19812.0
145	9383.0
146	9383.0
147	9383.0
148	9383.0
149	9383.0
150	55862.0
151	55862.0
152	55862.0
153	55862.0
154	55862.0
155	64160.0
156	64160.0
157	64160.0
158	64160.0
159	64160.0
160	38083.0
161	38083.0
162	38083.0
163	38083.0
164	38083.0
165	58184.0
166	58184.0
167	58184.0
168	58184.0
169	58184.0
170	34848.0
171	34848.0
172	34848.0
173	34848.0
174	34848.0
175	4766.0
176	4766.0
177	4766.0
178	4766.0
179	4766.0
180	5943.0
181	5943.0
182	5943.0
183	5943.0
184	5943.0
185	21687.0
186	21687.0
187	21687.0
188	21687.0
189	21687.0
190	9928.0
191	9928.0
192	9928.0
193	9928.0
194	9928.0
195	14734.0
196	14734.0
197	14734.0
198	14734.0
199	14734.0
200	11734.0
201	11734.0
202	11734.0
203	11734.0
204	11734.0
205	28911.0
206	28911.0
207	28911.0
208	28911.0
209	28911.0
210	43980.0
211	43980.0
212	43980.0
213	43980.0
214	43980.0
215	8751.0
216	8751.0
217	8751.0
218	8751.0
219	8751.0
220	40476.0
221	40476.0
222	40476.0
223	40476.0
224	40476.0
225	14971.0
226	14971.0
227	14971.0
228	14971.0
229	14971.0
230	58637.0
231	58637.0
232	58637.0
233	58637.0
234	58637.0
235	52530.0
236	52530.0
237	52530.0
238	52530.0
239	52530.0
240	61041.0
241	61041.0
242	61041.0
243	61041.0
244	61041.0
245	3318.0
246	3318.0
247	3318.0
248	3318.0
249	3318.0
