0	23030.0
1	23030.0
2	23030.0
3	23030.0
4	23030.0
5	43198.0
6	43198.0
7	43198.0
8	43198.0
9	43198.0
10	4682.0
11	4682.0
12	4682.0
13	4682.0
14	4682.0
15	60678.0
16	60678.0
17	60678.0
18	60678.0
19	60678.0
20	4937.0
21	4937.0
22	4937.0
23	4937.0
24	4937.0
25	9336.0
26	9336.0
27	9336.0
28	9336.0
29	9336.0
30	34701.0
31	34701.0
32	34701.0
33	34701.0
34	34701.0
35	40739.0
36	40739.0
37	40739.0
38	40739.0
39	40739.0
40	19840.0
41	19840.0
42	19840.0
43	19840.0
44	19840.0
45	14263.0
46	14263.0
47	14263.0
48	14263.0
49	14263.0
50	63734.0
51	63734.0
52	63734.0
53	63734.0
54	63734.0
55	35581.0
56	35581.0
57	35581.0
58	35581.0
59	35581.0
60	29582.0
61	29582.0
62	29582.0
63	29582.0
64	29582.0
65	7790.0
66	7790.0
67	7790.0
68	7790.0
69	7790.0
70	3249.0
71	3249.0
72	3249.0
73	3249.0
74	3249.0
75	47059.0
76	47059.0
77	47059.0
78	47059.0
79	47059.0
80	51910.0
81	51910.0
82	51910.0
83	51910.0
84	51910.0
85	57359.0
86	57359.0
87	57359.0
88	57359.0
89	57359.0
90	30729.0
91	30729.0
92	30729.0
93	30729.0
94	30729.0
95	24854.0
96	24854.0
97	24854.0
98	24854.0
99	24854.0
100	32503.0
101	32503.0
102	32503.0
103	32503.0
104	32503.0
105	34767.0
106	34767.0
107	34767.0
108	34767.0
109	34767.0
110	62002.0
111	62002.0
112	62002.0
113	62002.0
114	62002.0
115	21823.0
116	21823.0
117	21823.0
118	21823.0
119	21823.0
120	7947.0
121	7947.0
122	7947.0
123	7947.0
124	7947.0
125	17541.0
126	17541.0
127	17541.0
128	17541.0
129	17541.0
130	13386.0
131	13386.0
132	13386.0
133	13386.0
134	13386.0
135	47619.0
136	47619.0
137	47619.0
138	47619.0
139	47619.0
140	31187.0
141	31187.0
142	31187.0
143	31187.0
144	31187.0
145	63326.0
146	63326.0
147	63326.0
148	63326.0
149	63326.0
150	57055.0
151	57055.0
152	57055.0
153	57055.0
154	57055.0
155	13878.0
156	13878.0
157	13878.0
158	13878.0
159	13878.0
160	13436.0
161	13436.0
162	13436.0
163	13436.0
164	13436.0
165	34694.0
166	34694.0
167	34694.0
168	34694.0
169	34694.0
170	55412.0
171	55412.0
172	55412.0
173	55412.0
174	55412.0
175	6951.0
176	6951.0
177	6951.0
178	6951.0
179	6951.0
180	31297.0
181	31297.0
182	31297.0
183	31297.0
184	31297.0
185	43185.0
186	43185.0
187	43185.0
188	43185.0
189	43185.0
190	12743.0
191	12743.0
192	12743.0
193	12743.0
194	12743.0
195	5389.0
196	5389.0
197	5389.0
198	5389.0
199	5389.0
200	30366.0
201	30366.0
202	30366.0
203	30366.0
204	30366.0
205	54780.0
206	54780.0
207	54780.0
208	54780.0
209	54780.0
210	20660.0
211	20660.0
212	20660.0
213	20660.0
214	20660.0
215	46116.0
216	46116.0
217	46116.0
218	46116.0
219	46116.0
220	39769.0
221	39769.0
222	39769.0
223	39769.0
224	39769.0
225	57361.0
226	57361.0
227	57361.0
228	57361.0
229	57361.0
230	4179.0
231	4179.0
232	4179.0
233	4179.0
234	4179.0
235	58561.0
236	58561.0
237	58561.0
238	58561.0
239	58561.0
240	62480.0
241	62480.0
242	62480.0
243	62480.0
244	62480.0
245	57612.0
246	57612.0
247	57612.0
248	57612.0
249	57612.0
