0	18104.0
1	18104.0
2	18104.0
3	18104.0
4	18104.0
5	16959.0
6	16959.0
7	16959.0
8	16959.0
9	16959.0
10	10919.0
11	10919.0
12	10919.0
13	10919.0
14	10919.0
15	10594.0
16	10594.0
17	10594.0
18	10594.0
19	10594.0
20	14231.0
21	14231.0
22	14231.0
23	14231.0
24	14231.0
25	55971.0
26	55971.0
27	55971.0
28	55971.0
29	55971.0
30	834.0
31	834.0
32	834.0
33	834.0
34	834.0
35	48698.0
36	48698.0
37	48698.0
38	48698.0
39	48698.0
40	23734.0
41	23734.0
42	23734.0
43	23734.0
44	23734.0
45	45338.0
46	45338.0
47	45338.0
48	45338.0
49	45338.0
50	17464.0
51	17464.0
52	17464.0
53	17464.0
54	17464.0
55	4374.0
56	4374.0
57	4374.0
58	4374.0
59	4374.0
60	51762.0
61	51762.0
62	51762.0
63	51762.0
64	51762.0
65	47603.0
66	47603.0
67	47603.0
68	47603.0
69	47603.0
70	18032.0
71	18032.0
72	18032.0
73	18032.0
74	18032.0
75	6332.0
76	6332.0
77	6332.0
78	6332.0
79	6332.0
80	53987.0
81	53987.0
82	53987.0
83	53987.0
84	53987.0
85	17696.0
86	17696.0
87	17696.0
88	17696.0
89	17696.0
90	49932.0
91	49932.0
92	49932.0
93	49932.0
94	49932.0
95	24107.0
96	24107.0
97	24107.0
98	24107.0
99	24107.0
100	11501.0
101	11501.0
102	11501.0
103	11501.0
104	11501.0
105	57696.0
106	57696.0
107	57696.0
108	57696.0
109	57696.0
110	19213.0
111	19213.0
112	19213.0
113	19213.0
114	19213.0
115	39937.0
116	39937.0
117	39937.0
118	39937.0
119	39937.0
120	657.0
121	657.0
122	657.0
123	657.0
124	657.0
125	16966.0
126	16966.0
127	16966.0
128	16966.0
129	16966.0
130	51416.0
131	51416.0
132	51416.0
133	51416.0
134	51416.0
135	37546.0
136	37546.0
137	37546.0
138	37546.0
139	37546.0
140	22270.0
141	22270.0
142	22270.0
143	22270.0
144	22270.0
145	50375.0
146	50375.0
147	50375.0
148	50375.0
149	50375.0
150	6208.0
151	6208.0
152	6208.0
153	6208.0
154	6208.0
155	29565.0
156	29565.0
157	29565.0
158	29565.0
159	29565.0
160	4835.0
161	4835.0
162	4835.0
163	4835.0
164	4835.0
165	28035.0
166	28035.0
167	28035.0
168	28035.0
169	28035.0
170	13450.0
171	13450.0
172	13450.0
173	13450.0
174	13450.0
175	10697.0
176	10697.0
177	10697.0
178	10697.0
179	10697.0
180	42368.0
181	42368.0
182	42368.0
183	42368.0
184	42368.0
185	7765.0
186	7765.0
187	7765.0
188	7765.0
189	7765.0
190	35416.0
191	35416.0
192	35416.0
193	35416.0
194	35416.0
195	38426.0
196	38426.0
197	38426.0
198	38426.0
199	38426.0
200	17148.0
201	17148.0
202	17148.0
203	17148.0
204	17148.0
205	50419.0
206	50419.0
207	50419.0
208	50419.0
209	50419.0
210	18624.0
211	18624.0
212	18624.0
213	18624.0
214	18624.0
215	16685.0
216	16685.0
217	16685.0
218	16685.0
219	16685.0
220	29998.0
221	29998.0
222	29998.0
223	29998.0
224	29998.0
225	13775.0
226	13775.0
227	13775.0
228	13775.0
229	13775.0
230	21480.0
231	21480.0
232	21480.0
233	21480.0
234	21480.0
235	6624.0
236	6624.0
237	6624.0
238	6624.0
239	6624.0
240	32288.0
241	32288.0
242	32288.0
243	32288.0
244	32288.0
245	7063.0
246	7063.0
247	7063.0
248	7063.0
249	7063.0
