0	15899.0
1	15899.0
2	15899.0
3	15899.0
4	15899.0
5	57694.0
6	57694.0
7	57694.0
8	57694.0
9	57694.0
10	46456.0
11	46456.0
12	46456.0
13	46456.0
14	46456.0
15	13652.0
16	13652.0
17	13652.0
18	13652.0
19	13652.0
20	22024.0
21	22024.0
22	22024.0
23	22024.0
24	22024.0
25	25850.0
26	25850.0
27	25850.0
28	25850.0
29	25850.0
30	53030.0
31	53030.0
32	53030.0
33	53030.0
34	53030.0
35	4877.0
36	4877.0
37	4877.0
38	4877.0
39	4877.0
40	61779.0
41	61779.0
42	61779.0
43	61779.0
44	61779.0
45	10746.0
46	10746.0
47	10746.0
48	10746.0
49	10746.0
50	47538.0
51	47538.0
52	47538.0
53	47538.0
54	47538.0
55	40099.0
56	40099.0
57	40099.0
58	40099.0
59	40099.0
60	20355.0
61	20355.0
62	20355.0
63	20355.0
64	20355.0
65	42616.0
66	42616.0
67	42616.0
68	42616.0
69	42616.0
70	102.0
71	102.0
72	102.0
73	102.0
74	102.0
75	55738.0
76	55738.0
77	55738.0
78	55738.0
79	55738.0
80	20446.0
81	20446.0
82	20446.0
83	20446.0
84	20446.0
85	39846.0
86	39846.0
87	39846.0
88	39846.0
89	39846.0
90	61572.0
91	61572.0
92	61572.0
93	61572.0
94	61572.0
95	26311.0
96	26311.0
97	26311.0
98	26311.0
99	26311.0
100	4620.0
101	4620.0
102	4620.0
103	4620.0
104	4620.0
105	2489.0
106	2489.0
107	2489.0
108	2489.0
109	2489.0
110	27327.0
111	27327.0
112	27327.0
113	27327.0
114	27327.0
115	9747.0
116	9747.0
117	9747.0
118	9747.0
119	9747.0
120	35244.0
121	35244.0
122	35244.0
123	35244.0
124	35244.0
125	15133.0
126	15133.0
127	15133.0
128	15133.0
129	15133.0
130	24286.0
131	24286.0
132	24286.0
133	24286.0
134	24286.0
135	13307.0
136	13307.0
137	13307.0
138	13307.0
139	13307.0
140	8730.0
141	8730.0
142	8730.0
143	8730.0
144	8730.0
145	32051.0
146	32051.0
147	32051.0
148	32051.0
149	32051.0
150	18977.0
151	18977.0
152	18977.0
153	18977.0
154	18977.0
155	58929.0
156	58929.0
157	58929.0
158	58929.0
159	58929.0
160	9817.0
161	9817.0
162	9817.0
163	9817.0
164	9817.0
165	44956.0
166	44956.0
167	44956.0
168	44956.0
169	44956.0
170	18251.0
171	18251.0
172	18251.0
173	18251.0
174	18251.0
175	49001.0
176	49001.0
177	49001.0
178	49001.0
179	49001.0
180	57363.0
181	57363.0
182	57363.0
183	57363.0
184	57363.0
185	44719.0
186	44719.0
187	44719.0
188	44719.0
189	44719.0
190	7563.0
191	7563.0
192	7563.0
193	7563.0
194	7563.0
195	53989.0
196	53989.0
197	53989.0
198	53989.0
199	53989.0
200	843.0
201	843.0
202	843.0
203	843.0
204	843.0
205	8510.0
206	8510.0
207	8510.0
208	8510.0
209	8510.0
210	45699.0
211	45699.0
212	45699.0
213	45699.0
214	45699.0
215	42164.0
216	42164.0
217	42164.0
218	42164.0
219	42164.0
220	40216.0
221	40216.0
222	40216.0
223	40216.0
224	40216.0
225	61334.0
226	61334.0
227	61334.0
228	61334.0
229	61334.0
230	54943.0
231	54943.0
232	54943.0
233	54943.0
234	54943.0
235	40356.0
236	40356.0
237	40356.0
238	40356.0
239	40356.0
240	12105.0
241	12105.0
242	12105.0
243	12105.0
244	12105.0
245	20965.0
246	20965.0
247	20965.0
248	20965.0
249	20965.0
