0	46142.0
1	46142.0
2	46142.0
3	46142.0
4	46142.0
5	38461.0
6	38461.0
7	38461.0
8	38461.0
9	38461.0
10	17612.0
11	17612.0
12	17612.0
13	17612.0
14	17612.0
15	9258.0
16	9258.0
17	9258.0
18	9258.0
19	9258.0
20	39967.0
21	39967.0
22	39967.0
23	39967.0
24	39967.0
25	23775.0
26	23775.0
27	23775.0
28	23775.0
29	23775.0
30	2225.0
31	2225.0
32	2225.0
33	2225.0
34	2225.0
35	26208.0
36	26208.0
37	26208.0
38	26208.0
39	26208.0
40	54082.0
41	54082.0
42	54082.0
43	54082.0
44	54082.0
45	47417.0
46	47417.0
47	47417.0
48	47417.0
49	47417.0
50	3627.0
51	3627.0
52	3627.0
53	3627.0
54	3627.0
55	19243.0
56	19243.0
57	19243.0
58	19243.0
59	19243.0
60	7382.0
61	7382.0
62	7382.0
63	7382.0
64	7382.0
65	39543.0
66	39543.0
67	39543.0
68	39543.0
69	39543.0
70	16681.0
71	16681.0
72	16681.0
73	16681.0
74	16681.0
75	10647.0
76	10647.0
77	10647.0
78	10647.0
79	10647.0
80	60875.0
81	60875.0
82	60875.0
83	60875.0
84	60875.0
85	8999.0
86	8999.0
87	8999.0
88	8999.0
89	8999.0
90	29031.0
91	29031.0
92	29031.0
93	29031.0
94	29031.0
95	51012.0
96	51012.0
97	51012.0
98	51012.0
99	51012.0
100	4416.0
101	4416.0
102	4416.0
103	4416.0
104	4416.0
105	41011.0
106	41011.0
107	41011.0
108	41011.0
109	41011.0
110	6543.0
111	6543.0
112	6543.0
113	6543.0
114	6543.0
115	52983.0
116	52983.0
117	52983.0
118	52983.0
119	52983.0
120	9664.0
121	9664.0
122	9664.0
123	9664.0
124	9664.0
125	30959.0
126	30959.0
127	30959.0
128	30959.0
129	30959.0
130	42999.0
131	42999.0
132	42999.0
133	42999.0
134	42999.0
135	41075.0
136	41075.0
137	41075.0
138	41075.0
139	41075.0
140	14684.0
141	14684.0
142	14684.0
143	14684.0
144	14684.0
145	37570.0
146	37570.0
147	37570.0
148	37570.0
149	37570.0
150	47011.0
151	47011.0
152	47011.0
153	47011.0
154	47011.0
155	67346.0
156	67346.0
157	67346.0
158	67346.0
159	67346.0
160	38734.0
161	38734.0
162	38734.0
163	38734.0
164	38734.0
165	49449.0
166	49449.0
167	49449.0
168	49449.0
169	49449.0
170	45055.0
171	45055.0
172	45055.0
173	45055.0
174	45055.0
175	27937.0
176	27937.0
177	27937.0
178	27937.0
179	27937.0
180	60305.0
181	60305.0
182	60305.0
183	60305.0
184	60305.0
185	51962.0
186	51962.0
187	51962.0
188	51962.0
189	51962.0
190	49839.0
191	49839.0
192	49839.0
193	49839.0
194	49839.0
195	48723.0
196	48723.0
197	48723.0
198	48723.0
199	48723.0
200	58675.0
201	58675.0
202	58675.0
203	58675.0
204	58675.0
205	65542.0
206	65542.0
207	65542.0
208	65542.0
209	65542.0
210	16292.0
211	16292.0
212	16292.0
213	16292.0
214	16292.0
215	66425.0
216	66425.0
217	66425.0
218	66425.0
219	66425.0
220	40896.0
221	40896.0
222	40896.0
223	40896.0
224	40896.0
225	29212.0
226	29212.0
227	29212.0
228	29212.0
229	29212.0
230	26713.0
231	26713.0
232	26713.0
233	26713.0
234	26713.0
235	30123.0
236	30123.0
237	30123.0
238	30123.0
239	30123.0
240	48511.0
241	48511.0
242	48511.0
243	48511.0
244	48511.0
245	39475.0
246	39475.0
247	39475.0
248	39475.0
249	39475.0
