0	198851.0
1	198851.0
2	198851.0
3	198851.0
4	198851.0
5	37609.0
6	37609.0
7	37609.0
8	37609.0
9	37609.0
10	235775.0
11	235775.0
12	235775.0
13	235775.0
14	235775.0
15	114392.0
16	114392.0
17	114392.0
18	114392.0
19	114392.0
20	154347.0
21	154347.0
22	154347.0
23	154347.0
24	154347.0
25	207934.0
26	207934.0
27	207934.0
28	207934.0
29	207934.0
30	201923.0
31	201923.0
32	201923.0
33	201923.0
34	201923.0
35	194399.0
36	194399.0
37	194399.0
38	194399.0
39	194399.0
40	24012.0
41	24012.0
42	24012.0
43	24012.0
44	24012.0
45	154835.0
46	154835.0
47	154835.0
48	154835.0
49	154835.0
50	47079.0
51	47079.0
52	47079.0
53	47079.0
54	47079.0
55	133311.0
56	133311.0
57	133311.0
58	133311.0
59	133311.0
60	18490.0
61	18490.0
62	18490.0
63	18490.0
64	18490.0
65	133987.0
66	133987.0
67	133987.0
68	133987.0
69	133987.0
70	75528.0
71	75528.0
72	75528.0
73	75528.0
74	75528.0
75	169073.0
76	169073.0
77	169073.0
78	169073.0
79	169073.0
80	163103.0
81	163103.0
82	163103.0
83	163103.0
84	163103.0
85	129857.0
86	129857.0
87	129857.0
88	129857.0
89	129857.0
90	98076.0
91	98076.0
92	98076.0
93	98076.0
94	98076.0
95	52633.0
96	52633.0
97	52633.0
98	52633.0
99	52633.0
100	31066.0
101	31066.0
102	31066.0
103	31066.0
104	31066.0
105	9419.0
106	9419.0
107	9419.0
108	9419.0
109	9419.0
110	12119.0
111	12119.0
112	12119.0
113	12119.0
114	12119.0
115	238190.0
116	238190.0
117	238190.0
118	238190.0
119	238190.0
120	90138.0
121	90138.0
122	90138.0
123	90138.0
124	90138.0
125	146417.0
126	146417.0
127	146417.0
128	146417.0
129	146417.0
130	200820.0
131	200820.0
132	200820.0
133	200820.0
134	200820.0
135	138340.0
136	138340.0
137	138340.0
138	138340.0
139	138340.0
140	138054.0
141	138054.0
142	138054.0
143	138054.0
144	138054.0
145	113841.0
146	113841.0
147	113841.0
148	113841.0
149	113841.0
150	185232.0
151	185232.0
152	185232.0
153	185232.0
154	185232.0
155	104873.0
156	104873.0
157	104873.0
158	104873.0
159	104873.0
160	187835.0
161	187835.0
162	187835.0
163	187835.0
164	187835.0
165	218791.0
166	218791.0
167	218791.0
168	218791.0
169	218791.0
170	10130.0
171	10130.0
172	10130.0
173	10130.0
174	10130.0
175	92590.0
176	92590.0
177	92590.0
178	92590.0
179	92590.0
180	171536.0
181	171536.0
182	171536.0
183	171536.0
184	171536.0
185	134566.0
186	134566.0
187	134566.0
188	134566.0
189	134566.0
190	97759.0
191	97759.0
192	97759.0
193	97759.0
194	97759.0
195	218269.0
196	218269.0
197	218269.0
198	218269.0
199	218269.0
200	199183.0
201	199183.0
202	199183.0
203	199183.0
204	199183.0
205	112346.0
206	112346.0
207	112346.0
208	112346.0
209	112346.0
210	96629.0
211	96629.0
212	96629.0
213	96629.0
214	96629.0
215	102641.0
216	102641.0
217	102641.0
218	102641.0
219	102641.0
220	212003.0
221	212003.0
222	212003.0
223	212003.0
224	212003.0
225	182886.0
226	182886.0
227	182886.0
228	182886.0
229	182886.0
230	125886.0
231	125886.0
232	125886.0
233	125886.0
234	125886.0
235	61362.0
236	61362.0
237	61362.0
238	61362.0
239	61362.0
240	149388.0
241	149388.0
242	149388.0
243	149388.0
244	149388.0
245	185067.0
246	185067.0
247	185067.0
248	185067.0
249	185067.0
