0	139489.0
1	139489.0
2	139489.0
3	139489.0
4	139489.0
5	228102.0
6	228102.0
7	228102.0
8	228102.0
9	228102.0
10	85314.0
11	85314.0
12	85314.0
13	85314.0
14	85314.0
15	126424.0
16	126424.0
17	126424.0
18	126424.0
19	126424.0
20	87554.0
21	87554.0
22	87554.0
23	87554.0
24	87554.0
25	182624.0
26	182624.0
27	182624.0
28	182624.0
29	182624.0
30	75670.0
31	75670.0
32	75670.0
33	75670.0
34	75670.0
35	84701.0
36	84701.0
37	84701.0
38	84701.0
39	84701.0
40	20227.0
41	20227.0
42	20227.0
43	20227.0
44	20227.0
45	252166.0
46	252166.0
47	252166.0
48	252166.0
49	252166.0
50	99111.0
51	99111.0
52	99111.0
53	99111.0
54	99111.0
55	150806.0
56	150806.0
57	150806.0
58	150806.0
59	150806.0
60	165335.0
61	165335.0
62	165335.0
63	165335.0
64	165335.0
65	2807.0
66	2807.0
67	2807.0
68	2807.0
69	2807.0
70	14975.0
71	14975.0
72	14975.0
73	14975.0
74	14975.0
75	186147.0
76	186147.0
77	186147.0
78	186147.0
79	186147.0
80	233650.0
81	233650.0
82	233650.0
83	233650.0
84	233650.0
85	54605.0
86	54605.0
87	54605.0
88	54605.0
89	54605.0
90	94866.0
91	94866.0
92	94866.0
93	94866.0
94	94866.0
95	249941.0
96	249941.0
97	249941.0
98	249941.0
99	249941.0
100	111154.0
101	111154.0
102	111154.0
103	111154.0
104	111154.0
105	195391.0
106	195391.0
107	195391.0
108	195391.0
109	195391.0
110	237207.0
111	237207.0
112	237207.0
113	237207.0
114	237207.0
115	78724.0
116	78724.0
117	78724.0
118	78724.0
119	78724.0
120	72617.0
121	72617.0
122	72617.0
123	72617.0
124	72617.0
125	145091.0
126	145091.0
127	145091.0
128	145091.0
129	145091.0
130	75567.0
131	75567.0
132	75567.0
133	75567.0
134	75567.0
135	67444.0
136	67444.0
137	67444.0
138	67444.0
139	67444.0
140	19239.0
141	19239.0
142	19239.0
143	19239.0
144	19239.0
145	28842.0
146	28842.0
147	28842.0
148	28842.0
149	28842.0
150	242372.0
151	242372.0
152	242372.0
153	242372.0
154	242372.0
155	33084.0
156	33084.0
157	33084.0
158	33084.0
159	33084.0
160	106963.0
161	106963.0
162	106963.0
163	106963.0
164	106963.0
165	32392.0
166	32392.0
167	32392.0
168	32392.0
169	32392.0
170	161985.0
171	161985.0
172	161985.0
173	161985.0
174	161985.0
175	97677.0
176	97677.0
177	97677.0
178	97677.0
179	97677.0
180	78609.0
181	78609.0
182	78609.0
183	78609.0
184	78609.0
185	171064.0
186	171064.0
187	171064.0
188	171064.0
189	171064.0
190	148224.0
191	148224.0
192	148224.0
193	148224.0
194	148224.0
195	118088.0
196	118088.0
197	118088.0
198	118088.0
199	118088.0
200	94205.0
201	94205.0
202	94205.0
203	94205.0
204	94205.0
205	170093.0
206	170093.0
207	170093.0
208	170093.0
209	170093.0
210	118856.0
211	118856.0
212	118856.0
213	118856.0
214	118856.0
215	141600.0
216	141600.0
217	141600.0
218	141600.0
219	141600.0
220	13724.0
221	13724.0
222	13724.0
223	13724.0
224	13724.0
225	98078.0
226	98078.0
227	98078.0
228	98078.0
229	98078.0
230	13561.0
231	13561.0
232	13561.0
233	13561.0
234	13561.0
235	32579.0
236	32579.0
237	32579.0
238	32579.0
239	32579.0
240	237198.0
241	237198.0
242	237198.0
243	237198.0
244	237198.0
245	169426.0
246	169426.0
247	169426.0
248	169426.0
249	169426.0
