0	131367.0
1	131367.0
2	131367.0
3	131367.0
4	131367.0
5	119868.0
6	119868.0
7	119868.0
8	119868.0
9	119868.0
10	249475.0
11	249475.0
12	249475.0
13	249475.0
14	249475.0
15	197001.0
16	197001.0
17	197001.0
18	197001.0
19	197001.0
20	69770.0
21	69770.0
22	69770.0
23	69770.0
24	69770.0
25	67453.0
26	67453.0
27	67453.0
28	67453.0
29	67453.0
30	99943.0
31	99943.0
32	99943.0
33	99943.0
34	99943.0
35	140175.0
36	140175.0
37	140175.0
38	140175.0
39	140175.0
40	174726.0
41	174726.0
42	174726.0
43	174726.0
44	174726.0
45	151949.0
46	151949.0
47	151949.0
48	151949.0
49	151949.0
50	57419.0
51	57419.0
52	57419.0
53	57419.0
54	57419.0
55	137673.0
56	137673.0
57	137673.0
58	137673.0
59	137673.0
60	173689.0
61	173689.0
62	173689.0
63	173689.0
64	173689.0
65	63870.0
66	63870.0
67	63870.0
68	63870.0
69	63870.0
70	9045.0
71	9045.0
72	9045.0
73	9045.0
74	9045.0
75	97005.0
76	97005.0
77	97005.0
78	97005.0
79	97005.0
80	29419.0
81	29419.0
82	29419.0
83	29419.0
84	29419.0
85	57666.0
86	57666.0
87	57666.0
88	57666.0
89	57666.0
90	70542.0
91	70542.0
92	70542.0
93	70542.0
94	70542.0
95	192389.0
96	192389.0
97	192389.0
98	192389.0
99	192389.0
100	88469.0
101	88469.0
102	88469.0
103	88469.0
104	88469.0
105	30716.0
106	30716.0
107	30716.0
108	30716.0
109	30716.0
110	14866.0
111	14866.0
112	14866.0
113	14866.0
114	14866.0
115	25748.0
116	25748.0
117	25748.0
118	25748.0
119	25748.0
120	153697.0
121	153697.0
122	153697.0
123	153697.0
124	153697.0
125	186002.0
126	186002.0
127	186002.0
128	186002.0
129	186002.0
130	63245.0
131	63245.0
132	63245.0
133	63245.0
134	63245.0
135	80119.0
136	80119.0
137	80119.0
138	80119.0
139	80119.0
140	61277.0
141	61277.0
142	61277.0
143	61277.0
144	61277.0
145	103596.0
146	103596.0
147	103596.0
148	103596.0
149	103596.0
150	201908.0
151	201908.0
152	201908.0
153	201908.0
154	201908.0
155	237408.0
156	237408.0
157	237408.0
158	237408.0
159	237408.0
160	223928.0
161	223928.0
162	223928.0
163	223928.0
164	223928.0
165	245380.0
166	245380.0
167	245380.0
168	245380.0
169	245380.0
170	135196.0
171	135196.0
172	135196.0
173	135196.0
174	135196.0
175	207980.0
176	207980.0
177	207980.0
178	207980.0
179	207980.0
180	52942.0
181	52942.0
182	52942.0
183	52942.0
184	52942.0
185	38913.0
186	38913.0
187	38913.0
188	38913.0
189	38913.0
190	135755.0
191	135755.0
192	135755.0
193	135755.0
194	135755.0
195	51021.0
196	51021.0
197	51021.0
198	51021.0
199	51021.0
200	101871.0
201	101871.0
202	101871.0
203	101871.0
204	101871.0
205	85238.0
206	85238.0
207	85238.0
208	85238.0
209	85238.0
210	122043.0
211	122043.0
212	122043.0
213	122043.0
214	122043.0
215	200759.0
216	200759.0
217	200759.0
218	200759.0
219	200759.0
220	78063.0
221	78063.0
222	78063.0
223	78063.0
224	78063.0
225	2113.0
226	2113.0
227	2113.0
228	2113.0
229	2113.0
230	11662.0
231	11662.0
232	11662.0
233	11662.0
234	11662.0
235	218234.0
236	218234.0
237	218234.0
238	218234.0
239	218234.0
240	218965.0
241	218965.0
242	218965.0
243	218965.0
244	218965.0
245	109329.0
246	109329.0
247	109329.0
248	109329.0
249	109329.0
