0	130749.0
1	130749.0
2	130749.0
3	130749.0
4	130749.0
5	102425.0
6	102425.0
7	102425.0
8	102425.0
9	102425.0
10	113880.0
11	113880.0
12	113880.0
13	113880.0
14	113880.0
15	85034.0
16	85034.0
17	85034.0
18	85034.0
19	85034.0
20	242647.0
21	242647.0
22	242647.0
23	242647.0
24	242647.0
25	232553.0
26	232553.0
27	232553.0
28	232553.0
29	232553.0
30	112321.0
31	112321.0
32	112321.0
33	112321.0
34	112321.0
35	131263.0
36	131263.0
37	131263.0
38	131263.0
39	131263.0
40	14021.0
41	14021.0
42	14021.0
43	14021.0
44	14021.0
45	73168.0
46	73168.0
47	73168.0
48	73168.0
49	73168.0
50	69210.0
51	69210.0
52	69210.0
53	69210.0
54	69210.0
55	187368.0
56	187368.0
57	187368.0
58	187368.0
59	187368.0
60	59503.0
61	59503.0
62	59503.0
63	59503.0
64	59503.0
65	161790.0
66	161790.0
67	161790.0
68	161790.0
69	161790.0
70	30241.0
71	30241.0
72	30241.0
73	30241.0
74	30241.0
75	52680.0
76	52680.0
77	52680.0
78	52680.0
79	52680.0
80	105588.0
81	105588.0
82	105588.0
83	105588.0
84	105588.0
85	105147.0
86	105147.0
87	105147.0
88	105147.0
89	105147.0
90	100807.0
91	100807.0
92	100807.0
93	100807.0
94	100807.0
95	237354.0
96	237354.0
97	237354.0
98	237354.0
99	237354.0
100	226943.0
101	226943.0
102	226943.0
103	226943.0
104	226943.0
105	197779.0
106	197779.0
107	197779.0
108	197779.0
109	197779.0
110	155952.0
111	155952.0
112	155952.0
113	155952.0
114	155952.0
115	216125.0
116	216125.0
117	216125.0
118	216125.0
119	216125.0
120	190180.0
121	190180.0
122	190180.0
123	190180.0
124	190180.0
125	44820.0
126	44820.0
127	44820.0
128	44820.0
129	44820.0
130	76235.0
131	76235.0
132	76235.0
133	76235.0
134	76235.0
135	85178.0
136	85178.0
137	85178.0
138	85178.0
139	85178.0
140	150372.0
141	150372.0
142	150372.0
143	150372.0
144	150372.0
145	229557.0
146	229557.0
147	229557.0
148	229557.0
149	229557.0
150	197128.0
151	197128.0
152	197128.0
153	197128.0
154	197128.0
155	51707.0
156	51707.0
157	51707.0
158	51707.0
159	51707.0
160	81248.0
161	81248.0
162	81248.0
163	81248.0
164	81248.0
165	161406.0
166	161406.0
167	161406.0
168	161406.0
169	161406.0
170	227757.0
171	227757.0
172	227757.0
173	227757.0
174	227757.0
175	232552.0
176	232552.0
177	232552.0
178	232552.0
179	232552.0
180	207942.0
181	207942.0
182	207942.0
183	207942.0
184	207942.0
185	214305.0
186	214305.0
187	214305.0
188	214305.0
189	214305.0
190	9098.0
191	9098.0
192	9098.0
193	9098.0
194	9098.0
195	119270.0
196	119270.0
197	119270.0
198	119270.0
199	119270.0
200	9166.0
201	9166.0
202	9166.0
203	9166.0
204	9166.0
205	35713.0
206	35713.0
207	35713.0
208	35713.0
209	35713.0
210	150749.0
211	150749.0
212	150749.0
213	150749.0
214	150749.0
215	139978.0
216	139978.0
217	139978.0
218	139978.0
219	139978.0
220	58607.0
221	58607.0
222	58607.0
223	58607.0
224	58607.0
225	72854.0
226	72854.0
227	72854.0
228	72854.0
229	72854.0
230	232819.0
231	232819.0
232	232819.0
233	232819.0
234	232819.0
235	27827.0
236	27827.0
237	27827.0
238	27827.0
239	27827.0
240	150728.0
241	150728.0
242	150728.0
243	150728.0
244	150728.0
245	173170.0
246	173170.0
247	173170.0
248	173170.0
249	173170.0
