0	88905.0
1	88905.0
2	88905.0
3	88905.0
4	88905.0
5	6233.0
6	6233.0
7	6233.0
8	6233.0
9	6233.0
10	48755.0
11	48755.0
12	48755.0
13	48755.0
14	48755.0
15	56051.0
16	56051.0
17	56051.0
18	56051.0
19	56051.0
20	20816.0
21	20816.0
22	20816.0
23	20816.0
24	20816.0
25	35740.0
26	35740.0
27	35740.0
28	35740.0
29	35740.0
30	83454.0
31	83454.0
32	83454.0
33	83454.0
34	83454.0
35	68747.0
36	68747.0
37	68747.0
38	68747.0
39	68747.0
40	51637.0
41	51637.0
42	51637.0
43	51637.0
44	51637.0
45	51868.0
46	51868.0
47	51868.0
48	51868.0
49	51868.0
50	70995.0
51	70995.0
52	70995.0
53	70995.0
54	70995.0
55	83544.0
56	83544.0
57	83544.0
58	83544.0
59	83544.0
60	64873.0
61	64873.0
62	64873.0
63	64873.0
64	64873.0
65	82855.0
66	82855.0
67	82855.0
68	82855.0
69	82855.0
70	78294.0
71	78294.0
72	78294.0
73	78294.0
74	78294.0
75	86851.0
76	86851.0
77	86851.0
78	86851.0
79	86851.0
80	21838.0
81	21838.0
82	21838.0
83	21838.0
84	21838.0
85	40005.0
86	40005.0
87	40005.0
88	40005.0
89	40005.0
90	11515.0
91	11515.0
92	11515.0
93	11515.0
94	11515.0
95	36691.0
96	36691.0
97	36691.0
98	36691.0
99	36691.0
100	80484.0
101	80484.0
102	80484.0
103	80484.0
104	80484.0
105	9766.0
106	9766.0
107	9766.0
108	9766.0
109	9766.0
110	78499.0
111	78499.0
112	78499.0
113	78499.0
114	78499.0
115	27224.0
116	27224.0
117	27224.0
118	27224.0
119	27224.0
120	43691.0
121	43691.0
122	43691.0
123	43691.0
124	43691.0
125	84497.0
126	84497.0
127	84497.0
128	84497.0
129	84497.0
130	74631.0
131	74631.0
132	74631.0
133	74631.0
134	74631.0
135	21591.0
136	21591.0
137	21591.0
138	21591.0
139	21591.0
140	23068.0
141	23068.0
142	23068.0
143	23068.0
144	23068.0
145	76762.0
146	76762.0
147	76762.0
148	76762.0
149	76762.0
150	82813.0
151	82813.0
152	82813.0
153	82813.0
154	82813.0
155	30194.0
156	30194.0
157	30194.0
158	30194.0
159	30194.0
160	15176.0
161	15176.0
162	15176.0
163	15176.0
164	15176.0
165	53029.0
166	53029.0
167	53029.0
168	53029.0
169	53029.0
170	17292.0
171	17292.0
172	17292.0
173	17292.0
174	17292.0
175	16282.0
176	16282.0
177	16282.0
178	16282.0
179	16282.0
180	39726.0
181	39726.0
182	39726.0
183	39726.0
184	39726.0
185	69639.0
186	69639.0
187	69639.0
188	69639.0
189	69639.0
190	48723.0
191	48723.0
192	48723.0
193	48723.0
194	48723.0
195	36469.0
196	36469.0
197	36469.0
198	36469.0
199	36469.0
200	71504.0
201	71504.0
202	71504.0
203	71504.0
204	71504.0
205	78475.0
206	78475.0
207	78475.0
208	78475.0
209	78475.0
210	46964.0
211	46964.0
212	46964.0
213	46964.0
214	46964.0
215	86119.0
216	86119.0
217	86119.0
218	86119.0
219	86119.0
220	88371.0
221	88371.0
222	88371.0
223	88371.0
224	88371.0
225	40693.0
226	40693.0
227	40693.0
228	40693.0
229	40693.0
230	53374.0
231	53374.0
232	53374.0
233	53374.0
234	53374.0
235	64922.0
236	64922.0
237	64922.0
238	64922.0
239	64922.0
240	25865.0
241	25865.0
242	25865.0
243	25865.0
244	25865.0
245	43379.0
246	43379.0
247	43379.0
248	43379.0
249	43379.0
