0	51177.0
1	51177.0
2	51177.0
3	51177.0
4	51177.0
5	37100.0
6	37100.0
7	37100.0
8	37100.0
9	37100.0
10	13104.0
11	13104.0
12	13104.0
13	13104.0
14	13104.0
15	63681.0
16	63681.0
17	63681.0
18	63681.0
19	63681.0
20	70850.0
21	70850.0
22	70850.0
23	70850.0
24	70850.0
25	47549.0
26	47549.0
27	47549.0
28	47549.0
29	47549.0
30	15760.0
31	15760.0
32	15760.0
33	15760.0
34	15760.0
35	84029.0
36	84029.0
37	84029.0
38	84029.0
39	84029.0
40	60629.0
41	60629.0
42	60629.0
43	60629.0
44	60629.0
45	85476.0
46	85476.0
47	85476.0
48	85476.0
49	85476.0
50	48043.0
51	48043.0
52	48043.0
53	48043.0
54	48043.0
55	34093.0
56	34093.0
57	34093.0
58	34093.0
59	34093.0
60	143.0
61	143.0
62	143.0
63	143.0
64	143.0
65	24136.0
66	24136.0
67	24136.0
68	24136.0
69	24136.0
70	38655.0
71	38655.0
72	38655.0
73	38655.0
74	38655.0
75	42631.0
76	42631.0
77	42631.0
78	42631.0
79	42631.0
80	47641.0
81	47641.0
82	47641.0
83	47641.0
84	47641.0
85	9610.0
86	9610.0
87	9610.0
88	9610.0
89	9610.0
90	6780.0
91	6780.0
92	6780.0
93	6780.0
94	6780.0
95	59553.0
96	59553.0
97	59553.0
98	59553.0
99	59553.0
100	34121.0
101	34121.0
102	34121.0
103	34121.0
104	34121.0
105	42622.0
106	42622.0
107	42622.0
108	42622.0
109	42622.0
110	3785.0
111	3785.0
112	3785.0
113	3785.0
114	3785.0
115	70337.0
116	70337.0
117	70337.0
118	70337.0
119	70337.0
120	55674.0
121	55674.0
122	55674.0
123	55674.0
124	55674.0
125	41213.0
126	41213.0
127	41213.0
128	41213.0
129	41213.0
130	69514.0
131	69514.0
132	69514.0
133	69514.0
134	69514.0
135	65151.0
136	65151.0
137	65151.0
138	65151.0
139	65151.0
140	76371.0
141	76371.0
142	76371.0
143	76371.0
144	76371.0
145	39573.0
146	39573.0
147	39573.0
148	39573.0
149	39573.0
150	24728.0
151	24728.0
152	24728.0
153	24728.0
154	24728.0
155	18727.0
156	18727.0
157	18727.0
158	18727.0
159	18727.0
160	74330.0
161	74330.0
162	74330.0
163	74330.0
164	74330.0
165	36976.0
166	36976.0
167	36976.0
168	36976.0
169	36976.0
170	30104.0
171	30104.0
172	30104.0
173	30104.0
174	30104.0
175	79793.0
176	79793.0
177	79793.0
178	79793.0
179	79793.0
180	36323.0
181	36323.0
182	36323.0
183	36323.0
184	36323.0
185	63370.0
186	63370.0
187	63370.0
188	63370.0
189	63370.0
190	43398.0
191	43398.0
192	43398.0
193	43398.0
194	43398.0
195	81044.0
196	81044.0
197	81044.0
198	81044.0
199	81044.0
200	83969.0
201	83969.0
202	83969.0
203	83969.0
204	83969.0
205	67046.0
206	67046.0
207	67046.0
208	67046.0
209	67046.0
210	1013.0
211	1013.0
212	1013.0
213	1013.0
214	1013.0
215	5776.0
216	5776.0
217	5776.0
218	5776.0
219	5776.0
220	84200.0
221	84200.0
222	84200.0
223	84200.0
224	84200.0
225	26336.0
226	26336.0
227	26336.0
228	26336.0
229	26336.0
230	51354.0
231	51354.0
232	51354.0
233	51354.0
234	51354.0
235	17064.0
236	17064.0
237	17064.0
238	17064.0
239	17064.0
240	43733.0
241	43733.0
242	43733.0
243	43733.0
244	43733.0
245	15318.0
246	15318.0
247	15318.0
248	15318.0
249	15318.0
