0	9092.0
1	9092.0
2	9092.0
3	9092.0
4	9092.0
5	9311.0
6	9311.0
7	9311.0
8	9311.0
9	9311.0
10	80322.0
11	80322.0
12	80322.0
13	80322.0
14	80322.0
15	36373.0
16	36373.0
17	36373.0
18	36373.0
19	36373.0
20	27061.0
21	27061.0
22	27061.0
23	27061.0
24	27061.0
25	35376.0
26	35376.0
27	35376.0
28	35376.0
29	35376.0
30	3818.0
31	3818.0
32	3818.0
33	3818.0
34	3818.0
35	12418.0
36	12418.0
37	12418.0
38	12418.0
39	12418.0
40	84394.0
41	84394.0
42	84394.0
43	84394.0
44	84394.0
45	10991.0
46	10991.0
47	10991.0
48	10991.0
49	10991.0
50	5133.0
51	5133.0
52	5133.0
53	5133.0
54	5133.0
55	10845.0
56	10845.0
57	10845.0
58	10845.0
59	10845.0
60	56375.0
61	56375.0
62	56375.0
63	56375.0
64	56375.0
65	59209.0
66	59209.0
67	59209.0
68	59209.0
69	59209.0
70	57359.0
71	57359.0
72	57359.0
73	57359.0
74	57359.0
75	49857.0
76	49857.0
77	49857.0
78	49857.0
79	49857.0
80	45624.0
81	45624.0
82	45624.0
83	45624.0
84	45624.0
85	2980.0
86	2980.0
87	2980.0
88	2980.0
89	2980.0
90	19747.0
91	19747.0
92	19747.0
93	19747.0
94	19747.0
95	80799.0
96	80799.0
97	80799.0
98	80799.0
99	80799.0
100	61650.0
101	61650.0
102	61650.0
103	61650.0
104	61650.0
105	26790.0
106	26790.0
107	26790.0
108	26790.0
109	26790.0
110	11492.0
111	11492.0
112	11492.0
113	11492.0
114	11492.0
115	79752.0
116	79752.0
117	79752.0
118	79752.0
119	79752.0
120	11012.0
121	11012.0
122	11012.0
123	11012.0
124	11012.0
125	13684.0
126	13684.0
127	13684.0
128	13684.0
129	13684.0
130	43923.0
131	43923.0
132	43923.0
133	43923.0
134	43923.0
135	8914.0
136	8914.0
137	8914.0
138	8914.0
139	8914.0
140	51324.0
141	51324.0
142	51324.0
143	51324.0
144	51324.0
145	7713.0
146	7713.0
147	7713.0
148	7713.0
149	7713.0
150	57848.0
151	57848.0
152	57848.0
153	57848.0
154	57848.0
155	64096.0
156	64096.0
157	64096.0
158	64096.0
159	64096.0
160	32.0
161	32.0
162	32.0
163	32.0
164	32.0
165	13104.0
166	13104.0
167	13104.0
168	13104.0
169	13104.0
170	7484.0
171	7484.0
172	7484.0
173	7484.0
174	7484.0
175	16185.0
176	16185.0
177	16185.0
178	16185.0
179	16185.0
180	77999.0
181	77999.0
182	77999.0
183	77999.0
184	77999.0
185	26571.0
186	26571.0
187	26571.0
188	26571.0
189	26571.0
190	57303.0
191	57303.0
192	57303.0
193	57303.0
194	57303.0
195	5215.0
196	5215.0
197	5215.0
198	5215.0
199	5215.0
200	26026.0
201	26026.0
202	26026.0
203	26026.0
204	26026.0
205	14037.0
206	14037.0
207	14037.0
208	14037.0
209	14037.0
210	14661.0
211	14661.0
212	14661.0
213	14661.0
214	14661.0
215	64303.0
216	64303.0
217	64303.0
218	64303.0
219	64303.0
220	4525.0
221	4525.0
222	4525.0
223	4525.0
224	4525.0
225	77022.0
226	77022.0
227	77022.0
228	77022.0
229	77022.0
230	1772.0
231	1772.0
232	1772.0
233	1772.0
234	1772.0
235	60567.0
236	60567.0
237	60567.0
238	60567.0
239	60567.0
240	56778.0
241	56778.0
242	56778.0
243	56778.0
244	56778.0
245	7347.0
246	7347.0
247	7347.0
248	7347.0
249	7347.0
