0	72264.0
1	72264.0
2	72264.0
3	72264.0
4	72264.0
5	21036.0
6	21036.0
7	21036.0
8	21036.0
9	21036.0
10	4137.0
11	4137.0
12	4137.0
13	4137.0
14	4137.0
15	46986.0
16	46986.0
17	46986.0
18	46986.0
19	46986.0
20	73402.0
21	73402.0
22	73402.0
23	73402.0
24	73402.0
25	42246.0
26	42246.0
27	42246.0
28	42246.0
29	42246.0
30	33126.0
31	33126.0
32	33126.0
33	33126.0
34	33126.0
35	34907.0
36	34907.0
37	34907.0
38	34907.0
39	34907.0
40	64135.0
41	64135.0
42	64135.0
43	64135.0
44	64135.0
45	49261.0
46	49261.0
47	49261.0
48	49261.0
49	49261.0
50	6279.0
51	6279.0
52	6279.0
53	6279.0
54	6279.0
55	27504.0
56	27504.0
57	27504.0
58	27504.0
59	27504.0
60	28677.0
61	28677.0
62	28677.0
63	28677.0
64	28677.0
65	2383.0
66	2383.0
67	2383.0
68	2383.0
69	2383.0
70	10720.0
71	10720.0
72	10720.0
73	10720.0
74	10720.0
75	6856.0
76	6856.0
77	6856.0
78	6856.0
79	6856.0
80	70004.0
81	70004.0
82	70004.0
83	70004.0
84	70004.0
85	19649.0
86	19649.0
87	19649.0
88	19649.0
89	19649.0
90	76434.0
91	76434.0
92	76434.0
93	76434.0
94	76434.0
95	61827.0
96	61827.0
97	61827.0
98	61827.0
99	61827.0
100	67654.0
101	67654.0
102	67654.0
103	67654.0
104	67654.0
105	83839.0
106	83839.0
107	83839.0
108	83839.0
109	83839.0
110	20488.0
111	20488.0
112	20488.0
113	20488.0
114	20488.0
115	158.0
116	158.0
117	158.0
118	158.0
119	158.0
120	12102.0
121	12102.0
122	12102.0
123	12102.0
124	12102.0
125	68537.0
126	68537.0
127	68537.0
128	68537.0
129	68537.0
130	50125.0
131	50125.0
132	50125.0
133	50125.0
134	50125.0
135	19131.0
136	19131.0
137	19131.0
138	19131.0
139	19131.0
140	20277.0
141	20277.0
142	20277.0
143	20277.0
144	20277.0
145	9742.0
146	9742.0
147	9742.0
148	9742.0
149	9742.0
150	19438.0
151	19438.0
152	19438.0
153	19438.0
154	19438.0
155	62640.0
156	62640.0
157	62640.0
158	62640.0
159	62640.0
160	77988.0
161	77988.0
162	77988.0
163	77988.0
164	77988.0
165	25169.0
166	25169.0
167	25169.0
168	25169.0
169	25169.0
170	20427.0
171	20427.0
172	20427.0
173	20427.0
174	20427.0
175	7829.0
176	7829.0
177	7829.0
178	7829.0
179	7829.0
180	41739.0
181	41739.0
182	41739.0
183	41739.0
184	41739.0
185	38632.0
186	38632.0
187	38632.0
188	38632.0
189	38632.0
190	65003.0
191	65003.0
192	65003.0
193	65003.0
194	65003.0
195	8354.0
196	8354.0
197	8354.0
198	8354.0
199	8354.0
200	78401.0
201	78401.0
202	78401.0
203	78401.0
204	78401.0
205	35075.0
206	35075.0
207	35075.0
208	35075.0
209	35075.0
210	80688.0
211	80688.0
212	80688.0
213	80688.0
214	80688.0
215	74266.0
216	74266.0
217	74266.0
218	74266.0
219	74266.0
220	70909.0
221	70909.0
222	70909.0
223	70909.0
224	70909.0
225	3235.0
226	3235.0
227	3235.0
228	3235.0
229	3235.0
230	16671.0
231	16671.0
232	16671.0
233	16671.0
234	16671.0
235	2748.0
236	2748.0
237	2748.0
238	2748.0
239	2748.0
240	78118.0
241	78118.0
242	78118.0
243	78118.0
244	78118.0
245	24934.0
246	24934.0
247	24934.0
248	24934.0
249	24934.0
