0	107560.0
1	107560.0
2	107560.0
3	107560.0
4	107560.0
5	169124.0
6	169124.0
7	169124.0
8	169124.0
9	169124.0
10	257047.0
11	257047.0
12	257047.0
13	257047.0
14	257047.0
15	270066.0
16	270066.0
17	270066.0
18	270066.0
19	270066.0
20	9158.0
21	9158.0
22	9158.0
23	9158.0
24	9158.0
25	260319.0
26	260319.0
27	260319.0
28	260319.0
29	260319.0
30	65075.0
31	65075.0
32	65075.0
33	65075.0
34	65075.0
35	98364.0
36	98364.0
37	98364.0
38	98364.0
39	98364.0
40	53550.0
41	53550.0
42	53550.0
43	53550.0
44	53550.0
45	83155.0
46	83155.0
47	83155.0
48	83155.0
49	83155.0
50	268191.0
51	268191.0
52	268191.0
53	268191.0
54	268191.0
55	257751.0
56	257751.0
57	257751.0
58	257751.0
59	257751.0
60	168073.0
61	168073.0
62	168073.0
63	168073.0
64	168073.0
65	259282.0
66	259282.0
67	259282.0
68	259282.0
69	259282.0
70	48623.0
71	48623.0
72	48623.0
73	48623.0
74	48623.0
75	66403.0
76	66403.0
77	66403.0
78	66403.0
79	66403.0
80	184455.0
81	184455.0
82	184455.0
83	184455.0
84	184455.0
85	60233.0
86	60233.0
87	60233.0
88	60233.0
89	60233.0
90	33595.0
91	33595.0
92	33595.0
93	33595.0
94	33595.0
95	186372.0
96	186372.0
97	186372.0
98	186372.0
99	186372.0
100	81897.0
101	81897.0
102	81897.0
103	81897.0
104	81897.0
105	82794.0
106	82794.0
107	82794.0
108	82794.0
109	82794.0
110	44155.0
111	44155.0
112	44155.0
113	44155.0
114	44155.0
115	27999.0
116	27999.0
117	27999.0
118	27999.0
119	27999.0
120	73353.0
121	73353.0
122	73353.0
123	73353.0
124	73353.0
125	172567.0
126	172567.0
127	172567.0
128	172567.0
129	172567.0
130	43748.0
131	43748.0
132	43748.0
133	43748.0
134	43748.0
135	256505.0
136	256505.0
137	256505.0
138	256505.0
139	256505.0
140	7124.0
141	7124.0
142	7124.0
143	7124.0
144	7124.0
145	132833.0
146	132833.0
147	132833.0
148	132833.0
149	132833.0
150	154086.0
151	154086.0
152	154086.0
153	154086.0
154	154086.0
155	135645.0
156	135645.0
157	135645.0
158	135645.0
159	135645.0
160	121473.0
161	121473.0
162	121473.0
163	121473.0
164	121473.0
165	266519.0
166	266519.0
167	266519.0
168	266519.0
169	266519.0
170	56028.0
171	56028.0
172	56028.0
173	56028.0
174	56028.0
175	195100.0
176	195100.0
177	195100.0
178	195100.0
179	195100.0
180	150235.0
181	150235.0
182	150235.0
183	150235.0
184	150235.0
185	64898.0
186	64898.0
187	64898.0
188	64898.0
189	64898.0
190	222030.0
191	222030.0
192	222030.0
193	222030.0
194	222030.0
195	279317.0
196	279317.0
197	279317.0
198	279317.0
199	279317.0
200	35276.0
201	35276.0
202	35276.0
203	35276.0
204	35276.0
205	133622.0
206	133622.0
207	133622.0
208	133622.0
209	133622.0
210	125197.0
211	125197.0
212	125197.0
213	125197.0
214	125197.0
215	88154.0
216	88154.0
217	88154.0
218	88154.0
219	88154.0
220	89156.0
221	89156.0
222	89156.0
223	89156.0
224	89156.0
225	25694.0
226	25694.0
227	25694.0
228	25694.0
229	25694.0
230	2550.0
231	2550.0
232	2550.0
233	2550.0
234	2550.0
235	95320.0
236	95320.0
237	95320.0
238	95320.0
239	95320.0
240	196545.0
241	196545.0
242	196545.0
243	196545.0
244	196545.0
245	108320.0
246	108320.0
247	108320.0
248	108320.0
249	108320.0
