0	262972.0
1	262972.0
2	262972.0
3	262972.0
4	262972.0
5	3272.0
6	3272.0
7	3272.0
8	3272.0
9	3272.0
10	54236.0
11	54236.0
12	54236.0
13	54236.0
14	54236.0
15	81422.0
16	81422.0
17	81422.0
18	81422.0
19	81422.0
20	187967.0
21	187967.0
22	187967.0
23	187967.0
24	187967.0
25	228213.0
26	228213.0
27	228213.0
28	228213.0
29	228213.0
30	73858.0
31	73858.0
32	73858.0
33	73858.0
34	73858.0
35	234905.0
36	234905.0
37	234905.0
38	234905.0
39	234905.0
40	230168.0
41	230168.0
42	230168.0
43	230168.0
44	230168.0
45	57627.0
46	57627.0
47	57627.0
48	57627.0
49	57627.0
50	268759.0
51	268759.0
52	268759.0
53	268759.0
54	268759.0
55	96886.0
56	96886.0
57	96886.0
58	96886.0
59	96886.0
60	258440.0
61	258440.0
62	258440.0
63	258440.0
64	258440.0
65	174828.0
66	174828.0
67	174828.0
68	174828.0
69	174828.0
70	75727.0
71	75727.0
72	75727.0
73	75727.0
74	75727.0
75	47301.0
76	47301.0
77	47301.0
78	47301.0
79	47301.0
80	31901.0
81	31901.0
82	31901.0
83	31901.0
84	31901.0
85	198815.0
86	198815.0
87	198815.0
88	198815.0
89	198815.0
90	204704.0
91	204704.0
92	204704.0
93	204704.0
94	204704.0
95	207270.0
96	207270.0
97	207270.0
98	207270.0
99	207270.0
100	48301.0
101	48301.0
102	48301.0
103	48301.0
104	48301.0
105	236163.0
106	236163.0
107	236163.0
108	236163.0
109	236163.0
110	93260.0
111	93260.0
112	93260.0
113	93260.0
114	93260.0
115	189513.0
116	189513.0
117	189513.0
118	189513.0
119	189513.0
120	82003.0
121	82003.0
122	82003.0
123	82003.0
124	82003.0
125	196091.0
126	196091.0
127	196091.0
128	196091.0
129	196091.0
130	268687.0
131	268687.0
132	268687.0
133	268687.0
134	268687.0
135	58946.0
136	58946.0
137	58946.0
138	58946.0
139	58946.0
140	48522.0
141	48522.0
142	48522.0
143	48522.0
144	48522.0
145	20623.0
146	20623.0
147	20623.0
148	20623.0
149	20623.0
150	191884.0
151	191884.0
152	191884.0
153	191884.0
154	191884.0
155	204353.0
156	204353.0
157	204353.0
158	204353.0
159	204353.0
160	110940.0
161	110940.0
162	110940.0
163	110940.0
164	110940.0
165	115116.0
166	115116.0
167	115116.0
168	115116.0
169	115116.0
170	270309.0
171	270309.0
172	270309.0
173	270309.0
174	270309.0
175	33344.0
176	33344.0
177	33344.0
178	33344.0
179	33344.0
180	46562.0
181	46562.0
182	46562.0
183	46562.0
184	46562.0
185	7252.0
186	7252.0
187	7252.0
188	7252.0
189	7252.0
190	154484.0
191	154484.0
192	154484.0
193	154484.0
194	154484.0
195	58543.0
196	58543.0
197	58543.0
198	58543.0
199	58543.0
200	207673.0
201	207673.0
202	207673.0
203	207673.0
204	207673.0
205	159442.0
206	159442.0
207	159442.0
208	159442.0
209	159442.0
210	138745.0
211	138745.0
212	138745.0
213	138745.0
214	138745.0
215	164273.0
216	164273.0
217	164273.0
218	164273.0
219	164273.0
220	11711.0
221	11711.0
222	11711.0
223	11711.0
224	11711.0
225	45582.0
226	45582.0
227	45582.0
228	45582.0
229	45582.0
230	191283.0
231	191283.0
232	191283.0
233	191283.0
234	191283.0
235	229817.0
236	229817.0
237	229817.0
238	229817.0
239	229817.0
240	56805.0
241	56805.0
242	56805.0
243	56805.0
244	56805.0
245	266749.0
246	266749.0
247	266749.0
248	266749.0
249	266749.0
