0	89617.0
1	89617.0
2	89617.0
3	89617.0
4	89617.0
5	142060.0
6	142060.0
7	142060.0
8	142060.0
9	142060.0
10	145835.0
11	145835.0
12	145835.0
13	145835.0
14	145835.0
15	83611.0
16	83611.0
17	83611.0
18	83611.0
19	83611.0
20	184107.0
21	184107.0
22	184107.0
23	184107.0
24	184107.0
25	265166.0
26	265166.0
27	265166.0
28	265166.0
29	265166.0
30	217602.0
31	217602.0
32	217602.0
33	217602.0
34	217602.0
35	7892.0
36	7892.0
37	7892.0
38	7892.0
39	7892.0
40	117646.0
41	117646.0
42	117646.0
43	117646.0
44	117646.0
45	150340.0
46	150340.0
47	150340.0
48	150340.0
49	150340.0
50	13568.0
51	13568.0
52	13568.0
53	13568.0
54	13568.0
55	211863.0
56	211863.0
57	211863.0
58	211863.0
59	211863.0
60	95054.0
61	95054.0
62	95054.0
63	95054.0
64	95054.0
65	100341.0
66	100341.0
67	100341.0
68	100341.0
69	100341.0
70	69850.0
71	69850.0
72	69850.0
73	69850.0
74	69850.0
75	72267.0
76	72267.0
77	72267.0
78	72267.0
79	72267.0
80	116934.0
81	116934.0
82	116934.0
83	116934.0
84	116934.0
85	71651.0
86	71651.0
87	71651.0
88	71651.0
89	71651.0
90	130504.0
91	130504.0
92	130504.0
93	130504.0
94	130504.0
95	186232.0
96	186232.0
97	186232.0
98	186232.0
99	186232.0
100	94148.0
101	94148.0
102	94148.0
103	94148.0
104	94148.0
105	83807.0
106	83807.0
107	83807.0
108	83807.0
109	83807.0
110	233261.0
111	233261.0
112	233261.0
113	233261.0
114	233261.0
115	156225.0
116	156225.0
117	156225.0
118	156225.0
119	156225.0
120	94459.0
121	94459.0
122	94459.0
123	94459.0
124	94459.0
125	34609.0
126	34609.0
127	34609.0
128	34609.0
129	34609.0
130	242565.0
131	242565.0
132	242565.0
133	242565.0
134	242565.0
135	18989.0
136	18989.0
137	18989.0
138	18989.0
139	18989.0
140	148025.0
141	148025.0
142	148025.0
143	148025.0
144	148025.0
145	110447.0
146	110447.0
147	110447.0
148	110447.0
149	110447.0
150	223626.0
151	223626.0
152	223626.0
153	223626.0
154	223626.0
155	52960.0
156	52960.0
157	52960.0
158	52960.0
159	52960.0
160	93880.0
161	93880.0
162	93880.0
163	93880.0
164	93880.0
165	2408.0
166	2408.0
167	2408.0
168	2408.0
169	2408.0
170	99755.0
171	99755.0
172	99755.0
173	99755.0
174	99755.0
175	129694.0
176	129694.0
177	129694.0
178	129694.0
179	129694.0
180	117278.0
181	117278.0
182	117278.0
183	117278.0
184	117278.0
185	282379.0
186	282379.0
187	282379.0
188	282379.0
189	282379.0
190	223916.0
191	223916.0
192	223916.0
193	223916.0
194	223916.0
195	45517.0
196	45517.0
197	45517.0
198	45517.0
199	45517.0
200	82139.0
201	82139.0
202	82139.0
203	82139.0
204	82139.0
205	81125.0
206	81125.0
207	81125.0
208	81125.0
209	81125.0
210	31678.0
211	31678.0
212	31678.0
213	31678.0
214	31678.0
215	280203.0
216	280203.0
217	280203.0
218	280203.0
219	280203.0
220	121741.0
221	121741.0
222	121741.0
223	121741.0
224	121741.0
225	149419.0
226	149419.0
227	149419.0
228	149419.0
229	149419.0
230	45816.0
231	45816.0
232	45816.0
233	45816.0
234	45816.0
235	88322.0
236	88322.0
237	88322.0
238	88322.0
239	88322.0
240	32907.0
241	32907.0
242	32907.0
243	32907.0
244	32907.0
245	170268.0
246	170268.0
247	170268.0
248	170268.0
249	170268.0
