0	180678.0
1	180678.0
2	180678.0
3	180678.0
4	180678.0
5	264296.0
6	264296.0
7	264296.0
8	264296.0
9	264296.0
10	55742.0
11	55742.0
12	55742.0
13	55742.0
14	55742.0
15	77714.0
16	77714.0
17	77714.0
18	77714.0
19	77714.0
20	277493.0
21	277493.0
22	277493.0
23	277493.0
24	277493.0
25	333295.0
26	333295.0
27	333295.0
28	333295.0
29	333295.0
30	275362.0
31	275362.0
32	275362.0
33	275362.0
34	275362.0
35	164862.0
36	164862.0
37	164862.0
38	164862.0
39	164862.0
40	39040.0
41	39040.0
42	39040.0
43	39040.0
44	39040.0
45	206205.0
46	206205.0
47	206205.0
48	206205.0
49	206205.0
50	250426.0
51	250426.0
52	250426.0
53	250426.0
54	250426.0
55	12016.0
56	12016.0
57	12016.0
58	12016.0
59	12016.0
60	351549.0
61	351549.0
62	351549.0
63	351549.0
64	351549.0
65	127395.0
66	127395.0
67	127395.0
68	127395.0
69	127395.0
70	362513.0
71	362513.0
72	362513.0
73	362513.0
74	362513.0
75	186090.0
76	186090.0
77	186090.0
78	186090.0
79	186090.0
80	212011.0
81	212011.0
82	212011.0
83	212011.0
84	212011.0
85	320105.0
86	320105.0
87	320105.0
88	320105.0
89	320105.0
90	199982.0
91	199982.0
92	199982.0
93	199982.0
94	199982.0
95	207453.0
96	207453.0
97	207453.0
98	207453.0
99	207453.0
100	252052.0
101	252052.0
102	252052.0
103	252052.0
104	252052.0
105	91400.0
106	91400.0
107	91400.0
108	91400.0
109	91400.0
110	312688.0
111	312688.0
112	312688.0
113	312688.0
114	312688.0
115	193414.0
116	193414.0
117	193414.0
118	193414.0
119	193414.0
120	229587.0
121	229587.0
122	229587.0
123	229587.0
124	229587.0
125	102914.0
126	102914.0
127	102914.0
128	102914.0
129	102914.0
130	91988.0
131	91988.0
132	91988.0
133	91988.0
134	91988.0
135	157511.0
136	157511.0
137	157511.0
138	157511.0
139	157511.0
140	333967.0
141	333967.0
142	333967.0
143	333967.0
144	333967.0
145	265175.0
146	265175.0
147	265175.0
148	265175.0
149	265175.0
150	50359.0
151	50359.0
152	50359.0
153	50359.0
154	50359.0
155	276377.0
156	276377.0
157	276377.0
158	276377.0
159	276377.0
160	59600.0
161	59600.0
162	59600.0
163	59600.0
164	59600.0
165	289559.0
166	289559.0
167	289559.0
168	289559.0
169	289559.0
170	199258.0
171	199258.0
172	199258.0
173	199258.0
174	199258.0
175	318398.0
176	318398.0
177	318398.0
178	318398.0
179	318398.0
180	18288.0
181	18288.0
182	18288.0
183	18288.0
184	18288.0
185	114303.0
186	114303.0
187	114303.0
188	114303.0
189	114303.0
190	49600.0
191	49600.0
192	49600.0
193	49600.0
194	49600.0
195	271477.0
196	271477.0
197	271477.0
198	271477.0
199	271477.0
200	352659.0
201	352659.0
202	352659.0
203	352659.0
204	352659.0
205	350280.0
206	350280.0
207	350280.0
208	350280.0
209	350280.0
210	237424.0
211	237424.0
212	237424.0
213	237424.0
214	237424.0
215	371139.0
216	371139.0
217	371139.0
218	371139.0
219	371139.0
220	209791.0
221	209791.0
222	209791.0
223	209791.0
224	209791.0
225	320037.0
226	320037.0
227	320037.0
228	320037.0
229	320037.0
230	78876.0
231	78876.0
232	78876.0
233	78876.0
234	78876.0
235	94660.0
236	94660.0
237	94660.0
238	94660.0
239	94660.0
240	173554.0
241	173554.0
242	173554.0
243	173554.0
244	173554.0
245	282390.0
246	282390.0
247	282390.0
248	282390.0
249	282390.0
