0	247993.0
1	247993.0
2	247993.0
3	247993.0
4	247993.0
5	122720.0
6	122720.0
7	122720.0
8	122720.0
9	122720.0
10	333583.0
11	333583.0
12	333583.0
13	333583.0
14	333583.0
15	60255.0
16	60255.0
17	60255.0
18	60255.0
19	60255.0
20	248119.0
21	248119.0
22	248119.0
23	248119.0
24	248119.0
25	221026.0
26	221026.0
27	221026.0
28	221026.0
29	221026.0
30	9020.0
31	9020.0
32	9020.0
33	9020.0
34	9020.0
35	220759.0
36	220759.0
37	220759.0
38	220759.0
39	220759.0
40	223208.0
41	223208.0
42	223208.0
43	223208.0
44	223208.0
45	108156.0
46	108156.0
47	108156.0
48	108156.0
49	108156.0
50	263223.0
51	263223.0
52	263223.0
53	263223.0
54	263223.0
55	31691.0
56	31691.0
57	31691.0
58	31691.0
59	31691.0
60	295394.0
61	295394.0
62	295394.0
63	295394.0
64	295394.0
65	77439.0
66	77439.0
67	77439.0
68	77439.0
69	77439.0
70	241653.0
71	241653.0
72	241653.0
73	241653.0
74	241653.0
75	34794.0
76	34794.0
77	34794.0
78	34794.0
79	34794.0
80	110421.0
81	110421.0
82	110421.0
83	110421.0
84	110421.0
85	278531.0
86	278531.0
87	278531.0
88	278531.0
89	278531.0
90	73455.0
91	73455.0
92	73455.0
93	73455.0
94	73455.0
95	84055.0
96	84055.0
97	84055.0
98	84055.0
99	84055.0
100	13338.0
101	13338.0
102	13338.0
103	13338.0
104	13338.0
105	365335.0
106	365335.0
107	365335.0
108	365335.0
109	365335.0
110	182883.0
111	182883.0
112	182883.0
113	182883.0
114	182883.0
115	157785.0
116	157785.0
117	157785.0
118	157785.0
119	157785.0
120	338544.0
121	338544.0
122	338544.0
123	338544.0
124	338544.0
125	304356.0
126	304356.0
127	304356.0
128	304356.0
129	304356.0
130	200746.0
131	200746.0
132	200746.0
133	200746.0
134	200746.0
135	87188.0
136	87188.0
137	87188.0
138	87188.0
139	87188.0
140	257126.0
141	257126.0
142	257126.0
143	257126.0
144	257126.0
145	104915.0
146	104915.0
147	104915.0
148	104915.0
149	104915.0
150	317983.0
151	317983.0
152	317983.0
153	317983.0
154	317983.0
155	46013.0
156	46013.0
157	46013.0
158	46013.0
159	46013.0
160	336386.0
161	336386.0
162	336386.0
163	336386.0
164	336386.0
165	49779.0
166	49779.0
167	49779.0
168	49779.0
169	49779.0
170	372311.0
171	372311.0
172	372311.0
173	372311.0
174	372311.0
175	238798.0
176	238798.0
177	238798.0
178	238798.0
179	238798.0
180	60954.0
181	60954.0
182	60954.0
183	60954.0
184	60954.0
185	137659.0
186	137659.0
187	137659.0
188	137659.0
189	137659.0
190	16559.0
191	16559.0
192	16559.0
193	16559.0
194	16559.0
195	341324.0
196	341324.0
197	341324.0
198	341324.0
199	341324.0
200	213156.0
201	213156.0
202	213156.0
203	213156.0
204	213156.0
205	52772.0
206	52772.0
207	52772.0
208	52772.0
209	52772.0
210	246664.0
211	246664.0
212	246664.0
213	246664.0
214	246664.0
215	170710.0
216	170710.0
217	170710.0
218	170710.0
219	170710.0
220	341553.0
221	341553.0
222	341553.0
223	341553.0
224	341553.0
225	69592.0
226	69592.0
227	69592.0
228	69592.0
229	69592.0
230	328994.0
231	328994.0
232	328994.0
233	328994.0
234	328994.0
235	217661.0
236	217661.0
237	217661.0
238	217661.0
239	217661.0
240	58031.0
241	58031.0
242	58031.0
243	58031.0
244	58031.0
245	190645.0
246	190645.0
247	190645.0
248	190645.0
249	190645.0
