0	10309.0
1	10309.0
2	10309.0
3	10309.0
4	10309.0
5	147568.0
6	147568.0
7	147568.0
8	147568.0
9	147568.0
10	12030.0
11	12030.0
12	12030.0
13	12030.0
14	12030.0
15	38097.0
16	38097.0
17	38097.0
18	38097.0
19	38097.0
20	85809.0
21	85809.0
22	85809.0
23	85809.0
24	85809.0
25	8013.0
26	8013.0
27	8013.0
28	8013.0
29	8013.0
30	40910.0
31	40910.0
32	40910.0
33	40910.0
34	40910.0
35	122765.0
36	122765.0
37	122765.0
38	122765.0
39	122765.0
40	31744.0
41	31744.0
42	31744.0
43	31744.0
44	31744.0
45	53493.0
46	53493.0
47	53493.0
48	53493.0
49	53493.0
50	27576.0
51	27576.0
52	27576.0
53	27576.0
54	27576.0
55	9967.0
56	9967.0
57	9967.0
58	9967.0
59	9967.0
60	127060.0
61	127060.0
62	127060.0
63	127060.0
64	127060.0
65	2068.0
66	2068.0
67	2068.0
68	2068.0
69	2068.0
70	66215.0
71	66215.0
72	66215.0
73	66215.0
74	66215.0
75	36795.0
76	36795.0
77	36795.0
78	36795.0
79	36795.0
80	37052.0
81	37052.0
82	37052.0
83	37052.0
84	37052.0
85	93893.0
86	93893.0
87	93893.0
88	93893.0
89	93893.0
90	50683.0
91	50683.0
92	50683.0
93	50683.0
94	50683.0
95	95193.0
96	95193.0
97	95193.0
98	95193.0
99	95193.0
100	161370.0
101	161370.0
102	161370.0
103	161370.0
104	161370.0
105	136510.0
106	136510.0
107	136510.0
108	136510.0
109	136510.0
110	52896.0
111	52896.0
112	52896.0
113	52896.0
114	52896.0
115	83397.0
116	83397.0
117	83397.0
118	83397.0
119	83397.0
120	137941.0
121	137941.0
122	137941.0
123	137941.0
124	137941.0
125	164381.0
126	164381.0
127	164381.0
128	164381.0
129	164381.0
130	106502.0
131	106502.0
132	106502.0
133	106502.0
134	106502.0
135	18424.0
136	18424.0
137	18424.0
138	18424.0
139	18424.0
140	1306.0
141	1306.0
142	1306.0
143	1306.0
144	1306.0
145	11206.0
146	11206.0
147	11206.0
148	11206.0
149	11206.0
150	149032.0
151	149032.0
152	149032.0
153	149032.0
154	149032.0
155	71319.0
156	71319.0
157	71319.0
158	71319.0
159	71319.0
160	46128.0
161	46128.0
162	46128.0
163	46128.0
164	46128.0
165	49834.0
166	49834.0
167	49834.0
168	49834.0
169	49834.0
170	59926.0
171	59926.0
172	59926.0
173	59926.0
174	59926.0
175	149917.0
176	149917.0
177	149917.0
178	149917.0
179	149917.0
180	47706.0
181	47706.0
182	47706.0
183	47706.0
184	47706.0
185	2698.0
186	2698.0
187	2698.0
188	2698.0
189	2698.0
190	143922.0
191	143922.0
192	143922.0
193	143922.0
194	143922.0
195	50015.0
196	50015.0
197	50015.0
198	50015.0
199	50015.0
200	15355.0
201	15355.0
202	15355.0
203	15355.0
204	15355.0
205	57995.0
206	57995.0
207	57995.0
208	57995.0
209	57995.0
210	136882.0
211	136882.0
212	136882.0
213	136882.0
214	136882.0
215	159833.0
216	159833.0
217	159833.0
218	159833.0
219	159833.0
220	133972.0
221	133972.0
222	133972.0
223	133972.0
224	133972.0
225	156018.0
226	156018.0
227	156018.0
228	156018.0
229	156018.0
230	60591.0
231	60591.0
232	60591.0
233	60591.0
234	60591.0
235	97077.0
236	97077.0
237	97077.0
238	97077.0
239	97077.0
240	14001.0
241	14001.0
242	14001.0
243	14001.0
244	14001.0
245	82831.0
246	82831.0
247	82831.0
248	82831.0
249	82831.0
