0	124689.0
1	124689.0
2	124689.0
3	124689.0
4	124689.0
5	163670.0
6	163670.0
7	163670.0
8	163670.0
9	163670.0
10	105633.0
11	105633.0
12	105633.0
13	105633.0
14	105633.0
15	129060.0
16	129060.0
17	129060.0
18	129060.0
19	129060.0
20	207.0
21	207.0
22	207.0
23	207.0
24	207.0
25	11168.0
26	11168.0
27	11168.0
28	11168.0
29	11168.0
30	46407.0
31	46407.0
32	46407.0
33	46407.0
34	46407.0
35	54348.0
36	54348.0
37	54348.0
38	54348.0
39	54348.0
40	113704.0
41	113704.0
42	113704.0
43	113704.0
44	113704.0
45	101562.0
46	101562.0
47	101562.0
48	101562.0
49	101562.0
50	154874.0
51	154874.0
52	154874.0
53	154874.0
54	154874.0
55	103778.0
56	103778.0
57	103778.0
58	103778.0
59	103778.0
60	34625.0
61	34625.0
62	34625.0
63	34625.0
64	34625.0
65	19854.0
66	19854.0
67	19854.0
68	19854.0
69	19854.0
70	46149.0
71	46149.0
72	46149.0
73	46149.0
74	46149.0
75	36294.0
76	36294.0
77	36294.0
78	36294.0
79	36294.0
80	161169.0
81	161169.0
82	161169.0
83	161169.0
84	161169.0
85	6188.0
86	6188.0
87	6188.0
88	6188.0
89	6188.0
90	764.0
91	764.0
92	764.0
93	764.0
94	764.0
95	145684.0
96	145684.0
97	145684.0
98	145684.0
99	145684.0
100	142201.0
101	142201.0
102	142201.0
103	142201.0
104	142201.0
105	161262.0
106	161262.0
107	161262.0
108	161262.0
109	161262.0
110	104529.0
111	104529.0
112	104529.0
113	104529.0
114	104529.0
115	117851.0
116	117851.0
117	117851.0
118	117851.0
119	117851.0
120	114152.0
121	114152.0
122	114152.0
123	114152.0
124	114152.0
125	153477.0
126	153477.0
127	153477.0
128	153477.0
129	153477.0
130	67096.0
131	67096.0
132	67096.0
133	67096.0
134	67096.0
135	159458.0
136	159458.0
137	159458.0
138	159458.0
139	159458.0
140	38115.0
141	38115.0
142	38115.0
143	38115.0
144	38115.0
145	50868.0
146	50868.0
147	50868.0
148	50868.0
149	50868.0
150	56848.0
151	56848.0
152	56848.0
153	56848.0
154	56848.0
155	1318.0
156	1318.0
157	1318.0
158	1318.0
159	1318.0
160	147734.0
161	147734.0
162	147734.0
163	147734.0
164	147734.0
165	154202.0
166	154202.0
167	154202.0
168	154202.0
169	154202.0
170	159570.0
171	159570.0
172	159570.0
173	159570.0
174	159570.0
175	14564.0
176	14564.0
177	14564.0
178	14564.0
179	14564.0
180	9028.0
181	9028.0
182	9028.0
183	9028.0
184	9028.0
185	78420.0
186	78420.0
187	78420.0
188	78420.0
189	78420.0
190	19541.0
191	19541.0
192	19541.0
193	19541.0
194	19541.0
195	114283.0
196	114283.0
197	114283.0
198	114283.0
199	114283.0
200	124804.0
201	124804.0
202	124804.0
203	124804.0
204	124804.0
205	33876.0
206	33876.0
207	33876.0
208	33876.0
209	33876.0
210	108071.0
211	108071.0
212	108071.0
213	108071.0
214	108071.0
215	49366.0
216	49366.0
217	49366.0
218	49366.0
219	49366.0
220	28531.0
221	28531.0
222	28531.0
223	28531.0
224	28531.0
225	94202.0
226	94202.0
227	94202.0
228	94202.0
229	94202.0
230	36520.0
231	36520.0
232	36520.0
233	36520.0
234	36520.0
235	105131.0
236	105131.0
237	105131.0
238	105131.0
239	105131.0
240	100728.0
241	100728.0
242	100728.0
243	100728.0
244	100728.0
245	47796.0
246	47796.0
247	47796.0
248	47796.0
249	47796.0
