0	87325.0
1	87325.0
2	87325.0
3	87325.0
4	87325.0
5	151976.0
6	151976.0
7	151976.0
8	151976.0
9	151976.0
10	158707.0
11	158707.0
12	158707.0
13	158707.0
14	158707.0
15	23124.0
16	23124.0
17	23124.0
18	23124.0
19	23124.0
20	13120.0
21	13120.0
22	13120.0
23	13120.0
24	13120.0
25	67631.0
26	67631.0
27	67631.0
28	67631.0
29	67631.0
30	55765.0
31	55765.0
32	55765.0
33	55765.0
34	55765.0
35	110361.0
36	110361.0
37	110361.0
38	110361.0
39	110361.0
40	105785.0
41	105785.0
42	105785.0
43	105785.0
44	105785.0
45	150203.0
46	150203.0
47	150203.0
48	150203.0
49	150203.0
50	160170.0
51	160170.0
52	160170.0
53	160170.0
54	160170.0
55	54992.0
56	54992.0
57	54992.0
58	54992.0
59	54992.0
60	63142.0
61	63142.0
62	63142.0
63	63142.0
64	63142.0
65	136327.0
66	136327.0
67	136327.0
68	136327.0
69	136327.0
70	142110.0
71	142110.0
72	142110.0
73	142110.0
74	142110.0
75	60244.0
76	60244.0
77	60244.0
78	60244.0
79	60244.0
80	47937.0
81	47937.0
82	47937.0
83	47937.0
84	47937.0
85	166095.0
86	166095.0
87	166095.0
88	166095.0
89	166095.0
90	35064.0
91	35064.0
92	35064.0
93	35064.0
94	35064.0
95	12340.0
96	12340.0
97	12340.0
98	12340.0
99	12340.0
100	12336.0
101	12336.0
102	12336.0
103	12336.0
104	12336.0
105	29449.0
106	29449.0
107	29449.0
108	29449.0
109	29449.0
110	73058.0
111	73058.0
112	73058.0
113	73058.0
114	73058.0
115	115251.0
116	115251.0
117	115251.0
118	115251.0
119	115251.0
120	72255.0
121	72255.0
122	72255.0
123	72255.0
124	72255.0
125	84507.0
126	84507.0
127	84507.0
128	84507.0
129	84507.0
130	2895.0
131	2895.0
132	2895.0
133	2895.0
134	2895.0
135	3133.0
136	3133.0
137	3133.0
138	3133.0
139	3133.0
140	3385.0
141	3385.0
142	3385.0
143	3385.0
144	3385.0
145	163783.0
146	163783.0
147	163783.0
148	163783.0
149	163783.0
150	126564.0
151	126564.0
152	126564.0
153	126564.0
154	126564.0
155	81843.0
156	81843.0
157	81843.0
158	81843.0
159	81843.0
160	5944.0
161	5944.0
162	5944.0
163	5944.0
164	5944.0
165	109875.0
166	109875.0
167	109875.0
168	109875.0
169	109875.0
170	26568.0
171	26568.0
172	26568.0
173	26568.0
174	26568.0
175	61122.0
176	61122.0
177	61122.0
178	61122.0
179	61122.0
180	114652.0
181	114652.0
182	114652.0
183	114652.0
184	114652.0
185	17270.0
186	17270.0
187	17270.0
188	17270.0
189	17270.0
190	142431.0
191	142431.0
192	142431.0
193	142431.0
194	142431.0
195	135758.0
196	135758.0
197	135758.0
198	135758.0
199	135758.0
200	27880.0
201	27880.0
202	27880.0
203	27880.0
204	27880.0
205	83461.0
206	83461.0
207	83461.0
208	83461.0
209	83461.0
210	122010.0
211	122010.0
212	122010.0
213	122010.0
214	122010.0
215	147340.0
216	147340.0
217	147340.0
218	147340.0
219	147340.0
220	42423.0
221	42423.0
222	42423.0
223	42423.0
224	42423.0
225	96792.0
226	96792.0
227	96792.0
228	96792.0
229	96792.0
230	77936.0
231	77936.0
232	77936.0
233	77936.0
234	77936.0
235	75975.0
236	75975.0
237	75975.0
238	75975.0
239	75975.0
240	155319.0
241	155319.0
242	155319.0
243	155319.0
244	155319.0
245	145814.0
246	145814.0
247	145814.0
248	145814.0
249	145814.0
