0	26918.0
1	26918.0
2	26918.0
3	26918.0
4	26918.0
5	65394.0
6	65394.0
7	65394.0
8	65394.0
9	65394.0
10	159034.0
11	159034.0
12	159034.0
13	159034.0
14	159034.0
15	95084.0
16	95084.0
17	95084.0
18	95084.0
19	95084.0
20	3797.0
21	3797.0
22	3797.0
23	3797.0
24	3797.0
25	35268.0
26	35268.0
27	35268.0
28	35268.0
29	35268.0
30	98100.0
31	98100.0
32	98100.0
33	98100.0
34	98100.0
35	22553.0
36	22553.0
37	22553.0
38	22553.0
39	22553.0
40	136522.0
41	136522.0
42	136522.0
43	136522.0
44	136522.0
45	80418.0
46	80418.0
47	80418.0
48	80418.0
49	80418.0
50	4645.0
51	4645.0
52	4645.0
53	4645.0
54	4645.0
55	123143.0
56	123143.0
57	123143.0
58	123143.0
59	123143.0
60	104509.0
61	104509.0
62	104509.0
63	104509.0
64	104509.0
65	118167.0
66	118167.0
67	118167.0
68	118167.0
69	118167.0
70	96519.0
71	96519.0
72	96519.0
73	96519.0
74	96519.0
75	161292.0
76	161292.0
77	161292.0
78	161292.0
79	161292.0
80	50353.0
81	50353.0
82	50353.0
83	50353.0
84	50353.0
85	58480.0
86	58480.0
87	58480.0
88	58480.0
89	58480.0
90	115086.0
91	115086.0
92	115086.0
93	115086.0
94	115086.0
95	163204.0
96	163204.0
97	163204.0
98	163204.0
99	163204.0
100	881.0
101	881.0
102	881.0
103	881.0
104	881.0
105	101138.0
106	101138.0
107	101138.0
108	101138.0
109	101138.0
110	58148.0
111	58148.0
112	58148.0
113	58148.0
114	58148.0
115	155196.0
116	155196.0
117	155196.0
118	155196.0
119	155196.0
120	105996.0
121	105996.0
122	105996.0
123	105996.0
124	105996.0
125	100765.0
126	100765.0
127	100765.0
128	100765.0
129	100765.0
130	40243.0
131	40243.0
132	40243.0
133	40243.0
134	40243.0
135	141406.0
136	141406.0
137	141406.0
138	141406.0
139	141406.0
140	107200.0
141	107200.0
142	107200.0
143	107200.0
144	107200.0
145	98554.0
146	98554.0
147	98554.0
148	98554.0
149	98554.0
150	119246.0
151	119246.0
152	119246.0
153	119246.0
154	119246.0
155	163702.0
156	163702.0
157	163702.0
158	163702.0
159	163702.0
160	131947.0
161	131947.0
162	131947.0
163	131947.0
164	131947.0
165	143137.0
166	143137.0
167	143137.0
168	143137.0
169	143137.0
170	120877.0
171	120877.0
172	120877.0
173	120877.0
174	120877.0
175	109756.0
176	109756.0
177	109756.0
178	109756.0
179	109756.0
180	39083.0
181	39083.0
182	39083.0
183	39083.0
184	39083.0
185	1483.0
186	1483.0
187	1483.0
188	1483.0
189	1483.0
190	109419.0
191	109419.0
192	109419.0
193	109419.0
194	109419.0
195	92164.0
196	92164.0
197	92164.0
198	92164.0
199	92164.0
200	150675.0
201	150675.0
202	150675.0
203	150675.0
204	150675.0
205	84793.0
206	84793.0
207	84793.0
208	84793.0
209	84793.0
210	1909.0
211	1909.0
212	1909.0
213	1909.0
214	1909.0
215	22468.0
216	22468.0
217	22468.0
218	22468.0
219	22468.0
220	39870.0
221	39870.0
222	39870.0
223	39870.0
224	39870.0
225	2623.0
226	2623.0
227	2623.0
228	2623.0
229	2623.0
230	118881.0
231	118881.0
232	118881.0
233	118881.0
234	118881.0
235	143744.0
236	143744.0
237	143744.0
238	143744.0
239	143744.0
240	122622.0
241	122622.0
242	122622.0
243	122622.0
244	122622.0
245	111383.0
246	111383.0
247	111383.0
248	111383.0
249	111383.0
