0	159944.0
1	159944.0
2	159944.0
3	159944.0
4	159944.0
5	486.0
6	486.0
7	486.0
8	486.0
9	486.0
10	140704.0
11	140704.0
12	140704.0
13	140704.0
14	140704.0
15	107819.0
16	107819.0
17	107819.0
18	107819.0
19	107819.0
20	85871.0
21	85871.0
22	85871.0
23	85871.0
24	85871.0
25	40444.0
26	40444.0
27	40444.0
28	40444.0
29	40444.0
30	58730.0
31	58730.0
32	58730.0
33	58730.0
34	58730.0
35	9955.0
36	9955.0
37	9955.0
38	9955.0
39	9955.0
40	19140.0
41	19140.0
42	19140.0
43	19140.0
44	19140.0
45	72221.0
46	72221.0
47	72221.0
48	72221.0
49	72221.0
50	122007.0
51	122007.0
52	122007.0
53	122007.0
54	122007.0
55	16196.0
56	16196.0
57	16196.0
58	16196.0
59	16196.0
60	19870.0
61	19870.0
62	19870.0
63	19870.0
64	19870.0
65	158219.0
66	158219.0
67	158219.0
68	158219.0
69	158219.0
70	92805.0
71	92805.0
72	92805.0
73	92805.0
74	92805.0
75	68032.0
76	68032.0
77	68032.0
78	68032.0
79	68032.0
80	53584.0
81	53584.0
82	53584.0
83	53584.0
84	53584.0
85	31852.0
86	31852.0
87	31852.0
88	31852.0
89	31852.0
90	26107.0
91	26107.0
92	26107.0
93	26107.0
94	26107.0
95	76553.0
96	76553.0
97	76553.0
98	76553.0
99	76553.0
100	119079.0
101	119079.0
102	119079.0
103	119079.0
104	119079.0
105	74995.0
106	74995.0
107	74995.0
108	74995.0
109	74995.0
110	148959.0
111	148959.0
112	148959.0
113	148959.0
114	148959.0
115	69062.0
116	69062.0
117	69062.0
118	69062.0
119	69062.0
120	32108.0
121	32108.0
122	32108.0
123	32108.0
124	32108.0
125	105509.0
126	105509.0
127	105509.0
128	105509.0
129	105509.0
130	167191.0
131	167191.0
132	167191.0
133	167191.0
134	167191.0
135	33659.0
136	33659.0
137	33659.0
138	33659.0
139	33659.0
140	94058.0
141	94058.0
142	94058.0
143	94058.0
144	94058.0
145	154430.0
146	154430.0
147	154430.0
148	154430.0
149	154430.0
150	61767.0
151	61767.0
152	61767.0
153	61767.0
154	61767.0
155	118977.0
156	118977.0
157	118977.0
158	118977.0
159	118977.0
160	149363.0
161	149363.0
162	149363.0
163	149363.0
164	149363.0
165	142199.0
166	142199.0
167	142199.0
168	142199.0
169	142199.0
170	171902.0
171	171902.0
172	171902.0
173	171902.0
174	171902.0
175	64195.0
176	64195.0
177	64195.0
178	64195.0
179	64195.0
180	2986.0
181	2986.0
182	2986.0
183	2986.0
184	2986.0
185	172358.0
186	172358.0
187	172358.0
188	172358.0
189	172358.0
190	3899.0
191	3899.0
192	3899.0
193	3899.0
194	3899.0
195	127181.0
196	127181.0
197	127181.0
198	127181.0
199	127181.0
200	175354.0
201	175354.0
202	175354.0
203	175354.0
204	175354.0
205	49214.0
206	49214.0
207	49214.0
208	49214.0
209	49214.0
210	42267.0
211	42267.0
212	42267.0
213	42267.0
214	42267.0
215	74849.0
216	74849.0
217	74849.0
218	74849.0
219	74849.0
220	83452.0
221	83452.0
222	83452.0
223	83452.0
224	83452.0
225	59689.0
226	59689.0
227	59689.0
228	59689.0
229	59689.0
230	23568.0
231	23568.0
232	23568.0
233	23568.0
234	23568.0
235	107624.0
236	107624.0
237	107624.0
238	107624.0
239	107624.0
240	98530.0
241	98530.0
242	98530.0
243	98530.0
244	98530.0
245	80829.0
246	80829.0
247	80829.0
248	80829.0
249	80829.0
