0	36813.0
1	36813.0
2	36813.0
3	36813.0
4	36813.0
5	141620.0
6	141620.0
7	141620.0
8	141620.0
9	141620.0
10	113349.0
11	113349.0
12	113349.0
13	113349.0
14	113349.0
15	148516.0
16	148516.0
17	148516.0
18	148516.0
19	148516.0
20	60022.0
21	60022.0
22	60022.0
23	60022.0
24	60022.0
25	6317.0
26	6317.0
27	6317.0
28	6317.0
29	6317.0
30	23619.0
31	23619.0
32	23619.0
33	23619.0
34	23619.0
35	90682.0
36	90682.0
37	90682.0
38	90682.0
39	90682.0
40	87071.0
41	87071.0
42	87071.0
43	87071.0
44	87071.0
45	66705.0
46	66705.0
47	66705.0
48	66705.0
49	66705.0
50	164534.0
51	164534.0
52	164534.0
53	164534.0
54	164534.0
55	103586.0
56	103586.0
57	103586.0
58	103586.0
59	103586.0
60	95651.0
61	95651.0
62	95651.0
63	95651.0
64	95651.0
65	95580.0
66	95580.0
67	95580.0
68	95580.0
69	95580.0
70	152905.0
71	152905.0
72	152905.0
73	152905.0
74	152905.0
75	11295.0
76	11295.0
77	11295.0
78	11295.0
79	11295.0
80	118314.0
81	118314.0
82	118314.0
83	118314.0
84	118314.0
85	71294.0
86	71294.0
87	71294.0
88	71294.0
89	71294.0
90	158622.0
91	158622.0
92	158622.0
93	158622.0
94	158622.0
95	164974.0
96	164974.0
97	164974.0
98	164974.0
99	164974.0
100	31731.0
101	31731.0
102	31731.0
103	31731.0
104	31731.0
105	135205.0
106	135205.0
107	135205.0
108	135205.0
109	135205.0
110	27669.0
111	27669.0
112	27669.0
113	27669.0
114	27669.0
115	149472.0
116	149472.0
117	149472.0
118	149472.0
119	149472.0
120	47247.0
121	47247.0
122	47247.0
123	47247.0
124	47247.0
125	11746.0
126	11746.0
127	11746.0
128	11746.0
129	11746.0
130	113203.0
131	113203.0
132	113203.0
133	113203.0
134	113203.0
135	68671.0
136	68671.0
137	68671.0
138	68671.0
139	68671.0
140	97168.0
141	97168.0
142	97168.0
143	97168.0
144	97168.0
145	71437.0
146	71437.0
147	71437.0
148	71437.0
149	71437.0
150	166442.0
151	166442.0
152	166442.0
153	166442.0
154	166442.0
155	5957.0
156	5957.0
157	5957.0
158	5957.0
159	5957.0
160	32902.0
161	32902.0
162	32902.0
163	32902.0
164	32902.0
165	82633.0
166	82633.0
167	82633.0
168	82633.0
169	82633.0
170	104650.0
171	104650.0
172	104650.0
173	104650.0
174	104650.0
175	78455.0
176	78455.0
177	78455.0
178	78455.0
179	78455.0
180	5557.0
181	5557.0
182	5557.0
183	5557.0
184	5557.0
185	40067.0
186	40067.0
187	40067.0
188	40067.0
189	40067.0
190	98338.0
191	98338.0
192	98338.0
193	98338.0
194	98338.0
195	54575.0
196	54575.0
197	54575.0
198	54575.0
199	54575.0
200	48214.0
201	48214.0
202	48214.0
203	48214.0
204	48214.0
205	28599.0
206	28599.0
207	28599.0
208	28599.0
209	28599.0
210	71883.0
211	71883.0
212	71883.0
213	71883.0
214	71883.0
215	92098.0
216	92098.0
217	92098.0
218	92098.0
219	92098.0
220	170608.0
221	170608.0
222	170608.0
223	170608.0
224	170608.0
225	149046.0
226	149046.0
227	149046.0
228	149046.0
229	149046.0
230	121000.0
231	121000.0
232	121000.0
233	121000.0
234	121000.0
235	144145.0
236	144145.0
237	144145.0
238	144145.0
239	144145.0
240	154923.0
241	154923.0
242	154923.0
243	154923.0
244	154923.0
245	11217.0
246	11217.0
247	11217.0
248	11217.0
249	11217.0
