0	67456.0
1	67456.0
2	67456.0
3	67456.0
4	67456.0
5	75352.0
6	75352.0
7	75352.0
8	75352.0
9	75352.0
10	85024.0
11	85024.0
12	85024.0
13	85024.0
14	85024.0
15	8392.0
16	8392.0
17	8392.0
18	8392.0
19	8392.0
20	166846.0
21	166846.0
22	166846.0
23	166846.0
24	166846.0
25	49932.0
26	49932.0
27	49932.0
28	49932.0
29	49932.0
30	43259.0
31	43259.0
32	43259.0
33	43259.0
34	43259.0
35	103241.0
36	103241.0
37	103241.0
38	103241.0
39	103241.0
40	69360.0
41	69360.0
42	69360.0
43	69360.0
44	69360.0
45	138240.0
46	138240.0
47	138240.0
48	138240.0
49	138240.0
50	20838.0
51	20838.0
52	20838.0
53	20838.0
54	20838.0
55	105988.0
56	105988.0
57	105988.0
58	105988.0
59	105988.0
60	136825.0
61	136825.0
62	136825.0
63	136825.0
64	136825.0
65	20528.0
66	20528.0
67	20528.0
68	20528.0
69	20528.0
70	171074.0
71	171074.0
72	171074.0
73	171074.0
74	171074.0
75	91503.0
76	91503.0
77	91503.0
78	91503.0
79	91503.0
80	20220.0
81	20220.0
82	20220.0
83	20220.0
84	20220.0
85	49595.0
86	49595.0
87	49595.0
88	49595.0
89	49595.0
90	90642.0
91	90642.0
92	90642.0
93	90642.0
94	90642.0
95	68914.0
96	68914.0
97	68914.0
98	68914.0
99	68914.0
100	123486.0
101	123486.0
102	123486.0
103	123486.0
104	123486.0
105	158860.0
106	158860.0
107	158860.0
108	158860.0
109	158860.0
110	158229.0
111	158229.0
112	158229.0
113	158229.0
114	158229.0
115	29242.0
116	29242.0
117	29242.0
118	29242.0
119	29242.0
120	96336.0
121	96336.0
122	96336.0
123	96336.0
124	96336.0
125	33102.0
126	33102.0
127	33102.0
128	33102.0
129	33102.0
130	129502.0
131	129502.0
132	129502.0
133	129502.0
134	129502.0
135	89876.0
136	89876.0
137	89876.0
138	89876.0
139	89876.0
140	168920.0
141	168920.0
142	168920.0
143	168920.0
144	168920.0
145	141064.0
146	141064.0
147	141064.0
148	141064.0
149	141064.0
150	30219.0
151	30219.0
152	30219.0
153	30219.0
154	30219.0
155	12343.0
156	12343.0
157	12343.0
158	12343.0
159	12343.0
160	104930.0
161	104930.0
162	104930.0
163	104930.0
164	104930.0
165	66026.0
166	66026.0
167	66026.0
168	66026.0
169	66026.0
170	120947.0
171	120947.0
172	120947.0
173	120947.0
174	120947.0
175	99797.0
176	99797.0
177	99797.0
178	99797.0
179	99797.0
180	14230.0
181	14230.0
182	14230.0
183	14230.0
184	14230.0
185	35045.0
186	35045.0
187	35045.0
188	35045.0
189	35045.0
190	56794.0
191	56794.0
192	56794.0
193	56794.0
194	56794.0
195	106882.0
196	106882.0
197	106882.0
198	106882.0
199	106882.0
200	122712.0
201	122712.0
202	122712.0
203	122712.0
204	122712.0
205	104290.0
206	104290.0
207	104290.0
208	104290.0
209	104290.0
210	108614.0
211	108614.0
212	108614.0
213	108614.0
214	108614.0
215	121247.0
216	121247.0
217	121247.0
218	121247.0
219	121247.0
220	125433.0
221	125433.0
222	125433.0
223	125433.0
224	125433.0
225	148586.0
226	148586.0
227	148586.0
228	148586.0
229	148586.0
230	66632.0
231	66632.0
232	66632.0
233	66632.0
234	66632.0
235	140635.0
236	140635.0
237	140635.0
238	140635.0
239	140635.0
240	73061.0
241	73061.0
242	73061.0
243	73061.0
244	73061.0
245	141428.0
246	141428.0
247	141428.0
248	141428.0
249	141428.0
