0	13474.0
1	13474.0
2	13474.0
3	13474.0
4	13474.0
5	5030.0
6	5030.0
7	5030.0
8	5030.0
9	5030.0
10	13528.0
11	13528.0
12	13528.0
13	13528.0
14	13528.0
15	911.0
16	911.0
17	911.0
18	911.0
19	911.0
20	8249.0
21	8249.0
22	8249.0
23	8249.0
24	8249.0
25	18418.0
26	18418.0
27	18418.0
28	18418.0
29	18418.0
30	2146.0
31	2146.0
32	2146.0
33	2146.0
34	2146.0
35	951.0
36	951.0
37	951.0
38	951.0
39	951.0
40	18699.0
41	18699.0
42	18699.0
43	18699.0
44	18699.0
45	6309.0
46	6309.0
47	6309.0
48	6309.0
49	6309.0
50	27148.0
51	27148.0
52	27148.0
53	27148.0
54	27148.0
55	2629.0
56	2629.0
57	2629.0
58	2629.0
59	2629.0
60	18218.0
61	18218.0
62	18218.0
63	18218.0
64	18218.0
65	25804.0
66	25804.0
67	25804.0
68	25804.0
69	25804.0
70	19072.0
71	19072.0
72	19072.0
73	19072.0
74	19072.0
75	4119.0
76	4119.0
77	4119.0
78	4119.0
79	4119.0
80	3517.0
81	3517.0
82	3517.0
83	3517.0
84	3517.0
85	5625.0
86	5625.0
87	5625.0
88	5625.0
89	5625.0
90	19055.0
91	19055.0
92	19055.0
93	19055.0
94	19055.0
95	23094.0
96	23094.0
97	23094.0
98	23094.0
99	23094.0
100	5849.0
101	5849.0
102	5849.0
103	5849.0
104	5849.0
105	21410.0
106	21410.0
107	21410.0
108	21410.0
109	21410.0
110	17305.0
111	17305.0
112	17305.0
113	17305.0
114	17305.0
115	11847.0
116	11847.0
117	11847.0
118	11847.0
119	11847.0
120	5380.0
121	5380.0
122	5380.0
123	5380.0
124	5380.0
125	3574.0
126	3574.0
127	3574.0
128	3574.0
129	3574.0
130	17515.0
131	17515.0
132	17515.0
133	17515.0
134	17515.0
135	21669.0
136	21669.0
137	21669.0
138	21669.0
139	21669.0
140	9078.0
141	9078.0
142	9078.0
143	9078.0
144	9078.0
145	13883.0
146	13883.0
147	13883.0
148	13883.0
149	13883.0
150	15920.0
151	15920.0
152	15920.0
153	15920.0
154	15920.0
155	15736.0
156	15736.0
157	15736.0
158	15736.0
159	15736.0
160	2675.0
161	2675.0
162	2675.0
163	2675.0
164	2675.0
165	27288.0
166	27288.0
167	27288.0
168	27288.0
169	27288.0
170	5693.0
171	5693.0
172	5693.0
173	5693.0
174	5693.0
175	6436.0
176	6436.0
177	6436.0
178	6436.0
179	6436.0
180	14327.0
181	14327.0
182	14327.0
183	14327.0
184	14327.0
185	1630.0
186	1630.0
187	1630.0
188	1630.0
189	1630.0
190	20751.0
191	20751.0
192	20751.0
193	20751.0
194	20751.0
195	20993.0
196	20993.0
197	20993.0
198	20993.0
199	20993.0
200	124.0
201	124.0
202	124.0
203	124.0
204	124.0
205	11746.0
206	11746.0
207	11746.0
208	11746.0
209	11746.0
210	22296.0
211	22296.0
212	22296.0
213	22296.0
214	22296.0
215	25717.0
216	25717.0
217	25717.0
218	25717.0
219	25717.0
220	18315.0
221	18315.0
222	18315.0
223	18315.0
224	18315.0
225	5379.0
226	5379.0
227	5379.0
228	5379.0
229	5379.0
230	21872.0
231	21872.0
232	21872.0
233	21872.0
234	21872.0
235	15198.0
236	15198.0
237	15198.0
238	15198.0
239	15198.0
240	19135.0
241	19135.0
242	19135.0
243	19135.0
244	19135.0
245	8168.0
246	8168.0
247	8168.0
248	8168.0
249	8168.0
