0	9271.0
1	9271.0
2	9271.0
3	9271.0
4	9271.0
5	9273.0
6	9273.0
7	9273.0
8	9273.0
9	9273.0
10	12997.0
11	12997.0
12	12997.0
13	12997.0
14	12997.0
15	22668.0
16	22668.0
17	22668.0
18	22668.0
19	22668.0
20	12973.0
21	12973.0
22	12973.0
23	12973.0
24	12973.0
25	8110.0
26	8110.0
27	8110.0
28	8110.0
29	8110.0
30	10835.0
31	10835.0
32	10835.0
33	10835.0
34	10835.0
35	17147.0
36	17147.0
37	17147.0
38	17147.0
39	17147.0
40	1802.0
41	1802.0
42	1802.0
43	1802.0
44	1802.0
45	18059.0
46	18059.0
47	18059.0
48	18059.0
49	18059.0
50	1949.0
51	1949.0
52	1949.0
53	1949.0
54	1949.0
55	10161.0
56	10161.0
57	10161.0
58	10161.0
59	10161.0
60	22873.0
61	22873.0
62	22873.0
63	22873.0
64	22873.0
65	508.0
66	508.0
67	508.0
68	508.0
69	508.0
70	21561.0
71	21561.0
72	21561.0
73	21561.0
74	21561.0
75	1787.0
76	1787.0
77	1787.0
78	1787.0
79	1787.0
80	9068.0
81	9068.0
82	9068.0
83	9068.0
84	9068.0
85	19409.0
86	19409.0
87	19409.0
88	19409.0
89	19409.0
90	13193.0
91	13193.0
92	13193.0
93	13193.0
94	13193.0
95	1645.0
96	1645.0
97	1645.0
98	1645.0
99	1645.0
100	15981.0
101	15981.0
102	15981.0
103	15981.0
104	15981.0
105	14229.0
106	14229.0
107	14229.0
108	14229.0
109	14229.0
110	24970.0
111	24970.0
112	24970.0
113	24970.0
114	24970.0
115	12619.0
116	12619.0
117	12619.0
118	12619.0
119	12619.0
120	2437.0
121	2437.0
122	2437.0
123	2437.0
124	2437.0
125	8272.0
126	8272.0
127	8272.0
128	8272.0
129	8272.0
130	22706.0
131	22706.0
132	22706.0
133	22706.0
134	22706.0
135	13723.0
136	13723.0
137	13723.0
138	13723.0
139	13723.0
140	11471.0
141	11471.0
142	11471.0
143	11471.0
144	11471.0
145	3360.0
146	3360.0
147	3360.0
148	3360.0
149	3360.0
150	4863.0
151	4863.0
152	4863.0
153	4863.0
154	4863.0
155	21509.0
156	21509.0
157	21509.0
158	21509.0
159	21509.0
160	7650.0
161	7650.0
162	7650.0
163	7650.0
164	7650.0
165	21081.0
166	21081.0
167	21081.0
168	21081.0
169	21081.0
170	19360.0
171	19360.0
172	19360.0
173	19360.0
174	19360.0
175	17133.0
176	17133.0
177	17133.0
178	17133.0
179	17133.0
180	13663.0
181	13663.0
182	13663.0
183	13663.0
184	13663.0
185	2655.0
186	2655.0
187	2655.0
188	2655.0
189	2655.0
190	13053.0
191	13053.0
192	13053.0
193	13053.0
194	13053.0
195	23707.0
196	23707.0
197	23707.0
198	23707.0
199	23707.0
200	11734.0
201	11734.0
202	11734.0
203	11734.0
204	11734.0
205	3255.0
206	3255.0
207	3255.0
208	3255.0
209	3255.0
210	23366.0
211	23366.0
212	23366.0
213	23366.0
214	23366.0
215	24449.0
216	24449.0
217	24449.0
218	24449.0
219	24449.0
220	22159.0
221	22159.0
222	22159.0
223	22159.0
224	22159.0
225	4362.0
226	4362.0
227	4362.0
228	4362.0
229	4362.0
230	14619.0
231	14619.0
232	14619.0
233	14619.0
234	14619.0
235	10272.0
236	10272.0
237	10272.0
238	10272.0
239	10272.0
240	1318.0
241	1318.0
242	1318.0
243	1318.0
244	1318.0
245	927.0
246	927.0
247	927.0
248	927.0
249	927.0
