0	16978.0
1	16978.0
2	16978.0
3	16978.0
4	16978.0
5	25798.0
6	25798.0
7	25798.0
8	25798.0
9	25798.0
10	2106.0
11	2106.0
12	2106.0
13	2106.0
14	2106.0
15	7069.0
16	7069.0
17	7069.0
18	7069.0
19	7069.0
20	16584.0
21	16584.0
22	16584.0
23	16584.0
24	16584.0
25	14701.0
26	14701.0
27	14701.0
28	14701.0
29	14701.0
30	5974.0
31	5974.0
32	5974.0
33	5974.0
34	5974.0
35	369.0
36	369.0
37	369.0
38	369.0
39	369.0
40	15803.0
41	15803.0
42	15803.0
43	15803.0
44	15803.0
45	24961.0
46	24961.0
47	24961.0
48	24961.0
49	24961.0
50	21466.0
51	21466.0
52	21466.0
53	21466.0
54	21466.0
55	15384.0
56	15384.0
57	15384.0
58	15384.0
59	15384.0
60	1602.0
61	1602.0
62	1602.0
63	1602.0
64	1602.0
65	15959.0
66	15959.0
67	15959.0
68	15959.0
69	15959.0
70	2316.0
71	2316.0
72	2316.0
73	2316.0
74	2316.0
75	4606.0
76	4606.0
77	4606.0
78	4606.0
79	4606.0
80	13081.0
81	13081.0
82	13081.0
83	13081.0
84	13081.0
85	26091.0
86	26091.0
87	26091.0
88	26091.0
89	26091.0
90	10499.0
91	10499.0
92	10499.0
93	10499.0
94	10499.0
95	14118.0
96	14118.0
97	14118.0
98	14118.0
99	14118.0
100	20847.0
101	20847.0
102	20847.0
103	20847.0
104	20847.0
105	21847.0
106	21847.0
107	21847.0
108	21847.0
109	21847.0
110	11016.0
111	11016.0
112	11016.0
113	11016.0
114	11016.0
115	17722.0
116	17722.0
117	17722.0
118	17722.0
119	17722.0
120	5492.0
121	5492.0
122	5492.0
123	5492.0
124	5492.0
125	21575.0
126	21575.0
127	21575.0
128	21575.0
129	21575.0
130	14880.0
131	14880.0
132	14880.0
133	14880.0
134	14880.0
135	9699.0
136	9699.0
137	9699.0
138	9699.0
139	9699.0
140	18792.0
141	18792.0
142	18792.0
143	18792.0
144	18792.0
145	14560.0
146	14560.0
147	14560.0
148	14560.0
149	14560.0
150	6499.0
151	6499.0
152	6499.0
153	6499.0
154	6499.0
155	20837.0
156	20837.0
157	20837.0
158	20837.0
159	20837.0
160	9125.0
161	9125.0
162	9125.0
163	9125.0
164	9125.0
165	3700.0
166	3700.0
167	3700.0
168	3700.0
169	3700.0
170	18988.0
171	18988.0
172	18988.0
173	18988.0
174	18988.0
175	494.0
176	494.0
177	494.0
178	494.0
179	494.0
180	11598.0
181	11598.0
182	11598.0
183	11598.0
184	11598.0
185	7260.0
186	7260.0
187	7260.0
188	7260.0
189	7260.0
190	12009.0
191	12009.0
192	12009.0
193	12009.0
194	12009.0
195	10728.0
196	10728.0
197	10728.0
198	10728.0
199	10728.0
200	20928.0
201	20928.0
202	20928.0
203	20928.0
204	20928.0
205	10878.0
206	10878.0
207	10878.0
208	10878.0
209	10878.0
210	10001.0
211	10001.0
212	10001.0
213	10001.0
214	10001.0
215	12710.0
216	12710.0
217	12710.0
218	12710.0
219	12710.0
220	11582.0
221	11582.0
222	11582.0
223	11582.0
224	11582.0
225	15015.0
226	15015.0
227	15015.0
228	15015.0
229	15015.0
230	24545.0
231	24545.0
232	24545.0
233	24545.0
234	24545.0
235	16559.0
236	16559.0
237	16559.0
238	16559.0
239	16559.0
240	10470.0
241	10470.0
242	10470.0
243	10470.0
244	10470.0
245	16332.0
246	16332.0
247	16332.0
248	16332.0
249	16332.0
