0	402912.0
1	402912.0
2	402912.0
3	402912.0
4	402912.0
5	339092.0
6	339092.0
7	339092.0
8	339092.0
9	339092.0
10	714005.0
11	714005.0
12	714005.0
13	714005.0
14	714005.0
15	592526.0
16	592526.0
17	592526.0
18	592526.0
19	592526.0
20	781977.0
21	781977.0
22	781977.0
23	781977.0
24	781977.0
25	361941.0
26	361941.0
27	361941.0
28	361941.0
29	361941.0
30	479537.0
31	479537.0
32	479537.0
33	479537.0
34	479537.0
35	254290.0
36	254290.0
37	254290.0
38	254290.0
39	254290.0
40	126837.0
41	126837.0
42	126837.0
43	126837.0
44	126837.0
45	383006.0
46	383006.0
47	383006.0
48	383006.0
49	383006.0
50	569138.0
51	569138.0
52	569138.0
53	569138.0
54	569138.0
55	196690.0
56	196690.0
57	196690.0
58	196690.0
59	196690.0
60	524596.0
61	524596.0
62	524596.0
63	524596.0
64	524596.0
65	560997.0
66	560997.0
67	560997.0
68	560997.0
69	560997.0
70	68798.0
71	68798.0
72	68798.0
73	68798.0
74	68798.0
75	265777.0
76	265777.0
77	265777.0
78	265777.0
79	265777.0
80	722635.0
81	722635.0
82	722635.0
83	722635.0
84	722635.0
85	741910.0
86	741910.0
87	741910.0
88	741910.0
89	741910.0
90	357205.0
91	357205.0
92	357205.0
93	357205.0
94	357205.0
95	399849.0
96	399849.0
97	399849.0
98	399849.0
99	399849.0
100	100827.0
101	100827.0
102	100827.0
103	100827.0
104	100827.0
105	226574.0
106	226574.0
107	226574.0
108	226574.0
109	226574.0
110	455903.0
111	455903.0
112	455903.0
113	455903.0
114	455903.0
115	374672.0
116	374672.0
117	374672.0
118	374672.0
119	374672.0
120	68332.0
121	68332.0
122	68332.0
123	68332.0
124	68332.0
125	75199.0
126	75199.0
127	75199.0
128	75199.0
129	75199.0
130	620170.0
131	620170.0
132	620170.0
133	620170.0
134	620170.0
135	302474.0
136	302474.0
137	302474.0
138	302474.0
139	302474.0
140	324010.0
141	324010.0
142	324010.0
143	324010.0
144	324010.0
145	666417.0
146	666417.0
147	666417.0
148	666417.0
149	666417.0
150	427465.0
151	427465.0
152	427465.0
153	427465.0
154	427465.0
155	717951.0
156	717951.0
157	717951.0
158	717951.0
159	717951.0
160	2955.0
161	2955.0
162	2955.0
163	2955.0
164	2955.0
165	798583.0
166	798583.0
167	798583.0
168	798583.0
169	798583.0
170	794384.0
171	794384.0
172	794384.0
173	794384.0
174	794384.0
175	183388.0
176	183388.0
177	183388.0
178	183388.0
179	183388.0
180	730928.0
181	730928.0
182	730928.0
183	730928.0
184	730928.0
185	145992.0
186	145992.0
187	145992.0
188	145992.0
189	145992.0
190	188516.0
191	188516.0
192	188516.0
193	188516.0
194	188516.0
195	585833.0
196	585833.0
197	585833.0
198	585833.0
199	585833.0
200	318562.0
201	318562.0
202	318562.0
203	318562.0
204	318562.0
205	550814.0
206	550814.0
207	550814.0
208	550814.0
209	550814.0
210	48208.0
211	48208.0
212	48208.0
213	48208.0
214	48208.0
215	52597.0
216	52597.0
217	52597.0
218	52597.0
219	52597.0
220	618893.0
221	618893.0
222	618893.0
223	618893.0
224	618893.0
225	113269.0
226	113269.0
227	113269.0
228	113269.0
229	113269.0
230	737017.0
231	737017.0
232	737017.0
233	737017.0
234	737017.0
235	597702.0
236	597702.0
237	597702.0
238	597702.0
239	597702.0
240	748239.0
241	748239.0
242	748239.0
243	748239.0
244	748239.0
245	634434.0
246	634434.0
247	634434.0
248	634434.0
249	634434.0
