0	558582.0
1	558582.0
2	558582.0
3	558582.0
4	558582.0
5	218720.0
6	218720.0
7	218720.0
8	218720.0
9	218720.0
10	469325.0
11	469325.0
12	469325.0
13	469325.0
14	469325.0
15	573152.0
16	573152.0
17	573152.0
18	573152.0
19	573152.0
20	277874.0
21	277874.0
22	277874.0
23	277874.0
24	277874.0
25	426272.0
26	426272.0
27	426272.0
28	426272.0
29	426272.0
30	457271.0
31	457271.0
32	457271.0
33	457271.0
34	457271.0
35	164186.0
36	164186.0
37	164186.0
38	164186.0
39	164186.0
40	479338.0
41	479338.0
42	479338.0
43	479338.0
44	479338.0
45	443734.0
46	443734.0
47	443734.0
48	443734.0
49	443734.0
50	381470.0
51	381470.0
52	381470.0
53	381470.0
54	381470.0
55	736983.0
56	736983.0
57	736983.0
58	736983.0
59	736983.0
60	753.0
61	753.0
62	753.0
63	753.0
64	753.0
65	157126.0
66	157126.0
67	157126.0
68	157126.0
69	157126.0
70	169619.0
71	169619.0
72	169619.0
73	169619.0
74	169619.0
75	328689.0
76	328689.0
77	328689.0
78	328689.0
79	328689.0
80	405403.0
81	405403.0
82	405403.0
83	405403.0
84	405403.0
85	762386.0
86	762386.0
87	762386.0
88	762386.0
89	762386.0
90	529078.0
91	529078.0
92	529078.0
93	529078.0
94	529078.0
95	259736.0
96	259736.0
97	259736.0
98	259736.0
99	259736.0
100	593421.0
101	593421.0
102	593421.0
103	593421.0
104	593421.0
105	479045.0
106	479045.0
107	479045.0
108	479045.0
109	479045.0
110	611961.0
111	611961.0
112	611961.0
113	611961.0
114	611961.0
115	47658.0
116	47658.0
117	47658.0
118	47658.0
119	47658.0
120	251259.0
121	251259.0
122	251259.0
123	251259.0
124	251259.0
125	284992.0
126	284992.0
127	284992.0
128	284992.0
129	284992.0
130	754449.0
131	754449.0
132	754449.0
133	754449.0
134	754449.0
135	593087.0
136	593087.0
137	593087.0
138	593087.0
139	593087.0
140	567143.0
141	567143.0
142	567143.0
143	567143.0
144	567143.0
145	678043.0
146	678043.0
147	678043.0
148	678043.0
149	678043.0
150	359265.0
151	359265.0
152	359265.0
153	359265.0
154	359265.0
155	563993.0
156	563993.0
157	563993.0
158	563993.0
159	563993.0
160	261082.0
161	261082.0
162	261082.0
163	261082.0
164	261082.0
165	279738.0
166	279738.0
167	279738.0
168	279738.0
169	279738.0
170	234925.0
171	234925.0
172	234925.0
173	234925.0
174	234925.0
175	89143.0
176	89143.0
177	89143.0
178	89143.0
179	89143.0
180	232014.0
181	232014.0
182	232014.0
183	232014.0
184	232014.0
185	259236.0
186	259236.0
187	259236.0
188	259236.0
189	259236.0
190	366133.0
191	366133.0
192	366133.0
193	366133.0
194	366133.0
195	548706.0
196	548706.0
197	548706.0
198	548706.0
199	548706.0
200	734672.0
201	734672.0
202	734672.0
203	734672.0
204	734672.0
205	112697.0
206	112697.0
207	112697.0
208	112697.0
209	112697.0
210	222409.0
211	222409.0
212	222409.0
213	222409.0
214	222409.0
215	753242.0
216	753242.0
217	753242.0
218	753242.0
219	753242.0
220	281140.0
221	281140.0
222	281140.0
223	281140.0
224	281140.0
225	672623.0
226	672623.0
227	672623.0
228	672623.0
229	672623.0
230	2233.0
231	2233.0
232	2233.0
233	2233.0
234	2233.0
235	241036.0
236	241036.0
237	241036.0
238	241036.0
239	241036.0
240	289431.0
241	289431.0
242	289431.0
243	289431.0
244	289431.0
245	524028.0
246	524028.0
247	524028.0
248	524028.0
249	524028.0
