0	75371.0
1	75371.0
2	75371.0
3	75371.0
4	75371.0
5	596718.0
6	596718.0
7	596718.0
8	596718.0
9	596718.0
10	228109.0
11	228109.0
12	228109.0
13	228109.0
14	228109.0
15	675468.0
16	675468.0
17	675468.0
18	675468.0
19	675468.0
20	290775.0
21	290775.0
22	290775.0
23	290775.0
24	290775.0
25	145679.0
26	145679.0
27	145679.0
28	145679.0
29	145679.0
30	12938.0
31	12938.0
32	12938.0
33	12938.0
34	12938.0
35	679336.0
36	679336.0
37	679336.0
38	679336.0
39	679336.0
40	779634.0
41	779634.0
42	779634.0
43	779634.0
44	779634.0
45	308743.0
46	308743.0
47	308743.0
48	308743.0
49	308743.0
50	290959.0
51	290959.0
52	290959.0
53	290959.0
54	290959.0
55	740823.0
56	740823.0
57	740823.0
58	740823.0
59	740823.0
60	151551.0
61	151551.0
62	151551.0
63	151551.0
64	151551.0
65	434057.0
66	434057.0
67	434057.0
68	434057.0
69	434057.0
70	715498.0
71	715498.0
72	715498.0
73	715498.0
74	715498.0
75	278811.0
76	278811.0
77	278811.0
78	278811.0
79	278811.0
80	206258.0
81	206258.0
82	206258.0
83	206258.0
84	206258.0
85	124516.0
86	124516.0
87	124516.0
88	124516.0
89	124516.0
90	78189.0
91	78189.0
92	78189.0
93	78189.0
94	78189.0
95	153377.0
96	153377.0
97	153377.0
98	153377.0
99	153377.0
100	325781.0
101	325781.0
102	325781.0
103	325781.0
104	325781.0
105	488430.0
106	488430.0
107	488430.0
108	488430.0
109	488430.0
110	664007.0
111	664007.0
112	664007.0
113	664007.0
114	664007.0
115	583932.0
116	583932.0
117	583932.0
118	583932.0
119	583932.0
120	691768.0
121	691768.0
122	691768.0
123	691768.0
124	691768.0
125	38927.0
126	38927.0
127	38927.0
128	38927.0
129	38927.0
130	469249.0
131	469249.0
132	469249.0
133	469249.0
134	469249.0
135	193471.0
136	193471.0
137	193471.0
138	193471.0
139	193471.0
140	159907.0
141	159907.0
142	159907.0
143	159907.0
144	159907.0
145	461136.0
146	461136.0
147	461136.0
148	461136.0
149	461136.0
150	325882.0
151	325882.0
152	325882.0
153	325882.0
154	325882.0
155	98524.0
156	98524.0
157	98524.0
158	98524.0
159	98524.0
160	391644.0
161	391644.0
162	391644.0
163	391644.0
164	391644.0
165	271752.0
166	271752.0
167	271752.0
168	271752.0
169	271752.0
170	436082.0
171	436082.0
172	436082.0
173	436082.0
174	436082.0
175	439164.0
176	439164.0
177	439164.0
178	439164.0
179	439164.0
180	222808.0
181	222808.0
182	222808.0
183	222808.0
184	222808.0
185	359125.0
186	359125.0
187	359125.0
188	359125.0
189	359125.0
190	10737.0
191	10737.0
192	10737.0
193	10737.0
194	10737.0
195	18112.0
196	18112.0
197	18112.0
198	18112.0
199	18112.0
200	299574.0
201	299574.0
202	299574.0
203	299574.0
204	299574.0
205	603278.0
206	603278.0
207	603278.0
208	603278.0
209	603278.0
210	537217.0
211	537217.0
212	537217.0
213	537217.0
214	537217.0
215	459724.0
216	459724.0
217	459724.0
218	459724.0
219	459724.0
220	403110.0
221	403110.0
222	403110.0
223	403110.0
224	403110.0
225	535383.0
226	535383.0
227	535383.0
228	535383.0
229	535383.0
230	279908.0
231	279908.0
232	279908.0
233	279908.0
234	279908.0
235	171425.0
236	171425.0
237	171425.0
238	171425.0
239	171425.0
240	175223.0
241	175223.0
242	175223.0
243	175223.0
244	175223.0
245	607266.0
246	607266.0
247	607266.0
248	607266.0
249	607266.0
