0	496997.0
1	496997.0
2	496997.0
3	496997.0
4	496997.0
5	531488.0
6	531488.0
7	531488.0
8	531488.0
9	531488.0
10	416736.0
11	416736.0
12	416736.0
13	416736.0
14	416736.0
15	571015.0
16	571015.0
17	571015.0
18	571015.0
19	571015.0
20	768268.0
21	768268.0
22	768268.0
23	768268.0
24	768268.0
25	626357.0
26	626357.0
27	626357.0
28	626357.0
29	626357.0
30	333531.0
31	333531.0
32	333531.0
33	333531.0
34	333531.0
35	115870.0
36	115870.0
37	115870.0
38	115870.0
39	115870.0
40	299899.0
41	299899.0
42	299899.0
43	299899.0
44	299899.0
45	166482.0
46	166482.0
47	166482.0
48	166482.0
49	166482.0
50	551305.0
51	551305.0
52	551305.0
53	551305.0
54	551305.0
55	589100.0
56	589100.0
57	589100.0
58	589100.0
59	589100.0
60	508309.0
61	508309.0
62	508309.0
63	508309.0
64	508309.0
65	470249.0
66	470249.0
67	470249.0
68	470249.0
69	470249.0
70	357950.0
71	357950.0
72	357950.0
73	357950.0
74	357950.0
75	390858.0
76	390858.0
77	390858.0
78	390858.0
79	390858.0
80	97457.0
81	97457.0
82	97457.0
83	97457.0
84	97457.0
85	634836.0
86	634836.0
87	634836.0
88	634836.0
89	634836.0
90	313300.0
91	313300.0
92	313300.0
93	313300.0
94	313300.0
95	678878.0
96	678878.0
97	678878.0
98	678878.0
99	678878.0
100	352330.0
101	352330.0
102	352330.0
103	352330.0
104	352330.0
105	564162.0
106	564162.0
107	564162.0
108	564162.0
109	564162.0
110	130108.0
111	130108.0
112	130108.0
113	130108.0
114	130108.0
115	765780.0
116	765780.0
117	765780.0
118	765780.0
119	765780.0
120	589030.0
121	589030.0
122	589030.0
123	589030.0
124	589030.0
125	256973.0
126	256973.0
127	256973.0
128	256973.0
129	256973.0
130	370131.0
131	370131.0
132	370131.0
133	370131.0
134	370131.0
135	767956.0
136	767956.0
137	767956.0
138	767956.0
139	767956.0
140	335653.0
141	335653.0
142	335653.0
143	335653.0
144	335653.0
145	406719.0
146	406719.0
147	406719.0
148	406719.0
149	406719.0
150	267137.0
151	267137.0
152	267137.0
153	267137.0
154	267137.0
155	535621.0
156	535621.0
157	535621.0
158	535621.0
159	535621.0
160	627155.0
161	627155.0
162	627155.0
163	627155.0
164	627155.0
165	209622.0
166	209622.0
167	209622.0
168	209622.0
169	209622.0
170	684782.0
171	684782.0
172	684782.0
173	684782.0
174	684782.0
175	302439.0
176	302439.0
177	302439.0
178	302439.0
179	302439.0
180	122201.0
181	122201.0
182	122201.0
183	122201.0
184	122201.0
185	473687.0
186	473687.0
187	473687.0
188	473687.0
189	473687.0
190	792900.0
191	792900.0
192	792900.0
193	792900.0
194	792900.0
195	787158.0
196	787158.0
197	787158.0
198	787158.0
199	787158.0
200	435135.0
201	435135.0
202	435135.0
203	435135.0
204	435135.0
205	412340.0
206	412340.0
207	412340.0
208	412340.0
209	412340.0
210	93001.0
211	93001.0
212	93001.0
213	93001.0
214	93001.0
215	203300.0
216	203300.0
217	203300.0
218	203300.0
219	203300.0
220	249419.0
221	249419.0
222	249419.0
223	249419.0
224	249419.0
225	4161.0
226	4161.0
227	4161.0
228	4161.0
229	4161.0
230	801695.0
231	801695.0
232	801695.0
233	801695.0
234	801695.0
235	791868.0
236	791868.0
237	791868.0
238	791868.0
239	791868.0
240	223798.0
241	223798.0
242	223798.0
243	223798.0
244	223798.0
245	221638.0
246	221638.0
247	221638.0
248	221638.0
249	221638.0
