0	723589.0
1	723589.0
2	723589.0
3	723589.0
4	723589.0
5	348708.0
6	348708.0
7	348708.0
8	348708.0
9	348708.0
10	351727.0
11	351727.0
12	351727.0
13	351727.0
14	351727.0
15	397505.0
16	397505.0
17	397505.0
18	397505.0
19	397505.0
20	533125.0
21	533125.0
22	533125.0
23	533125.0
24	533125.0
25	417569.0
26	417569.0
27	417569.0
28	417569.0
29	417569.0
30	513781.0
31	513781.0
32	513781.0
33	513781.0
34	513781.0
35	790940.0
36	790940.0
37	790940.0
38	790940.0
39	790940.0
40	290917.0
41	290917.0
42	290917.0
43	290917.0
44	290917.0
45	439963.0
46	439963.0
47	439963.0
48	439963.0
49	439963.0
50	596284.0
51	596284.0
52	596284.0
53	596284.0
54	596284.0
55	713497.0
56	713497.0
57	713497.0
58	713497.0
59	713497.0
60	25433.0
61	25433.0
62	25433.0
63	25433.0
64	25433.0
65	694319.0
66	694319.0
67	694319.0
68	694319.0
69	694319.0
70	656602.0
71	656602.0
72	656602.0
73	656602.0
74	656602.0
75	232340.0
76	232340.0
77	232340.0
78	232340.0
79	232340.0
80	47316.0
81	47316.0
82	47316.0
83	47316.0
84	47316.0
85	634656.0
86	634656.0
87	634656.0
88	634656.0
89	634656.0
90	340506.0
91	340506.0
92	340506.0
93	340506.0
94	340506.0
95	264169.0
96	264169.0
97	264169.0
98	264169.0
99	264169.0
100	757160.0
101	757160.0
102	757160.0
103	757160.0
104	757160.0
105	333313.0
106	333313.0
107	333313.0
108	333313.0
109	333313.0
110	107570.0
111	107570.0
112	107570.0
113	107570.0
114	107570.0
115	214946.0
116	214946.0
117	214946.0
118	214946.0
119	214946.0
120	629979.0
121	629979.0
122	629979.0
123	629979.0
124	629979.0
125	236184.0
126	236184.0
127	236184.0
128	236184.0
129	236184.0
130	98194.0
131	98194.0
132	98194.0
133	98194.0
134	98194.0
135	491194.0
136	491194.0
137	491194.0
138	491194.0
139	491194.0
140	419641.0
141	419641.0
142	419641.0
143	419641.0
144	419641.0
145	152937.0
146	152937.0
147	152937.0
148	152937.0
149	152937.0
150	15019.0
151	15019.0
152	15019.0
153	15019.0
154	15019.0
155	708463.0
156	708463.0
157	708463.0
158	708463.0
159	708463.0
160	583240.0
161	583240.0
162	583240.0
163	583240.0
164	583240.0
165	611169.0
166	611169.0
167	611169.0
168	611169.0
169	611169.0
170	397711.0
171	397711.0
172	397711.0
173	397711.0
174	397711.0
175	104212.0
176	104212.0
177	104212.0
178	104212.0
179	104212.0
180	708848.0
181	708848.0
182	708848.0
183	708848.0
184	708848.0
185	724331.0
186	724331.0
187	724331.0
188	724331.0
189	724331.0
190	421999.0
191	421999.0
192	421999.0
193	421999.0
194	421999.0
195	137772.0
196	137772.0
197	137772.0
198	137772.0
199	137772.0
200	301168.0
201	301168.0
202	301168.0
203	301168.0
204	301168.0
205	596681.0
206	596681.0
207	596681.0
208	596681.0
209	596681.0
210	480525.0
211	480525.0
212	480525.0
213	480525.0
214	480525.0
215	381965.0
216	381965.0
217	381965.0
218	381965.0
219	381965.0
220	659954.0
221	659954.0
222	659954.0
223	659954.0
224	659954.0
225	784107.0
226	784107.0
227	784107.0
228	784107.0
229	784107.0
230	711318.0
231	711318.0
232	711318.0
233	711318.0
234	711318.0
235	16916.0
236	16916.0
237	16916.0
238	16916.0
239	16916.0
240	650654.0
241	650654.0
242	650654.0
243	650654.0
244	650654.0
245	128471.0
246	128471.0
247	128471.0
248	128471.0
249	128471.0
