0	597838.0
1	597838.0
2	597838.0
3	597838.0
4	597838.0
5	131640.0
6	131640.0
7	131640.0
8	131640.0
9	131640.0
10	419080.0
11	419080.0
12	419080.0
13	419080.0
14	419080.0
15	256942.0
16	256942.0
17	256942.0
18	256942.0
19	256942.0
20	491922.0
21	491922.0
22	491922.0
23	491922.0
24	491922.0
25	214238.0
26	214238.0
27	214238.0
28	214238.0
29	214238.0
30	352834.0
31	352834.0
32	352834.0
33	352834.0
34	352834.0
35	42935.0
36	42935.0
37	42935.0
38	42935.0
39	42935.0
40	259039.0
41	259039.0
42	259039.0
43	259039.0
44	259039.0
45	356796.0
46	356796.0
47	356796.0
48	356796.0
49	356796.0
50	476732.0
51	476732.0
52	476732.0
53	476732.0
54	476732.0
55	670168.0
56	670168.0
57	670168.0
58	670168.0
59	670168.0
60	91699.0
61	91699.0
62	91699.0
63	91699.0
64	91699.0
65	57336.0
66	57336.0
67	57336.0
68	57336.0
69	57336.0
70	555471.0
71	555471.0
72	555471.0
73	555471.0
74	555471.0
75	792351.0
76	792351.0
77	792351.0
78	792351.0
79	792351.0
80	796570.0
81	796570.0
82	796570.0
83	796570.0
84	796570.0
85	520011.0
86	520011.0
87	520011.0
88	520011.0
89	520011.0
90	524440.0
91	524440.0
92	524440.0
93	524440.0
94	524440.0
95	534977.0
96	534977.0
97	534977.0
98	534977.0
99	534977.0
100	738191.0
101	738191.0
102	738191.0
103	738191.0
104	738191.0
105	110739.0
106	110739.0
107	110739.0
108	110739.0
109	110739.0
110	169682.0
111	169682.0
112	169682.0
113	169682.0
114	169682.0
115	151314.0
116	151314.0
117	151314.0
118	151314.0
119	151314.0
120	753355.0
121	753355.0
122	753355.0
123	753355.0
124	753355.0
125	26435.0
126	26435.0
127	26435.0
128	26435.0
129	26435.0
130	475530.0
131	475530.0
132	475530.0
133	475530.0
134	475530.0
135	33306.0
136	33306.0
137	33306.0
138	33306.0
139	33306.0
140	50769.0
141	50769.0
142	50769.0
143	50769.0
144	50769.0
145	229556.0
146	229556.0
147	229556.0
148	229556.0
149	229556.0
150	446222.0
151	446222.0
152	446222.0
153	446222.0
154	446222.0
155	261162.0
156	261162.0
157	261162.0
158	261162.0
159	261162.0
160	116865.0
161	116865.0
162	116865.0
163	116865.0
164	116865.0
165	238573.0
166	238573.0
167	238573.0
168	238573.0
169	238573.0
170	749969.0
171	749969.0
172	749969.0
173	749969.0
174	749969.0
175	548185.0
176	548185.0
177	548185.0
178	548185.0
179	548185.0
180	368700.0
181	368700.0
182	368700.0
183	368700.0
184	368700.0
185	25011.0
186	25011.0
187	25011.0
188	25011.0
189	25011.0
190	693019.0
191	693019.0
192	693019.0
193	693019.0
194	693019.0
195	616562.0
196	616562.0
197	616562.0
198	616562.0
199	616562.0
200	402268.0
201	402268.0
202	402268.0
203	402268.0
204	402268.0
205	614534.0
206	614534.0
207	614534.0
208	614534.0
209	614534.0
210	296801.0
211	296801.0
212	296801.0
213	296801.0
214	296801.0
215	663854.0
216	663854.0
217	663854.0
218	663854.0
219	663854.0
220	759038.0
221	759038.0
222	759038.0
223	759038.0
224	759038.0
225	137343.0
226	137343.0
227	137343.0
228	137343.0
229	137343.0
230	652157.0
231	652157.0
232	652157.0
233	652157.0
234	652157.0
235	492981.0
236	492981.0
237	492981.0
238	492981.0
239	492981.0
240	233920.0
241	233920.0
242	233920.0
243	233920.0
244	233920.0
245	429929.0
246	429929.0
247	429929.0
248	429929.0
249	429929.0
