0	79917.0
1	79917.0
2	79917.0
3	79917.0
4	79917.0
5	679694.0
6	679694.0
7	679694.0
8	679694.0
9	679694.0
10	319532.0
11	319532.0
12	319532.0
13	319532.0
14	319532.0
15	491671.0
16	491671.0
17	491671.0
18	491671.0
19	491671.0
20	730656.0
21	730656.0
22	730656.0
23	730656.0
24	730656.0
25	739728.0
26	739728.0
27	739728.0
28	739728.0
29	739728.0
30	205879.0
31	205879.0
32	205879.0
33	205879.0
34	205879.0
35	672281.0
36	672281.0
37	672281.0
38	672281.0
39	672281.0
40	406345.0
41	406345.0
42	406345.0
43	406345.0
44	406345.0
45	362917.0
46	362917.0
47	362917.0
48	362917.0
49	362917.0
50	95127.0
51	95127.0
52	95127.0
53	95127.0
54	95127.0
55	522018.0
56	522018.0
57	522018.0
58	522018.0
59	522018.0
60	629181.0
61	629181.0
62	629181.0
63	629181.0
64	629181.0
65	23638.0
66	23638.0
67	23638.0
68	23638.0
69	23638.0
70	333912.0
71	333912.0
72	333912.0
73	333912.0
74	333912.0
75	94385.0
76	94385.0
77	94385.0
78	94385.0
79	94385.0
80	320574.0
81	320574.0
82	320574.0
83	320574.0
84	320574.0
85	619842.0
86	619842.0
87	619842.0
88	619842.0
89	619842.0
90	613286.0
91	613286.0
92	613286.0
93	613286.0
94	613286.0
95	567410.0
96	567410.0
97	567410.0
98	567410.0
99	567410.0
100	737216.0
101	737216.0
102	737216.0
103	737216.0
104	737216.0
105	659318.0
106	659318.0
107	659318.0
108	659318.0
109	659318.0
110	494280.0
111	494280.0
112	494280.0
113	494280.0
114	494280.0
115	517991.0
116	517991.0
117	517991.0
118	517991.0
119	517991.0
120	356465.0
121	356465.0
122	356465.0
123	356465.0
124	356465.0
125	559473.0
126	559473.0
127	559473.0
128	559473.0
129	559473.0
130	724983.0
131	724983.0
132	724983.0
133	724983.0
134	724983.0
135	736060.0
136	736060.0
137	736060.0
138	736060.0
139	736060.0
140	557802.0
141	557802.0
142	557802.0
143	557802.0
144	557802.0
145	18185.0
146	18185.0
147	18185.0
148	18185.0
149	18185.0
150	650691.0
151	650691.0
152	650691.0
153	650691.0
154	650691.0
155	519570.0
156	519570.0
157	519570.0
158	519570.0
159	519570.0
160	681351.0
161	681351.0
162	681351.0
163	681351.0
164	681351.0
165	261462.0
166	261462.0
167	261462.0
168	261462.0
169	261462.0
170	452706.0
171	452706.0
172	452706.0
173	452706.0
174	452706.0
175	175254.0
176	175254.0
177	175254.0
178	175254.0
179	175254.0
180	227733.0
181	227733.0
182	227733.0
183	227733.0
184	227733.0
185	30053.0
186	30053.0
187	30053.0
188	30053.0
189	30053.0
190	347212.0
191	347212.0
192	347212.0
193	347212.0
194	347212.0
195	789208.0
196	789208.0
197	789208.0
198	789208.0
199	789208.0
200	122117.0
201	122117.0
202	122117.0
203	122117.0
204	122117.0
205	690569.0
206	690569.0
207	690569.0
208	690569.0
209	690569.0
210	797010.0
211	797010.0
212	797010.0
213	797010.0
214	797010.0
215	392383.0
216	392383.0
217	392383.0
218	392383.0
219	392383.0
220	702665.0
221	702665.0
222	702665.0
223	702665.0
224	702665.0
225	246102.0
226	246102.0
227	246102.0
228	246102.0
229	246102.0
230	790406.0
231	790406.0
232	790406.0
233	790406.0
234	790406.0
235	372835.0
236	372835.0
237	372835.0
238	372835.0
239	372835.0
240	697367.0
241	697367.0
242	697367.0
243	697367.0
244	697367.0
245	692020.0
246	692020.0
247	692020.0
248	692020.0
249	692020.0
