0	155795.0
1	155795.0
2	155795.0
3	155795.0
4	155795.0
5	557392.0
6	557392.0
7	557392.0
8	557392.0
9	557392.0
10	664787.0
11	664787.0
12	664787.0
13	664787.0
14	664787.0
15	25651.0
16	25651.0
17	25651.0
18	25651.0
19	25651.0
20	372419.0
21	372419.0
22	372419.0
23	372419.0
24	372419.0
25	94210.0
26	94210.0
27	94210.0
28	94210.0
29	94210.0
30	422121.0
31	422121.0
32	422121.0
33	422121.0
34	422121.0
35	701714.0
36	701714.0
37	701714.0
38	701714.0
39	701714.0
40	66708.0
41	66708.0
42	66708.0
43	66708.0
44	66708.0
45	53164.0
46	53164.0
47	53164.0
48	53164.0
49	53164.0
50	798067.0
51	798067.0
52	798067.0
53	798067.0
54	798067.0
55	464248.0
56	464248.0
57	464248.0
58	464248.0
59	464248.0
60	489631.0
61	489631.0
62	489631.0
63	489631.0
64	489631.0
65	187580.0
66	187580.0
67	187580.0
68	187580.0
69	187580.0
70	375636.0
71	375636.0
72	375636.0
73	375636.0
74	375636.0
75	560154.0
76	560154.0
77	560154.0
78	560154.0
79	560154.0
80	274591.0
81	274591.0
82	274591.0
83	274591.0
84	274591.0
85	575486.0
86	575486.0
87	575486.0
88	575486.0
89	575486.0
90	256506.0
91	256506.0
92	256506.0
93	256506.0
94	256506.0
95	675876.0
96	675876.0
97	675876.0
98	675876.0
99	675876.0
100	607222.0
101	607222.0
102	607222.0
103	607222.0
104	607222.0
105	443147.0
106	443147.0
107	443147.0
108	443147.0
109	443147.0
110	541378.0
111	541378.0
112	541378.0
113	541378.0
114	541378.0
115	483478.0
116	483478.0
117	483478.0
118	483478.0
119	483478.0
120	715104.0
121	715104.0
122	715104.0
123	715104.0
124	715104.0
125	622403.0
126	622403.0
127	622403.0
128	622403.0
129	622403.0
130	463122.0
131	463122.0
132	463122.0
133	463122.0
134	463122.0
135	529919.0
136	529919.0
137	529919.0
138	529919.0
139	529919.0
140	787867.0
141	787867.0
142	787867.0
143	787867.0
144	787867.0
145	415684.0
146	415684.0
147	415684.0
148	415684.0
149	415684.0
150	453937.0
151	453937.0
152	453937.0
153	453937.0
154	453937.0
155	173881.0
156	173881.0
157	173881.0
158	173881.0
159	173881.0
160	289163.0
161	289163.0
162	289163.0
163	289163.0
164	289163.0
165	131245.0
166	131245.0
167	131245.0
168	131245.0
169	131245.0
170	226426.0
171	226426.0
172	226426.0
173	226426.0
174	226426.0
175	667062.0
176	667062.0
177	667062.0
178	667062.0
179	667062.0
180	77672.0
181	77672.0
182	77672.0
183	77672.0
184	77672.0
185	700179.0
186	700179.0
187	700179.0
188	700179.0
189	700179.0
190	762085.0
191	762085.0
192	762085.0
193	762085.0
194	762085.0
195	60650.0
196	60650.0
197	60650.0
198	60650.0
199	60650.0
200	43985.0
201	43985.0
202	43985.0
203	43985.0
204	43985.0
205	413497.0
206	413497.0
207	413497.0
208	413497.0
209	413497.0
210	269190.0
211	269190.0
212	269190.0
213	269190.0
214	269190.0
215	234633.0
216	234633.0
217	234633.0
218	234633.0
219	234633.0
220	83757.0
221	83757.0
222	83757.0
223	83757.0
224	83757.0
225	452650.0
226	452650.0
227	452650.0
228	452650.0
229	452650.0
230	199856.0
231	199856.0
232	199856.0
233	199856.0
234	199856.0
235	267764.0
236	267764.0
237	267764.0
238	267764.0
239	267764.0
240	28610.0
241	28610.0
242	28610.0
243	28610.0
244	28610.0
245	14195.0
246	14195.0
247	14195.0
248	14195.0
249	14195.0
