0	799014.0
1	799014.0
2	799014.0
3	799014.0
4	799014.0
5	445575.0
6	445575.0
7	445575.0
8	445575.0
9	445575.0
10	68124.0
11	68124.0
12	68124.0
13	68124.0
14	68124.0
15	736130.0
16	736130.0
17	736130.0
18	736130.0
19	736130.0
20	523867.0
21	523867.0
22	523867.0
23	523867.0
24	523867.0
25	467602.0
26	467602.0
27	467602.0
28	467602.0
29	467602.0
30	767317.0
31	767317.0
32	767317.0
33	767317.0
34	767317.0
35	225122.0
36	225122.0
37	225122.0
38	225122.0
39	225122.0
40	186975.0
41	186975.0
42	186975.0
43	186975.0
44	186975.0
45	767595.0
46	767595.0
47	767595.0
48	767595.0
49	767595.0
50	826959.0
51	826959.0
52	826959.0
53	826959.0
54	826959.0
55	676883.0
56	676883.0
57	676883.0
58	676883.0
59	676883.0
60	184221.0
61	184221.0
62	184221.0
63	184221.0
64	184221.0
65	213269.0
66	213269.0
67	213269.0
68	213269.0
69	213269.0
70	827004.0
71	827004.0
72	827004.0
73	827004.0
74	827004.0
75	91889.0
76	91889.0
77	91889.0
78	91889.0
79	91889.0
80	57931.0
81	57931.0
82	57931.0
83	57931.0
84	57931.0
85	686302.0
86	686302.0
87	686302.0
88	686302.0
89	686302.0
90	503826.0
91	503826.0
92	503826.0
93	503826.0
94	503826.0
95	173858.0
96	173858.0
97	173858.0
98	173858.0
99	173858.0
100	311433.0
101	311433.0
102	311433.0
103	311433.0
104	311433.0
105	324261.0
106	324261.0
107	324261.0
108	324261.0
109	324261.0
110	373602.0
111	373602.0
112	373602.0
113	373602.0
114	373602.0
115	630406.0
116	630406.0
117	630406.0
118	630406.0
119	630406.0
120	228007.0
121	228007.0
122	228007.0
123	228007.0
124	228007.0
125	204808.0
126	204808.0
127	204808.0
128	204808.0
129	204808.0
130	857311.0
131	857311.0
132	857311.0
133	857311.0
134	857311.0
135	848926.0
136	848926.0
137	848926.0
138	848926.0
139	848926.0
140	762687.0
141	762687.0
142	762687.0
143	762687.0
144	762687.0
145	405435.0
146	405435.0
147	405435.0
148	405435.0
149	405435.0
150	533954.0
151	533954.0
152	533954.0
153	533954.0
154	533954.0
155	545212.0
156	545212.0
157	545212.0
158	545212.0
159	545212.0
160	253557.0
161	253557.0
162	253557.0
163	253557.0
164	253557.0
165	423377.0
166	423377.0
167	423377.0
168	423377.0
169	423377.0
170	631302.0
171	631302.0
172	631302.0
173	631302.0
174	631302.0
175	22156.0
176	22156.0
177	22156.0
178	22156.0
179	22156.0
180	97834.0
181	97834.0
182	97834.0
183	97834.0
184	97834.0
185	374880.0
186	374880.0
187	374880.0
188	374880.0
189	374880.0
190	96707.0
191	96707.0
192	96707.0
193	96707.0
194	96707.0
195	597708.0
196	597708.0
197	597708.0
198	597708.0
199	597708.0
200	197716.0
201	197716.0
202	197716.0
203	197716.0
204	197716.0
205	128817.0
206	128817.0
207	128817.0
208	128817.0
209	128817.0
210	405610.0
211	405610.0
212	405610.0
213	405610.0
214	405610.0
215	192860.0
216	192860.0
217	192860.0
218	192860.0
219	192860.0
220	553001.0
221	553001.0
222	553001.0
223	553001.0
224	553001.0
225	774586.0
226	774586.0
227	774586.0
228	774586.0
229	774586.0
230	70424.0
231	70424.0
232	70424.0
233	70424.0
234	70424.0
235	254721.0
236	254721.0
237	254721.0
238	254721.0
239	254721.0
240	801038.0
241	801038.0
242	801038.0
243	801038.0
244	801038.0
245	332823.0
246	332823.0
247	332823.0
248	332823.0
249	332823.0
