0	581299.0
1	581299.0
2	581299.0
3	581299.0
4	581299.0
5	241467.0
6	241467.0
7	241467.0
8	241467.0
9	241467.0
10	857983.0
11	857983.0
12	857983.0
13	857983.0
14	857983.0
15	161769.0
16	161769.0
17	161769.0
18	161769.0
19	161769.0
20	854156.0
21	854156.0
22	854156.0
23	854156.0
24	854156.0
25	527446.0
26	527446.0
27	527446.0
28	527446.0
29	527446.0
30	41995.0
31	41995.0
32	41995.0
33	41995.0
34	41995.0
35	512642.0
36	512642.0
37	512642.0
38	512642.0
39	512642.0
40	795438.0
41	795438.0
42	795438.0
43	795438.0
44	795438.0
45	161432.0
46	161432.0
47	161432.0
48	161432.0
49	161432.0
50	492141.0
51	492141.0
52	492141.0
53	492141.0
54	492141.0
55	286866.0
56	286866.0
57	286866.0
58	286866.0
59	286866.0
60	729533.0
61	729533.0
62	729533.0
63	729533.0
64	729533.0
65	870257.0
66	870257.0
67	870257.0
68	870257.0
69	870257.0
70	116584.0
71	116584.0
72	116584.0
73	116584.0
74	116584.0
75	879026.0
76	879026.0
77	879026.0
78	879026.0
79	879026.0
80	486576.0
81	486576.0
82	486576.0
83	486576.0
84	486576.0
85	690336.0
86	690336.0
87	690336.0
88	690336.0
89	690336.0
90	652478.0
91	652478.0
92	652478.0
93	652478.0
94	652478.0
95	695809.0
96	695809.0
97	695809.0
98	695809.0
99	695809.0
100	858840.0
101	858840.0
102	858840.0
103	858840.0
104	858840.0
105	389023.0
106	389023.0
107	389023.0
108	389023.0
109	389023.0
110	103176.0
111	103176.0
112	103176.0
113	103176.0
114	103176.0
115	209696.0
116	209696.0
117	209696.0
118	209696.0
119	209696.0
120	713204.0
121	713204.0
122	713204.0
123	713204.0
124	713204.0
125	610796.0
126	610796.0
127	610796.0
128	610796.0
129	610796.0
130	80929.0
131	80929.0
132	80929.0
133	80929.0
134	80929.0
135	542868.0
136	542868.0
137	542868.0
138	542868.0
139	542868.0
140	726475.0
141	726475.0
142	726475.0
143	726475.0
144	726475.0
145	48814.0
146	48814.0
147	48814.0
148	48814.0
149	48814.0
150	403480.0
151	403480.0
152	403480.0
153	403480.0
154	403480.0
155	272708.0
156	272708.0
157	272708.0
158	272708.0
159	272708.0
160	116389.0
161	116389.0
162	116389.0
163	116389.0
164	116389.0
165	47282.0
166	47282.0
167	47282.0
168	47282.0
169	47282.0
170	758541.0
171	758541.0
172	758541.0
173	758541.0
174	758541.0
175	816248.0
176	816248.0
177	816248.0
178	816248.0
179	816248.0
180	783107.0
181	783107.0
182	783107.0
183	783107.0
184	783107.0
185	870364.0
186	870364.0
187	870364.0
188	870364.0
189	870364.0
190	205935.0
191	205935.0
192	205935.0
193	205935.0
194	205935.0
195	72225.0
196	72225.0
197	72225.0
198	72225.0
199	72225.0
200	194187.0
201	194187.0
202	194187.0
203	194187.0
204	194187.0
205	414718.0
206	414718.0
207	414718.0
208	414718.0
209	414718.0
210	641040.0
211	641040.0
212	641040.0
213	641040.0
214	641040.0
215	801706.0
216	801706.0
217	801706.0
218	801706.0
219	801706.0
220	550069.0
221	550069.0
222	550069.0
223	550069.0
224	550069.0
225	646710.0
226	646710.0
227	646710.0
228	646710.0
229	646710.0
230	574398.0
231	574398.0
232	574398.0
233	574398.0
234	574398.0
235	823097.0
236	823097.0
237	823097.0
238	823097.0
239	823097.0
240	459003.0
241	459003.0
242	459003.0
243	459003.0
244	459003.0
245	154678.0
246	154678.0
247	154678.0
248	154678.0
249	154678.0
