0	813997.0
1	813997.0
2	813997.0
3	813997.0
4	813997.0
5	655582.0
6	655582.0
7	655582.0
8	655582.0
9	655582.0
10	500184.0
11	500184.0
12	500184.0
13	500184.0
14	500184.0
15	602745.0
16	602745.0
17	602745.0
18	602745.0
19	602745.0
20	323224.0
21	323224.0
22	323224.0
23	323224.0
24	323224.0
25	414800.0
26	414800.0
27	414800.0
28	414800.0
29	414800.0
30	319372.0
31	319372.0
32	319372.0
33	319372.0
34	319372.0
35	618047.0
36	618047.0
37	618047.0
38	618047.0
39	618047.0
40	105925.0
41	105925.0
42	105925.0
43	105925.0
44	105925.0
45	843210.0
46	843210.0
47	843210.0
48	843210.0
49	843210.0
50	55080.0
51	55080.0
52	55080.0
53	55080.0
54	55080.0
55	703897.0
56	703897.0
57	703897.0
58	703897.0
59	703897.0
60	309550.0
61	309550.0
62	309550.0
63	309550.0
64	309550.0
65	396526.0
66	396526.0
67	396526.0
68	396526.0
69	396526.0
70	515219.0
71	515219.0
72	515219.0
73	515219.0
74	515219.0
75	69080.0
76	69080.0
77	69080.0
78	69080.0
79	69080.0
80	638753.0
81	638753.0
82	638753.0
83	638753.0
84	638753.0
85	263611.0
86	263611.0
87	263611.0
88	263611.0
89	263611.0
90	719738.0
91	719738.0
92	719738.0
93	719738.0
94	719738.0
95	468631.0
96	468631.0
97	468631.0
98	468631.0
99	468631.0
100	844094.0
101	844094.0
102	844094.0
103	844094.0
104	844094.0
105	562807.0
106	562807.0
107	562807.0
108	562807.0
109	562807.0
110	142823.0
111	142823.0
112	142823.0
113	142823.0
114	142823.0
115	727137.0
116	727137.0
117	727137.0
118	727137.0
119	727137.0
120	693021.0
121	693021.0
122	693021.0
123	693021.0
124	693021.0
125	190173.0
126	190173.0
127	190173.0
128	190173.0
129	190173.0
130	395653.0
131	395653.0
132	395653.0
133	395653.0
134	395653.0
135	582504.0
136	582504.0
137	582504.0
138	582504.0
139	582504.0
140	692014.0
141	692014.0
142	692014.0
143	692014.0
144	692014.0
145	311816.0
146	311816.0
147	311816.0
148	311816.0
149	311816.0
150	133753.0
151	133753.0
152	133753.0
153	133753.0
154	133753.0
155	484355.0
156	484355.0
157	484355.0
158	484355.0
159	484355.0
160	617315.0
161	617315.0
162	617315.0
163	617315.0
164	617315.0
165	510572.0
166	510572.0
167	510572.0
168	510572.0
169	510572.0
170	226358.0
171	226358.0
172	226358.0
173	226358.0
174	226358.0
175	223253.0
176	223253.0
177	223253.0
178	223253.0
179	223253.0
180	227204.0
181	227204.0
182	227204.0
183	227204.0
184	227204.0
185	24594.0
186	24594.0
187	24594.0
188	24594.0
189	24594.0
190	629881.0
191	629881.0
192	629881.0
193	629881.0
194	629881.0
195	877355.0
196	877355.0
197	877355.0
198	877355.0
199	877355.0
200	675042.0
201	675042.0
202	675042.0
203	675042.0
204	675042.0
205	326579.0
206	326579.0
207	326579.0
208	326579.0
209	326579.0
210	829358.0
211	829358.0
212	829358.0
213	829358.0
214	829358.0
215	824799.0
216	824799.0
217	824799.0
218	824799.0
219	824799.0
220	631752.0
221	631752.0
222	631752.0
223	631752.0
224	631752.0
225	389847.0
226	389847.0
227	389847.0
228	389847.0
229	389847.0
230	171017.0
231	171017.0
232	171017.0
233	171017.0
234	171017.0
235	39506.0
236	39506.0
237	39506.0
238	39506.0
239	39506.0
240	755272.0
241	755272.0
242	755272.0
243	755272.0
244	755272.0
245	711811.0
246	711811.0
247	711811.0
248	711811.0
249	711811.0
