0	135735.0
1	135735.0
2	135735.0
3	135735.0
4	135735.0
5	214247.0
6	214247.0
7	214247.0
8	214247.0
9	214247.0
10	554810.0
11	554810.0
12	554810.0
13	554810.0
14	554810.0
15	170273.0
16	170273.0
17	170273.0
18	170273.0
19	170273.0
20	107589.0
21	107589.0
22	107589.0
23	107589.0
24	107589.0
25	459182.0
26	459182.0
27	459182.0
28	459182.0
29	459182.0
30	116301.0
31	116301.0
32	116301.0
33	116301.0
34	116301.0
35	199728.0
36	199728.0
37	199728.0
38	199728.0
39	199728.0
40	157043.0
41	157043.0
42	157043.0
43	157043.0
44	157043.0
45	165167.0
46	165167.0
47	165167.0
48	165167.0
49	165167.0
50	741704.0
51	741704.0
52	741704.0
53	741704.0
54	741704.0
55	672988.0
56	672988.0
57	672988.0
58	672988.0
59	672988.0
60	766718.0
61	766718.0
62	766718.0
63	766718.0
64	766718.0
65	378602.0
66	378602.0
67	378602.0
68	378602.0
69	378602.0
70	821032.0
71	821032.0
72	821032.0
73	821032.0
74	821032.0
75	28238.0
76	28238.0
77	28238.0
78	28238.0
79	28238.0
80	879062.0
81	879062.0
82	879062.0
83	879062.0
84	879062.0
85	795897.0
86	795897.0
87	795897.0
88	795897.0
89	795897.0
90	752529.0
91	752529.0
92	752529.0
93	752529.0
94	752529.0
95	150891.0
96	150891.0
97	150891.0
98	150891.0
99	150891.0
100	242665.0
101	242665.0
102	242665.0
103	242665.0
104	242665.0
105	17306.0
106	17306.0
107	17306.0
108	17306.0
109	17306.0
110	628839.0
111	628839.0
112	628839.0
113	628839.0
114	628839.0
115	102410.0
116	102410.0
117	102410.0
118	102410.0
119	102410.0
120	88707.0
121	88707.0
122	88707.0
123	88707.0
124	88707.0
125	440754.0
126	440754.0
127	440754.0
128	440754.0
129	440754.0
130	70522.0
131	70522.0
132	70522.0
133	70522.0
134	70522.0
135	277403.0
136	277403.0
137	277403.0
138	277403.0
139	277403.0
140	626207.0
141	626207.0
142	626207.0
143	626207.0
144	626207.0
145	875598.0
146	875598.0
147	875598.0
148	875598.0
149	875598.0
150	22604.0
151	22604.0
152	22604.0
153	22604.0
154	22604.0
155	370961.0
156	370961.0
157	370961.0
158	370961.0
159	370961.0
160	684900.0
161	684900.0
162	684900.0
163	684900.0
164	684900.0
165	516306.0
166	516306.0
167	516306.0
168	516306.0
169	516306.0
170	34744.0
171	34744.0
172	34744.0
173	34744.0
174	34744.0
175	790961.0
176	790961.0
177	790961.0
178	790961.0
179	790961.0
180	434180.0
181	434180.0
182	434180.0
183	434180.0
184	434180.0
185	822943.0
186	822943.0
187	822943.0
188	822943.0
189	822943.0
190	731849.0
191	731849.0
192	731849.0
193	731849.0
194	731849.0
195	568678.0
196	568678.0
197	568678.0
198	568678.0
199	568678.0
200	200460.0
201	200460.0
202	200460.0
203	200460.0
204	200460.0
205	248341.0
206	248341.0
207	248341.0
208	248341.0
209	248341.0
210	833262.0
211	833262.0
212	833262.0
213	833262.0
214	833262.0
215	31419.0
216	31419.0
217	31419.0
218	31419.0
219	31419.0
220	192583.0
221	192583.0
222	192583.0
223	192583.0
224	192583.0
225	199228.0
226	199228.0
227	199228.0
228	199228.0
229	199228.0
230	204364.0
231	204364.0
232	204364.0
233	204364.0
234	204364.0
235	598922.0
236	598922.0
237	598922.0
238	598922.0
239	598922.0
240	654643.0
241	654643.0
242	654643.0
243	654643.0
244	654643.0
245	452219.0
246	452219.0
247	452219.0
248	452219.0
249	452219.0
