0	368080.0
1	368080.0
2	368080.0
3	368080.0
4	368080.0
5	475154.0
6	475154.0
7	475154.0
8	475154.0
9	475154.0
10	579095.0
11	579095.0
12	579095.0
13	579095.0
14	579095.0
15	39049.0
16	39049.0
17	39049.0
18	39049.0
19	39049.0
20	147689.0
21	147689.0
22	147689.0
23	147689.0
24	147689.0
25	554933.0
26	554933.0
27	554933.0
28	554933.0
29	554933.0
30	299894.0
31	299894.0
32	299894.0
33	299894.0
34	299894.0
35	201881.0
36	201881.0
37	201881.0
38	201881.0
39	201881.0
40	500545.0
41	500545.0
42	500545.0
43	500545.0
44	500545.0
45	370136.0
46	370136.0
47	370136.0
48	370136.0
49	370136.0
50	69030.0
51	69030.0
52	69030.0
53	69030.0
54	69030.0
55	5992.0
56	5992.0
57	5992.0
58	5992.0
59	5992.0
60	456302.0
61	456302.0
62	456302.0
63	456302.0
64	456302.0
65	10638.0
66	10638.0
67	10638.0
68	10638.0
69	10638.0
70	139401.0
71	139401.0
72	139401.0
73	139401.0
74	139401.0
75	542888.0
76	542888.0
77	542888.0
78	542888.0
79	542888.0
80	617860.0
81	617860.0
82	617860.0
83	617860.0
84	617860.0
85	568538.0
86	568538.0
87	568538.0
88	568538.0
89	568538.0
90	105819.0
91	105819.0
92	105819.0
93	105819.0
94	105819.0
95	400777.0
96	400777.0
97	400777.0
98	400777.0
99	400777.0
100	326948.0
101	326948.0
102	326948.0
103	326948.0
104	326948.0
105	541834.0
106	541834.0
107	541834.0
108	541834.0
109	541834.0
110	540135.0
111	540135.0
112	540135.0
113	540135.0
114	540135.0
115	536397.0
116	536397.0
117	536397.0
118	536397.0
119	536397.0
120	311200.0
121	311200.0
122	311200.0
123	311200.0
124	311200.0
125	562493.0
126	562493.0
127	562493.0
128	562493.0
129	562493.0
130	325288.0
131	325288.0
132	325288.0
133	325288.0
134	325288.0
135	409977.0
136	409977.0
137	409977.0
138	409977.0
139	409977.0
140	368093.0
141	368093.0
142	368093.0
143	368093.0
144	368093.0
145	609096.0
146	609096.0
147	609096.0
148	609096.0
149	609096.0
150	531761.0
151	531761.0
152	531761.0
153	531761.0
154	531761.0
155	278442.0
156	278442.0
157	278442.0
158	278442.0
159	278442.0
160	342035.0
161	342035.0
162	342035.0
163	342035.0
164	342035.0
165	42288.0
166	42288.0
167	42288.0
168	42288.0
169	42288.0
170	286397.0
171	286397.0
172	286397.0
173	286397.0
174	286397.0
175	87601.0
176	87601.0
177	87601.0
178	87601.0
179	87601.0
180	120912.0
181	120912.0
182	120912.0
183	120912.0
184	120912.0
185	260472.0
186	260472.0
187	260472.0
188	260472.0
189	260472.0
190	267864.0
191	267864.0
192	267864.0
193	267864.0
194	267864.0
195	203196.0
196	203196.0
197	203196.0
198	203196.0
199	203196.0
200	190204.0
201	190204.0
202	190204.0
203	190204.0
204	190204.0
205	497972.0
206	497972.0
207	497972.0
208	497972.0
209	497972.0
210	489152.0
211	489152.0
212	489152.0
213	489152.0
214	489152.0
215	38639.0
216	38639.0
217	38639.0
218	38639.0
219	38639.0
220	546010.0
221	546010.0
222	546010.0
223	546010.0
224	546010.0
225	46691.0
226	46691.0
227	46691.0
228	46691.0
229	46691.0
230	547667.0
231	547667.0
232	547667.0
233	547667.0
234	547667.0
235	63614.0
236	63614.0
237	63614.0
238	63614.0
239	63614.0
240	422825.0
241	422825.0
242	422825.0
243	422825.0
244	422825.0
245	189158.0
246	189158.0
247	189158.0
248	189158.0
249	189158.0
