0	243786.0
1	243786.0
2	243786.0
3	243786.0
4	243786.0
5	392300.0
6	392300.0
7	392300.0
8	392300.0
9	392300.0
10	469674.0
11	469674.0
12	469674.0
13	469674.0
14	469674.0
15	532479.0
16	532479.0
17	532479.0
18	532479.0
19	532479.0
20	214709.0
21	214709.0
22	214709.0
23	214709.0
24	214709.0
25	468157.0
26	468157.0
27	468157.0
28	468157.0
29	468157.0
30	162123.0
31	162123.0
32	162123.0
33	162123.0
34	162123.0
35	315778.0
36	315778.0
37	315778.0
38	315778.0
39	315778.0
40	271397.0
41	271397.0
42	271397.0
43	271397.0
44	271397.0
45	182367.0
46	182367.0
47	182367.0
48	182367.0
49	182367.0
50	217930.0
51	217930.0
52	217930.0
53	217930.0
54	217930.0
55	45616.0
56	45616.0
57	45616.0
58	45616.0
59	45616.0
60	535924.0
61	535924.0
62	535924.0
63	535924.0
64	535924.0
65	375568.0
66	375568.0
67	375568.0
68	375568.0
69	375568.0
70	231864.0
71	231864.0
72	231864.0
73	231864.0
74	231864.0
75	464450.0
76	464450.0
77	464450.0
78	464450.0
79	464450.0
80	502245.0
81	502245.0
82	502245.0
83	502245.0
84	502245.0
85	176506.0
86	176506.0
87	176506.0
88	176506.0
89	176506.0
90	359627.0
91	359627.0
92	359627.0
93	359627.0
94	359627.0
95	163140.0
96	163140.0
97	163140.0
98	163140.0
99	163140.0
100	220905.0
101	220905.0
102	220905.0
103	220905.0
104	220905.0
105	597034.0
106	597034.0
107	597034.0
108	597034.0
109	597034.0
110	421128.0
111	421128.0
112	421128.0
113	421128.0
114	421128.0
115	134777.0
116	134777.0
117	134777.0
118	134777.0
119	134777.0
120	70053.0
121	70053.0
122	70053.0
123	70053.0
124	70053.0
125	374968.0
126	374968.0
127	374968.0
128	374968.0
129	374968.0
130	552220.0
131	552220.0
132	552220.0
133	552220.0
134	552220.0
135	217841.0
136	217841.0
137	217841.0
138	217841.0
139	217841.0
140	431339.0
141	431339.0
142	431339.0
143	431339.0
144	431339.0
145	389679.0
146	389679.0
147	389679.0
148	389679.0
149	389679.0
150	358581.0
151	358581.0
152	358581.0
153	358581.0
154	358581.0
155	128974.0
156	128974.0
157	128974.0
158	128974.0
159	128974.0
160	408332.0
161	408332.0
162	408332.0
163	408332.0
164	408332.0
165	94975.0
166	94975.0
167	94975.0
168	94975.0
169	94975.0
170	253162.0
171	253162.0
172	253162.0
173	253162.0
174	253162.0
175	505307.0
176	505307.0
177	505307.0
178	505307.0
179	505307.0
180	532416.0
181	532416.0
182	532416.0
183	532416.0
184	532416.0
185	55968.0
186	55968.0
187	55968.0
188	55968.0
189	55968.0
190	213980.0
191	213980.0
192	213980.0
193	213980.0
194	213980.0
195	510293.0
196	510293.0
197	510293.0
198	510293.0
199	510293.0
200	382201.0
201	382201.0
202	382201.0
203	382201.0
204	382201.0
205	34874.0
206	34874.0
207	34874.0
208	34874.0
209	34874.0
210	567381.0
211	567381.0
212	567381.0
213	567381.0
214	567381.0
215	77732.0
216	77732.0
217	77732.0
218	77732.0
219	77732.0
220	226528.0
221	226528.0
222	226528.0
223	226528.0
224	226528.0
225	155154.0
226	155154.0
227	155154.0
228	155154.0
229	155154.0
230	343241.0
231	343241.0
232	343241.0
233	343241.0
234	343241.0
235	305805.0
236	305805.0
237	305805.0
238	305805.0
239	305805.0
240	430077.0
241	430077.0
242	430077.0
243	430077.0
244	430077.0
245	484698.0
246	484698.0
247	484698.0
248	484698.0
249	484698.0
