0	308067.0
1	308067.0
2	308067.0
3	308067.0
4	308067.0
5	292283.0
6	292283.0
7	292283.0
8	292283.0
9	292283.0
10	296349.0
11	296349.0
12	296349.0
13	296349.0
14	296349.0
15	465880.0
16	465880.0
17	465880.0
18	465880.0
19	465880.0
20	466600.0
21	466600.0
22	466600.0
23	466600.0
24	466600.0
25	416952.0
26	416952.0
27	416952.0
28	416952.0
29	416952.0
30	618878.0
31	618878.0
32	618878.0
33	618878.0
34	618878.0
35	363533.0
36	363533.0
37	363533.0
38	363533.0
39	363533.0
40	236774.0
41	236774.0
42	236774.0
43	236774.0
44	236774.0
45	478800.0
46	478800.0
47	478800.0
48	478800.0
49	478800.0
50	169731.0
51	169731.0
52	169731.0
53	169731.0
54	169731.0
55	465470.0
56	465470.0
57	465470.0
58	465470.0
59	465470.0
60	63448.0
61	63448.0
62	63448.0
63	63448.0
64	63448.0
65	565716.0
66	565716.0
67	565716.0
68	565716.0
69	565716.0
70	459912.0
71	459912.0
72	459912.0
73	459912.0
74	459912.0
75	391160.0
76	391160.0
77	391160.0
78	391160.0
79	391160.0
80	318769.0
81	318769.0
82	318769.0
83	318769.0
84	318769.0
85	270905.0
86	270905.0
87	270905.0
88	270905.0
89	270905.0
90	209751.0
91	209751.0
92	209751.0
93	209751.0
94	209751.0
95	11115.0
96	11115.0
97	11115.0
98	11115.0
99	11115.0
100	557417.0
101	557417.0
102	557417.0
103	557417.0
104	557417.0
105	532760.0
106	532760.0
107	532760.0
108	532760.0
109	532760.0
110	193786.0
111	193786.0
112	193786.0
113	193786.0
114	193786.0
115	517949.0
116	517949.0
117	517949.0
118	517949.0
119	517949.0
120	165324.0
121	165324.0
122	165324.0
123	165324.0
124	165324.0
125	244691.0
126	244691.0
127	244691.0
128	244691.0
129	244691.0
130	5530.0
131	5530.0
132	5530.0
133	5530.0
134	5530.0
135	261108.0
136	261108.0
137	261108.0
138	261108.0
139	261108.0
140	557398.0
141	557398.0
142	557398.0
143	557398.0
144	557398.0
145	164851.0
146	164851.0
147	164851.0
148	164851.0
149	164851.0
150	523609.0
151	523609.0
152	523609.0
153	523609.0
154	523609.0
155	300471.0
156	300471.0
157	300471.0
158	300471.0
159	300471.0
160	535355.0
161	535355.0
162	535355.0
163	535355.0
164	535355.0
165	382552.0
166	382552.0
167	382552.0
168	382552.0
169	382552.0
170	433950.0
171	433950.0
172	433950.0
173	433950.0
174	433950.0
175	248315.0
176	248315.0
177	248315.0
178	248315.0
179	248315.0
180	107525.0
181	107525.0
182	107525.0
183	107525.0
184	107525.0
185	542047.0
186	542047.0
187	542047.0
188	542047.0
189	542047.0
190	64608.0
191	64608.0
192	64608.0
193	64608.0
194	64608.0
195	17434.0
196	17434.0
197	17434.0
198	17434.0
199	17434.0
200	231740.0
201	231740.0
202	231740.0
203	231740.0
204	231740.0
205	195156.0
206	195156.0
207	195156.0
208	195156.0
209	195156.0
210	615437.0
211	615437.0
212	615437.0
213	615437.0
214	615437.0
215	483541.0
216	483541.0
217	483541.0
218	483541.0
219	483541.0
220	453161.0
221	453161.0
222	453161.0
223	453161.0
224	453161.0
225	134431.0
226	134431.0
227	134431.0
228	134431.0
229	134431.0
230	203206.0
231	203206.0
232	203206.0
233	203206.0
234	203206.0
235	465986.0
236	465986.0
237	465986.0
238	465986.0
239	465986.0
240	458797.0
241	458797.0
242	458797.0
243	458797.0
244	458797.0
245	408515.0
246	408515.0
247	408515.0
248	408515.0
249	408515.0
