0	10526.0
1	10526.0
2	10526.0
3	10526.0
4	10526.0
5	565291.0
6	565291.0
7	565291.0
8	565291.0
9	565291.0
10	191378.0
11	191378.0
12	191378.0
13	191378.0
14	191378.0
15	282522.0
16	282522.0
17	282522.0
18	282522.0
19	282522.0
20	363963.0
21	363963.0
22	363963.0
23	363963.0
24	363963.0
25	486109.0
26	486109.0
27	486109.0
28	486109.0
29	486109.0
30	585810.0
31	585810.0
32	585810.0
33	585810.0
34	585810.0
35	19809.0
36	19809.0
37	19809.0
38	19809.0
39	19809.0
40	425443.0
41	425443.0
42	425443.0
43	425443.0
44	425443.0
45	103889.0
46	103889.0
47	103889.0
48	103889.0
49	103889.0
50	372383.0
51	372383.0
52	372383.0
53	372383.0
54	372383.0
55	429249.0
56	429249.0
57	429249.0
58	429249.0
59	429249.0
60	456211.0
61	456211.0
62	456211.0
63	456211.0
64	456211.0
65	398464.0
66	398464.0
67	398464.0
68	398464.0
69	398464.0
70	527564.0
71	527564.0
72	527564.0
73	527564.0
74	527564.0
75	301305.0
76	301305.0
77	301305.0
78	301305.0
79	301305.0
80	282806.0
81	282806.0
82	282806.0
83	282806.0
84	282806.0
85	350604.0
86	350604.0
87	350604.0
88	350604.0
89	350604.0
90	465816.0
91	465816.0
92	465816.0
93	465816.0
94	465816.0
95	577739.0
96	577739.0
97	577739.0
98	577739.0
99	577739.0
100	2424.0
101	2424.0
102	2424.0
103	2424.0
104	2424.0
105	542648.0
106	542648.0
107	542648.0
108	542648.0
109	542648.0
110	355441.0
111	355441.0
112	355441.0
113	355441.0
114	355441.0
115	163267.0
116	163267.0
117	163267.0
118	163267.0
119	163267.0
120	23103.0
121	23103.0
122	23103.0
123	23103.0
124	23103.0
125	497947.0
126	497947.0
127	497947.0
128	497947.0
129	497947.0
130	414817.0
131	414817.0
132	414817.0
133	414817.0
134	414817.0
135	30511.0
136	30511.0
137	30511.0
138	30511.0
139	30511.0
140	145860.0
141	145860.0
142	145860.0
143	145860.0
144	145860.0
145	34636.0
146	34636.0
147	34636.0
148	34636.0
149	34636.0
150	481306.0
151	481306.0
152	481306.0
153	481306.0
154	481306.0
155	470984.0
156	470984.0
157	470984.0
158	470984.0
159	470984.0
160	120626.0
161	120626.0
162	120626.0
163	120626.0
164	120626.0
165	70655.0
166	70655.0
167	70655.0
168	70655.0
169	70655.0
170	561482.0
171	561482.0
172	561482.0
173	561482.0
174	561482.0
175	150998.0
176	150998.0
177	150998.0
178	150998.0
179	150998.0
180	149053.0
181	149053.0
182	149053.0
183	149053.0
184	149053.0
185	74254.0
186	74254.0
187	74254.0
188	74254.0
189	74254.0
190	435721.0
191	435721.0
192	435721.0
193	435721.0
194	435721.0
195	558446.0
196	558446.0
197	558446.0
198	558446.0
199	558446.0
200	553817.0
201	553817.0
202	553817.0
203	553817.0
204	553817.0
205	513221.0
206	513221.0
207	513221.0
208	513221.0
209	513221.0
210	342921.0
211	342921.0
212	342921.0
213	342921.0
214	342921.0
215	473535.0
216	473535.0
217	473535.0
218	473535.0
219	473535.0
220	560495.0
221	560495.0
222	560495.0
223	560495.0
224	560495.0
225	576126.0
226	576126.0
227	576126.0
228	576126.0
229	576126.0
230	559775.0
231	559775.0
232	559775.0
233	559775.0
234	559775.0
235	417074.0
236	417074.0
237	417074.0
238	417074.0
239	417074.0
240	466514.0
241	466514.0
242	466514.0
243	466514.0
244	466514.0
245	240005.0
246	240005.0
247	240005.0
248	240005.0
249	240005.0
