0	417424.0
1	417424.0
2	417424.0
3	417424.0
4	417424.0
5	258423.0
6	258423.0
7	258423.0
8	258423.0
9	258423.0
10	64641.0
11	64641.0
12	64641.0
13	64641.0
14	64641.0
15	145647.0
16	145647.0
17	145647.0
18	145647.0
19	145647.0
20	146124.0
21	146124.0
22	146124.0
23	146124.0
24	146124.0
25	183480.0
26	183480.0
27	183480.0
28	183480.0
29	183480.0
30	597364.0
31	597364.0
32	597364.0
33	597364.0
34	597364.0
35	363019.0
36	363019.0
37	363019.0
38	363019.0
39	363019.0
40	696726.0
41	696726.0
42	696726.0
43	696726.0
44	696726.0
45	310077.0
46	310077.0
47	310077.0
48	310077.0
49	310077.0
50	208540.0
51	208540.0
52	208540.0
53	208540.0
54	208540.0
55	360302.0
56	360302.0
57	360302.0
58	360302.0
59	360302.0
60	386337.0
61	386337.0
62	386337.0
63	386337.0
64	386337.0
65	79419.0
66	79419.0
67	79419.0
68	79419.0
69	79419.0
70	89422.0
71	89422.0
72	89422.0
73	89422.0
74	89422.0
75	297037.0
76	297037.0
77	297037.0
78	297037.0
79	297037.0
80	549213.0
81	549213.0
82	549213.0
83	549213.0
84	549213.0
85	191308.0
86	191308.0
87	191308.0
88	191308.0
89	191308.0
90	375545.0
91	375545.0
92	375545.0
93	375545.0
94	375545.0
95	389457.0
96	389457.0
97	389457.0
98	389457.0
99	389457.0
100	398679.0
101	398679.0
102	398679.0
103	398679.0
104	398679.0
105	2106.0
106	2106.0
107	2106.0
108	2106.0
109	2106.0
110	453046.0
111	453046.0
112	453046.0
113	453046.0
114	453046.0
115	519231.0
116	519231.0
117	519231.0
118	519231.0
119	519231.0
120	454748.0
121	454748.0
122	454748.0
123	454748.0
124	454748.0
125	42628.0
126	42628.0
127	42628.0
128	42628.0
129	42628.0
130	477009.0
131	477009.0
132	477009.0
133	477009.0
134	477009.0
135	674294.0
136	674294.0
137	674294.0
138	674294.0
139	674294.0
140	239512.0
141	239512.0
142	239512.0
143	239512.0
144	239512.0
145	558965.0
146	558965.0
147	558965.0
148	558965.0
149	558965.0
150	40177.0
151	40177.0
152	40177.0
153	40177.0
154	40177.0
155	153404.0
156	153404.0
157	153404.0
158	153404.0
159	153404.0
160	258829.0
161	258829.0
162	258829.0
163	258829.0
164	258829.0
165	404510.0
166	404510.0
167	404510.0
168	404510.0
169	404510.0
170	140032.0
171	140032.0
172	140032.0
173	140032.0
174	140032.0
175	367317.0
176	367317.0
177	367317.0
178	367317.0
179	367317.0
180	522820.0
181	522820.0
182	522820.0
183	522820.0
184	522820.0
185	279652.0
186	279652.0
187	279652.0
188	279652.0
189	279652.0
190	88788.0
191	88788.0
192	88788.0
193	88788.0
194	88788.0
195	60690.0
196	60690.0
197	60690.0
198	60690.0
199	60690.0
200	483674.0
201	483674.0
202	483674.0
203	483674.0
204	483674.0
205	378907.0
206	378907.0
207	378907.0
208	378907.0
209	378907.0
210	41649.0
211	41649.0
212	41649.0
213	41649.0
214	41649.0
215	273435.0
216	273435.0
217	273435.0
218	273435.0
219	273435.0
220	151962.0
221	151962.0
222	151962.0
223	151962.0
224	151962.0
225	451749.0
226	451749.0
227	451749.0
228	451749.0
229	451749.0
230	331294.0
231	331294.0
232	331294.0
233	331294.0
234	331294.0
235	341153.0
236	341153.0
237	341153.0
238	341153.0
239	341153.0
240	493824.0
241	493824.0
242	493824.0
243	493824.0
244	493824.0
245	18898.0
246	18898.0
247	18898.0
248	18898.0
249	18898.0
