0	702935.0
1	702935.0
2	702935.0
3	702935.0
4	702935.0
5	200176.0
6	200176.0
7	200176.0
8	200176.0
9	200176.0
10	637779.0
11	637779.0
12	637779.0
13	637779.0
14	637779.0
15	366497.0
16	366497.0
17	366497.0
18	366497.0
19	366497.0
20	204277.0
21	204277.0
22	204277.0
23	204277.0
24	204277.0
25	323495.0
26	323495.0
27	323495.0
28	323495.0
29	323495.0
30	429618.0
31	429618.0
32	429618.0
33	429618.0
34	429618.0
35	493559.0
36	493559.0
37	493559.0
38	493559.0
39	493559.0
40	686081.0
41	686081.0
42	686081.0
43	686081.0
44	686081.0
45	285847.0
46	285847.0
47	285847.0
48	285847.0
49	285847.0
50	146425.0
51	146425.0
52	146425.0
53	146425.0
54	146425.0
55	22622.0
56	22622.0
57	22622.0
58	22622.0
59	22622.0
60	100694.0
61	100694.0
62	100694.0
63	100694.0
64	100694.0
65	20667.0
66	20667.0
67	20667.0
68	20667.0
69	20667.0
70	629595.0
71	629595.0
72	629595.0
73	629595.0
74	629595.0
75	520778.0
76	520778.0
77	520778.0
78	520778.0
79	520778.0
80	293432.0
81	293432.0
82	293432.0
83	293432.0
84	293432.0
85	375806.0
86	375806.0
87	375806.0
88	375806.0
89	375806.0
90	603712.0
91	603712.0
92	603712.0
93	603712.0
94	603712.0
95	506131.0
96	506131.0
97	506131.0
98	506131.0
99	506131.0
100	388922.0
101	388922.0
102	388922.0
103	388922.0
104	388922.0
105	49105.0
106	49105.0
107	49105.0
108	49105.0
109	49105.0
110	169455.0
111	169455.0
112	169455.0
113	169455.0
114	169455.0
115	420109.0
116	420109.0
117	420109.0
118	420109.0
119	420109.0
120	1981.0
121	1981.0
122	1981.0
123	1981.0
124	1981.0
125	488385.0
126	488385.0
127	488385.0
128	488385.0
129	488385.0
130	350319.0
131	350319.0
132	350319.0
133	350319.0
134	350319.0
135	187492.0
136	187492.0
137	187492.0
138	187492.0
139	187492.0
140	624305.0
141	624305.0
142	624305.0
143	624305.0
144	624305.0
145	455439.0
146	455439.0
147	455439.0
148	455439.0
149	455439.0
150	42194.0
151	42194.0
152	42194.0
153	42194.0
154	42194.0
155	140933.0
156	140933.0
157	140933.0
158	140933.0
159	140933.0
160	625828.0
161	625828.0
162	625828.0
163	625828.0
164	625828.0
165	593075.0
166	593075.0
167	593075.0
168	593075.0
169	593075.0
170	218519.0
171	218519.0
172	218519.0
173	218519.0
174	218519.0
175	150747.0
176	150747.0
177	150747.0
178	150747.0
179	150747.0
180	284081.0
181	284081.0
182	284081.0
183	284081.0
184	284081.0
185	698881.0
186	698881.0
187	698881.0
188	698881.0
189	698881.0
190	334362.0
191	334362.0
192	334362.0
193	334362.0
194	334362.0
195	635820.0
196	635820.0
197	635820.0
198	635820.0
199	635820.0
200	3167.0
201	3167.0
202	3167.0
203	3167.0
204	3167.0
205	486554.0
206	486554.0
207	486554.0
208	486554.0
209	486554.0
210	237098.0
211	237098.0
212	237098.0
213	237098.0
214	237098.0
215	35700.0
216	35700.0
217	35700.0
218	35700.0
219	35700.0
220	280274.0
221	280274.0
222	280274.0
223	280274.0
224	280274.0
225	68771.0
226	68771.0
227	68771.0
228	68771.0
229	68771.0
230	122227.0
231	122227.0
232	122227.0
233	122227.0
234	122227.0
235	407983.0
236	407983.0
237	407983.0
238	407983.0
239	407983.0
240	542592.0
241	542592.0
242	542592.0
243	542592.0
244	542592.0
245	544292.0
246	544292.0
247	544292.0
248	544292.0
249	544292.0
