0	26005.0
1	26005.0
2	26005.0
3	26005.0
4	26005.0
5	674028.0
6	674028.0
7	674028.0
8	674028.0
9	674028.0
10	276449.0
11	276449.0
12	276449.0
13	276449.0
14	276449.0
15	635628.0
16	635628.0
17	635628.0
18	635628.0
19	635628.0
20	261805.0
21	261805.0
22	261805.0
23	261805.0
24	261805.0
25	65817.0
26	65817.0
27	65817.0
28	65817.0
29	65817.0
30	619491.0
31	619491.0
32	619491.0
33	619491.0
34	619491.0
35	522114.0
36	522114.0
37	522114.0
38	522114.0
39	522114.0
40	507870.0
41	507870.0
42	507870.0
43	507870.0
44	507870.0
45	278640.0
46	278640.0
47	278640.0
48	278640.0
49	278640.0
50	459223.0
51	459223.0
52	459223.0
53	459223.0
54	459223.0
55	460188.0
56	460188.0
57	460188.0
58	460188.0
59	460188.0
60	114972.0
61	114972.0
62	114972.0
63	114972.0
64	114972.0
65	199428.0
66	199428.0
67	199428.0
68	199428.0
69	199428.0
70	442083.0
71	442083.0
72	442083.0
73	442083.0
74	442083.0
75	183913.0
76	183913.0
77	183913.0
78	183913.0
79	183913.0
80	679769.0
81	679769.0
82	679769.0
83	679769.0
84	679769.0
85	236315.0
86	236315.0
87	236315.0
88	236315.0
89	236315.0
90	515966.0
91	515966.0
92	515966.0
93	515966.0
94	515966.0
95	139064.0
96	139064.0
97	139064.0
98	139064.0
99	139064.0
100	252767.0
101	252767.0
102	252767.0
103	252767.0
104	252767.0
105	389095.0
106	389095.0
107	389095.0
108	389095.0
109	389095.0
110	63002.0
111	63002.0
112	63002.0
113	63002.0
114	63002.0
115	272818.0
116	272818.0
117	272818.0
118	272818.0
119	272818.0
120	3193.0
121	3193.0
122	3193.0
123	3193.0
124	3193.0
125	39763.0
126	39763.0
127	39763.0
128	39763.0
129	39763.0
130	170820.0
131	170820.0
132	170820.0
133	170820.0
134	170820.0
135	191886.0
136	191886.0
137	191886.0
138	191886.0
139	191886.0
140	593397.0
141	593397.0
142	593397.0
143	593397.0
144	593397.0
145	380105.0
146	380105.0
147	380105.0
148	380105.0
149	380105.0
150	383874.0
151	383874.0
152	383874.0
153	383874.0
154	383874.0
155	353709.0
156	353709.0
157	353709.0
158	353709.0
159	353709.0
160	217948.0
161	217948.0
162	217948.0
163	217948.0
164	217948.0
165	578537.0
166	578537.0
167	578537.0
168	578537.0
169	578537.0
170	244586.0
171	244586.0
172	244586.0
173	244586.0
174	244586.0
175	603959.0
176	603959.0
177	603959.0
178	603959.0
179	603959.0
180	598754.0
181	598754.0
182	598754.0
183	598754.0
184	598754.0
185	651273.0
186	651273.0
187	651273.0
188	651273.0
189	651273.0
190	521382.0
191	521382.0
192	521382.0
193	521382.0
194	521382.0
195	148083.0
196	148083.0
197	148083.0
198	148083.0
199	148083.0
200	570454.0
201	570454.0
202	570454.0
203	570454.0
204	570454.0
205	188053.0
206	188053.0
207	188053.0
208	188053.0
209	188053.0
210	262991.0
211	262991.0
212	262991.0
213	262991.0
214	262991.0
215	678013.0
216	678013.0
217	678013.0
218	678013.0
219	678013.0
220	649358.0
221	649358.0
222	649358.0
223	649358.0
224	649358.0
225	326156.0
226	326156.0
227	326156.0
228	326156.0
229	326156.0
230	274563.0
231	274563.0
232	274563.0
233	274563.0
234	274563.0
235	141873.0
236	141873.0
237	141873.0
238	141873.0
239	141873.0
240	225955.0
241	225955.0
242	225955.0
243	225955.0
244	225955.0
245	232651.0
246	232651.0
247	232651.0
248	232651.0
249	232651.0
