0	144189.0
1	144189.0
2	144189.0
3	144189.0
4	144189.0
5	132438.0
6	132438.0
7	132438.0
8	132438.0
9	132438.0
10	367667.0
11	367667.0
12	367667.0
13	367667.0
14	367667.0
15	584509.0
16	584509.0
17	584509.0
18	584509.0
19	584509.0
20	664989.0
21	664989.0
22	664989.0
23	664989.0
24	664989.0
25	438026.0
26	438026.0
27	438026.0
28	438026.0
29	438026.0
30	66389.0
31	66389.0
32	66389.0
33	66389.0
34	66389.0
35	436647.0
36	436647.0
37	436647.0
38	436647.0
39	436647.0
40	432615.0
41	432615.0
42	432615.0
43	432615.0
44	432615.0
45	329739.0
46	329739.0
47	329739.0
48	329739.0
49	329739.0
50	418793.0
51	418793.0
52	418793.0
53	418793.0
54	418793.0
55	575977.0
56	575977.0
57	575977.0
58	575977.0
59	575977.0
60	498302.0
61	498302.0
62	498302.0
63	498302.0
64	498302.0
65	706551.0
66	706551.0
67	706551.0
68	706551.0
69	706551.0
70	340913.0
71	340913.0
72	340913.0
73	340913.0
74	340913.0
75	467797.0
76	467797.0
77	467797.0
78	467797.0
79	467797.0
80	565725.0
81	565725.0
82	565725.0
83	565725.0
84	565725.0
85	91824.0
86	91824.0
87	91824.0
88	91824.0
89	91824.0
90	488417.0
91	488417.0
92	488417.0
93	488417.0
94	488417.0
95	555355.0
96	555355.0
97	555355.0
98	555355.0
99	555355.0
100	108922.0
101	108922.0
102	108922.0
103	108922.0
104	108922.0
105	394251.0
106	394251.0
107	394251.0
108	394251.0
109	394251.0
110	665838.0
111	665838.0
112	665838.0
113	665838.0
114	665838.0
115	499458.0
116	499458.0
117	499458.0
118	499458.0
119	499458.0
120	44431.0
121	44431.0
122	44431.0
123	44431.0
124	44431.0
125	635432.0
126	635432.0
127	635432.0
128	635432.0
129	635432.0
130	581228.0
131	581228.0
132	581228.0
133	581228.0
134	581228.0
135	137280.0
136	137280.0
137	137280.0
138	137280.0
139	137280.0
140	571352.0
141	571352.0
142	571352.0
143	571352.0
144	571352.0
145	610485.0
146	610485.0
147	610485.0
148	610485.0
149	610485.0
150	549570.0
151	549570.0
152	549570.0
153	549570.0
154	549570.0
155	591270.0
156	591270.0
157	591270.0
158	591270.0
159	591270.0
160	40816.0
161	40816.0
162	40816.0
163	40816.0
164	40816.0
165	98690.0
166	98690.0
167	98690.0
168	98690.0
169	98690.0
170	60445.0
171	60445.0
172	60445.0
173	60445.0
174	60445.0
175	334042.0
176	334042.0
177	334042.0
178	334042.0
179	334042.0
180	447599.0
181	447599.0
182	447599.0
183	447599.0
184	447599.0
185	624514.0
186	624514.0
187	624514.0
188	624514.0
189	624514.0
190	89801.0
191	89801.0
192	89801.0
193	89801.0
194	89801.0
195	281942.0
196	281942.0
197	281942.0
198	281942.0
199	281942.0
200	504120.0
201	504120.0
202	504120.0
203	504120.0
204	504120.0
205	598468.0
206	598468.0
207	598468.0
208	598468.0
209	598468.0
210	402360.0
211	402360.0
212	402360.0
213	402360.0
214	402360.0
215	161281.0
216	161281.0
217	161281.0
218	161281.0
219	161281.0
220	19915.0
221	19915.0
222	19915.0
223	19915.0
224	19915.0
225	187537.0
226	187537.0
227	187537.0
228	187537.0
229	187537.0
230	247085.0
231	247085.0
232	247085.0
233	247085.0
234	247085.0
235	697290.0
236	697290.0
237	697290.0
238	697290.0
239	697290.0
240	108251.0
241	108251.0
242	108251.0
243	108251.0
244	108251.0
245	656228.0
246	656228.0
247	656228.0
248	656228.0
249	656228.0
