0	198087.0
1	198087.0
2	198087.0
3	198087.0
4	198087.0
5	16653.0
6	16653.0
7	16653.0
8	16653.0
9	16653.0
10	362114.0
11	362114.0
12	362114.0
13	362114.0
14	362114.0
15	26492.0
16	26492.0
17	26492.0
18	26492.0
19	26492.0
20	148691.0
21	148691.0
22	148691.0
23	148691.0
24	148691.0
25	160209.0
26	160209.0
27	160209.0
28	160209.0
29	160209.0
30	269552.0
31	269552.0
32	269552.0
33	269552.0
34	269552.0
35	15527.0
36	15527.0
37	15527.0
38	15527.0
39	15527.0
40	368066.0
41	368066.0
42	368066.0
43	368066.0
44	368066.0
45	320331.0
46	320331.0
47	320331.0
48	320331.0
49	320331.0
50	17384.0
51	17384.0
52	17384.0
53	17384.0
54	17384.0
55	322055.0
56	322055.0
57	322055.0
58	322055.0
59	322055.0
60	73769.0
61	73769.0
62	73769.0
63	73769.0
64	73769.0
65	462528.0
66	462528.0
67	462528.0
68	462528.0
69	462528.0
70	190262.0
71	190262.0
72	190262.0
73	190262.0
74	190262.0
75	408556.0
76	408556.0
77	408556.0
78	408556.0
79	408556.0
80	172870.0
81	172870.0
82	172870.0
83	172870.0
84	172870.0
85	194976.0
86	194976.0
87	194976.0
88	194976.0
89	194976.0
90	361631.0
91	361631.0
92	361631.0
93	361631.0
94	361631.0
95	270028.0
96	270028.0
97	270028.0
98	270028.0
99	270028.0
100	431952.0
101	431952.0
102	431952.0
103	431952.0
104	431952.0
105	107526.0
106	107526.0
107	107526.0
108	107526.0
109	107526.0
110	217505.0
111	217505.0
112	217505.0
113	217505.0
114	217505.0
115	183939.0
116	183939.0
117	183939.0
118	183939.0
119	183939.0
120	240763.0
121	240763.0
122	240763.0
123	240763.0
124	240763.0
125	32632.0
126	32632.0
127	32632.0
128	32632.0
129	32632.0
130	86393.0
131	86393.0
132	86393.0
133	86393.0
134	86393.0
135	298725.0
136	298725.0
137	298725.0
138	298725.0
139	298725.0
140	120351.0
141	120351.0
142	120351.0
143	120351.0
144	120351.0
145	182828.0
146	182828.0
147	182828.0
148	182828.0
149	182828.0
150	329654.0
151	329654.0
152	329654.0
153	329654.0
154	329654.0
155	309769.0
156	309769.0
157	309769.0
158	309769.0
159	309769.0
160	84544.0
161	84544.0
162	84544.0
163	84544.0
164	84544.0
165	92603.0
166	92603.0
167	92603.0
168	92603.0
169	92603.0
170	161388.0
171	161388.0
172	161388.0
173	161388.0
174	161388.0
175	144023.0
176	144023.0
177	144023.0
178	144023.0
179	144023.0
180	6369.0
181	6369.0
182	6369.0
183	6369.0
184	6369.0
185	349580.0
186	349580.0
187	349580.0
188	349580.0
189	349580.0
190	145292.0
191	145292.0
192	145292.0
193	145292.0
194	145292.0
195	428269.0
196	428269.0
197	428269.0
198	428269.0
199	428269.0
200	472679.0
201	472679.0
202	472679.0
203	472679.0
204	472679.0
205	190276.0
206	190276.0
207	190276.0
208	190276.0
209	190276.0
210	197714.0
211	197714.0
212	197714.0
213	197714.0
214	197714.0
215	205589.0
216	205589.0
217	205589.0
218	205589.0
219	205589.0
220	101482.0
221	101482.0
222	101482.0
223	101482.0
224	101482.0
225	475920.0
226	475920.0
227	475920.0
228	475920.0
229	475920.0
230	197586.0
231	197586.0
232	197586.0
233	197586.0
234	197586.0
235	397492.0
236	397492.0
237	397492.0
238	397492.0
239	397492.0
240	76140.0
241	76140.0
242	76140.0
243	76140.0
244	76140.0
245	207378.0
246	207378.0
247	207378.0
248	207378.0
249	207378.0
