0	236290.0
1	236290.0
2	236290.0
3	236290.0
4	236290.0
5	453006.0
6	453006.0
7	453006.0
8	453006.0
9	453006.0
10	454675.0
11	454675.0
12	454675.0
13	454675.0
14	454675.0
15	233972.0
16	233972.0
17	233972.0
18	233972.0
19	233972.0
20	81466.0
21	81466.0
22	81466.0
23	81466.0
24	81466.0
25	130592.0
26	130592.0
27	130592.0
28	130592.0
29	130592.0
30	11137.0
31	11137.0
32	11137.0
33	11137.0
34	11137.0
35	369548.0
36	369548.0
37	369548.0
38	369548.0
39	369548.0
40	303712.0
41	303712.0
42	303712.0
43	303712.0
44	303712.0
45	190846.0
46	190846.0
47	190846.0
48	190846.0
49	190846.0
50	321484.0
51	321484.0
52	321484.0
53	321484.0
54	321484.0
55	317595.0
56	317595.0
57	317595.0
58	317595.0
59	317595.0
60	170869.0
61	170869.0
62	170869.0
63	170869.0
64	170869.0
65	79891.0
66	79891.0
67	79891.0
68	79891.0
69	79891.0
70	422869.0
71	422869.0
72	422869.0
73	422869.0
74	422869.0
75	3736.0
76	3736.0
77	3736.0
78	3736.0
79	3736.0
80	30395.0
81	30395.0
82	30395.0
83	30395.0
84	30395.0
85	437600.0
86	437600.0
87	437600.0
88	437600.0
89	437600.0
90	172479.0
91	172479.0
92	172479.0
93	172479.0
94	172479.0
95	216654.0
96	216654.0
97	216654.0
98	216654.0
99	216654.0
100	470641.0
101	470641.0
102	470641.0
103	470641.0
104	470641.0
105	227776.0
106	227776.0
107	227776.0
108	227776.0
109	227776.0
110	423392.0
111	423392.0
112	423392.0
113	423392.0
114	423392.0
115	464288.0
116	464288.0
117	464288.0
118	464288.0
119	464288.0
120	275179.0
121	275179.0
122	275179.0
123	275179.0
124	275179.0
125	84744.0
126	84744.0
127	84744.0
128	84744.0
129	84744.0
130	447426.0
131	447426.0
132	447426.0
133	447426.0
134	447426.0
135	103460.0
136	103460.0
137	103460.0
138	103460.0
139	103460.0
140	308936.0
141	308936.0
142	308936.0
143	308936.0
144	308936.0
145	378665.0
146	378665.0
147	378665.0
148	378665.0
149	378665.0
150	443261.0
151	443261.0
152	443261.0
153	443261.0
154	443261.0
155	128515.0
156	128515.0
157	128515.0
158	128515.0
159	128515.0
160	379483.0
161	379483.0
162	379483.0
163	379483.0
164	379483.0
165	275518.0
166	275518.0
167	275518.0
168	275518.0
169	275518.0
170	19660.0
171	19660.0
172	19660.0
173	19660.0
174	19660.0
175	383374.0
176	383374.0
177	383374.0
178	383374.0
179	383374.0
180	6499.0
181	6499.0
182	6499.0
183	6499.0
184	6499.0
185	457359.0
186	457359.0
187	457359.0
188	457359.0
189	457359.0
190	170158.0
191	170158.0
192	170158.0
193	170158.0
194	170158.0
195	138389.0
196	138389.0
197	138389.0
198	138389.0
199	138389.0
200	337772.0
201	337772.0
202	337772.0
203	337772.0
204	337772.0
205	469319.0
206	469319.0
207	469319.0
208	469319.0
209	469319.0
210	257572.0
211	257572.0
212	257572.0
213	257572.0
214	257572.0
215	180203.0
216	180203.0
217	180203.0
218	180203.0
219	180203.0
220	305003.0
221	305003.0
222	305003.0
223	305003.0
224	305003.0
225	303552.0
226	303552.0
227	303552.0
228	303552.0
229	303552.0
230	326688.0
231	326688.0
232	326688.0
233	326688.0
234	326688.0
235	375589.0
236	375589.0
237	375589.0
238	375589.0
239	375589.0
240	35555.0
241	35555.0
242	35555.0
243	35555.0
244	35555.0
245	231899.0
246	231899.0
247	231899.0
248	231899.0
249	231899.0
