0	231186.0
1	231186.0
2	231186.0
3	231186.0
4	231186.0
5	286182.0
6	286182.0
7	286182.0
8	286182.0
9	286182.0
10	205771.0
11	205771.0
12	205771.0
13	205771.0
14	205771.0
15	413093.0
16	413093.0
17	413093.0
18	413093.0
19	413093.0
20	27050.0
21	27050.0
22	27050.0
23	27050.0
24	27050.0
25	244582.0
26	244582.0
27	244582.0
28	244582.0
29	244582.0
30	276605.0
31	276605.0
32	276605.0
33	276605.0
34	276605.0
35	467810.0
36	467810.0
37	467810.0
38	467810.0
39	467810.0
40	254059.0
41	254059.0
42	254059.0
43	254059.0
44	254059.0
45	60888.0
46	60888.0
47	60888.0
48	60888.0
49	60888.0
50	282608.0
51	282608.0
52	282608.0
53	282608.0
54	282608.0
55	427545.0
56	427545.0
57	427545.0
58	427545.0
59	427545.0
60	474603.0
61	474603.0
62	474603.0
63	474603.0
64	474603.0
65	185516.0
66	185516.0
67	185516.0
68	185516.0
69	185516.0
70	113399.0
71	113399.0
72	113399.0
73	113399.0
74	113399.0
75	295660.0
76	295660.0
77	295660.0
78	295660.0
79	295660.0
80	201447.0
81	201447.0
82	201447.0
83	201447.0
84	201447.0
85	323312.0
86	323312.0
87	323312.0
88	323312.0
89	323312.0
90	453557.0
91	453557.0
92	453557.0
93	453557.0
94	453557.0
95	331147.0
96	331147.0
97	331147.0
98	331147.0
99	331147.0
100	340639.0
101	340639.0
102	340639.0
103	340639.0
104	340639.0
105	391909.0
106	391909.0
107	391909.0
108	391909.0
109	391909.0
110	407625.0
111	407625.0
112	407625.0
113	407625.0
114	407625.0
115	283760.0
116	283760.0
117	283760.0
118	283760.0
119	283760.0
120	420949.0
121	420949.0
122	420949.0
123	420949.0
124	420949.0
125	48180.0
126	48180.0
127	48180.0
128	48180.0
129	48180.0
130	180265.0
131	180265.0
132	180265.0
133	180265.0
134	180265.0
135	85797.0
136	85797.0
137	85797.0
138	85797.0
139	85797.0
140	412331.0
141	412331.0
142	412331.0
143	412331.0
144	412331.0
145	327069.0
146	327069.0
147	327069.0
148	327069.0
149	327069.0
150	168484.0
151	168484.0
152	168484.0
153	168484.0
154	168484.0
155	336147.0
156	336147.0
157	336147.0
158	336147.0
159	336147.0
160	108875.0
161	108875.0
162	108875.0
163	108875.0
164	108875.0
165	445425.0
166	445425.0
167	445425.0
168	445425.0
169	445425.0
170	358186.0
171	358186.0
172	358186.0
173	358186.0
174	358186.0
175	40457.0
176	40457.0
177	40457.0
178	40457.0
179	40457.0
180	100183.0
181	100183.0
182	100183.0
183	100183.0
184	100183.0
185	152158.0
186	152158.0
187	152158.0
188	152158.0
189	152158.0
190	246780.0
191	246780.0
192	246780.0
193	246780.0
194	246780.0
195	478516.0
196	478516.0
197	478516.0
198	478516.0
199	478516.0
200	105431.0
201	105431.0
202	105431.0
203	105431.0
204	105431.0
205	157993.0
206	157993.0
207	157993.0
208	157993.0
209	157993.0
210	93533.0
211	93533.0
212	93533.0
213	93533.0
214	93533.0
215	51986.0
216	51986.0
217	51986.0
218	51986.0
219	51986.0
220	128778.0
221	128778.0
222	128778.0
223	128778.0
224	128778.0
225	388635.0
226	388635.0
227	388635.0
228	388635.0
229	388635.0
230	407564.0
231	407564.0
232	407564.0
233	407564.0
234	407564.0
235	185016.0
236	185016.0
237	185016.0
238	185016.0
239	185016.0
240	295455.0
241	295455.0
242	295455.0
243	295455.0
244	295455.0
245	467063.0
246	467063.0
247	467063.0
248	467063.0
249	467063.0
