0	57938.0
1	57938.0
2	57938.0
3	57938.0
4	57938.0
5	388421.0
6	388421.0
7	388421.0
8	388421.0
9	388421.0
10	446404.0
11	446404.0
12	446404.0
13	446404.0
14	446404.0
15	349989.0
16	349989.0
17	349989.0
18	349989.0
19	349989.0
20	223435.0
21	223435.0
22	223435.0
23	223435.0
24	223435.0
25	440928.0
26	440928.0
27	440928.0
28	440928.0
29	440928.0
30	238640.0
31	238640.0
32	238640.0
33	238640.0
34	238640.0
35	88473.0
36	88473.0
37	88473.0
38	88473.0
39	88473.0
40	160397.0
41	160397.0
42	160397.0
43	160397.0
44	160397.0
45	124595.0
46	124595.0
47	124595.0
48	124595.0
49	124595.0
50	49389.0
51	49389.0
52	49389.0
53	49389.0
54	49389.0
55	167099.0
56	167099.0
57	167099.0
58	167099.0
59	167099.0
60	94183.0
61	94183.0
62	94183.0
63	94183.0
64	94183.0
65	254635.0
66	254635.0
67	254635.0
68	254635.0
69	254635.0
70	83011.0
71	83011.0
72	83011.0
73	83011.0
74	83011.0
75	393127.0
76	393127.0
77	393127.0
78	393127.0
79	393127.0
80	270593.0
81	270593.0
82	270593.0
83	270593.0
84	270593.0
85	147357.0
86	147357.0
87	147357.0
88	147357.0
89	147357.0
90	57089.0
91	57089.0
92	57089.0
93	57089.0
94	57089.0
95	427746.0
96	427746.0
97	427746.0
98	427746.0
99	427746.0
100	181706.0
101	181706.0
102	181706.0
103	181706.0
104	181706.0
105	133560.0
106	133560.0
107	133560.0
108	133560.0
109	133560.0
110	21185.0
111	21185.0
112	21185.0
113	21185.0
114	21185.0
115	413564.0
116	413564.0
117	413564.0
118	413564.0
119	413564.0
120	352859.0
121	352859.0
122	352859.0
123	352859.0
124	352859.0
125	4692.0
126	4692.0
127	4692.0
128	4692.0
129	4692.0
130	15002.0
131	15002.0
132	15002.0
133	15002.0
134	15002.0
135	107543.0
136	107543.0
137	107543.0
138	107543.0
139	107543.0
140	80157.0
141	80157.0
142	80157.0
143	80157.0
144	80157.0
145	95983.0
146	95983.0
147	95983.0
148	95983.0
149	95983.0
150	356911.0
151	356911.0
152	356911.0
153	356911.0
154	356911.0
155	107576.0
156	107576.0
157	107576.0
158	107576.0
159	107576.0
160	66385.0
161	66385.0
162	66385.0
163	66385.0
164	66385.0
165	49273.0
166	49273.0
167	49273.0
168	49273.0
169	49273.0
170	102785.0
171	102785.0
172	102785.0
173	102785.0
174	102785.0
175	139248.0
176	139248.0
177	139248.0
178	139248.0
179	139248.0
180	43360.0
181	43360.0
182	43360.0
183	43360.0
184	43360.0
185	152709.0
186	152709.0
187	152709.0
188	152709.0
189	152709.0
190	232503.0
191	232503.0
192	232503.0
193	232503.0
194	232503.0
195	172281.0
196	172281.0
197	172281.0
198	172281.0
199	172281.0
200	35515.0
201	35515.0
202	35515.0
203	35515.0
204	35515.0
205	416068.0
206	416068.0
207	416068.0
208	416068.0
209	416068.0
210	235416.0
211	235416.0
212	235416.0
213	235416.0
214	235416.0
215	10723.0
216	10723.0
217	10723.0
218	10723.0
219	10723.0
220	55990.0
221	55990.0
222	55990.0
223	55990.0
224	55990.0
225	182179.0
226	182179.0
227	182179.0
228	182179.0
229	182179.0
230	225553.0
231	225553.0
232	225553.0
233	225553.0
234	225553.0
235	129877.0
236	129877.0
237	129877.0
238	129877.0
239	129877.0
240	378334.0
241	378334.0
242	378334.0
243	378334.0
244	378334.0
245	228870.0
246	228870.0
247	228870.0
248	228870.0
249	228870.0
