0	429367.0
1	429367.0
2	429367.0
3	429367.0
4	429367.0
5	402664.0
6	402664.0
7	402664.0
8	402664.0
9	402664.0
10	34754.0
11	34754.0
12	34754.0
13	34754.0
14	34754.0
15	120022.0
16	120022.0
17	120022.0
18	120022.0
19	120022.0
20	338252.0
21	338252.0
22	338252.0
23	338252.0
24	338252.0
25	297334.0
26	297334.0
27	297334.0
28	297334.0
29	297334.0
30	7053.0
31	7053.0
32	7053.0
33	7053.0
34	7053.0
35	406637.0
36	406637.0
37	406637.0
38	406637.0
39	406637.0
40	40420.0
41	40420.0
42	40420.0
43	40420.0
44	40420.0
45	353833.0
46	353833.0
47	353833.0
48	353833.0
49	353833.0
50	334424.0
51	334424.0
52	334424.0
53	334424.0
54	334424.0
55	141187.0
56	141187.0
57	141187.0
58	141187.0
59	141187.0
60	421197.0
61	421197.0
62	421197.0
63	421197.0
64	421197.0
65	67720.0
66	67720.0
67	67720.0
68	67720.0
69	67720.0
70	19560.0
71	19560.0
72	19560.0
73	19560.0
74	19560.0
75	443723.0
76	443723.0
77	443723.0
78	443723.0
79	443723.0
80	82053.0
81	82053.0
82	82053.0
83	82053.0
84	82053.0
85	77320.0
86	77320.0
87	77320.0
88	77320.0
89	77320.0
90	75832.0
91	75832.0
92	75832.0
93	75832.0
94	75832.0
95	151126.0
96	151126.0
97	151126.0
98	151126.0
99	151126.0
100	136333.0
101	136333.0
102	136333.0
103	136333.0
104	136333.0
105	292622.0
106	292622.0
107	292622.0
108	292622.0
109	292622.0
110	116339.0
111	116339.0
112	116339.0
113	116339.0
114	116339.0
115	251644.0
116	251644.0
117	251644.0
118	251644.0
119	251644.0
120	68491.0
121	68491.0
122	68491.0
123	68491.0
124	68491.0
125	27269.0
126	27269.0
127	27269.0
128	27269.0
129	27269.0
130	27102.0
131	27102.0
132	27102.0
133	27102.0
134	27102.0
135	165851.0
136	165851.0
137	165851.0
138	165851.0
139	165851.0
140	421415.0
141	421415.0
142	421415.0
143	421415.0
144	421415.0
145	190421.0
146	190421.0
147	190421.0
148	190421.0
149	190421.0
150	407706.0
151	407706.0
152	407706.0
153	407706.0
154	407706.0
155	234868.0
156	234868.0
157	234868.0
158	234868.0
159	234868.0
160	186695.0
161	186695.0
162	186695.0
163	186695.0
164	186695.0
165	164097.0
166	164097.0
167	164097.0
168	164097.0
169	164097.0
170	191785.0
171	191785.0
172	191785.0
173	191785.0
174	191785.0
175	298757.0
176	298757.0
177	298757.0
178	298757.0
179	298757.0
180	57674.0
181	57674.0
182	57674.0
183	57674.0
184	57674.0
185	86435.0
186	86435.0
187	86435.0
188	86435.0
189	86435.0
190	415517.0
191	415517.0
192	415517.0
193	415517.0
194	415517.0
195	95170.0
196	95170.0
197	95170.0
198	95170.0
199	95170.0
200	417703.0
201	417703.0
202	417703.0
203	417703.0
204	417703.0
205	80965.0
206	80965.0
207	80965.0
208	80965.0
209	80965.0
210	317580.0
211	317580.0
212	317580.0
213	317580.0
214	317580.0
215	10476.0
216	10476.0
217	10476.0
218	10476.0
219	10476.0
220	115541.0
221	115541.0
222	115541.0
223	115541.0
224	115541.0
225	331795.0
226	331795.0
227	331795.0
228	331795.0
229	331795.0
230	11370.0
231	11370.0
232	11370.0
233	11370.0
234	11370.0
235	348533.0
236	348533.0
237	348533.0
238	348533.0
239	348533.0
240	140553.0
241	140553.0
242	140553.0
243	140553.0
244	140553.0
245	391102.0
246	391102.0
247	391102.0
248	391102.0
249	391102.0
