0	416998.0
1	416998.0
2	416998.0
3	416998.0
4	416998.0
5	22263.0
6	22263.0
7	22263.0
8	22263.0
9	22263.0
10	135439.0
11	135439.0
12	135439.0
13	135439.0
14	135439.0
15	263629.0
16	263629.0
17	263629.0
18	263629.0
19	263629.0
20	238941.0
21	238941.0
22	238941.0
23	238941.0
24	238941.0
25	178569.0
26	178569.0
27	178569.0
28	178569.0
29	178569.0
30	10209.0
31	10209.0
32	10209.0
33	10209.0
34	10209.0
35	189326.0
36	189326.0
37	189326.0
38	189326.0
39	189326.0
40	373724.0
41	373724.0
42	373724.0
43	373724.0
44	373724.0
45	324126.0
46	324126.0
47	324126.0
48	324126.0
49	324126.0
50	154695.0
51	154695.0
52	154695.0
53	154695.0
54	154695.0
55	364609.0
56	364609.0
57	364609.0
58	364609.0
59	364609.0
60	445214.0
61	445214.0
62	445214.0
63	445214.0
64	445214.0
65	120490.0
66	120490.0
67	120490.0
68	120490.0
69	120490.0
70	319889.0
71	319889.0
72	319889.0
73	319889.0
74	319889.0
75	55665.0
76	55665.0
77	55665.0
78	55665.0
79	55665.0
80	303278.0
81	303278.0
82	303278.0
83	303278.0
84	303278.0
85	247765.0
86	247765.0
87	247765.0
88	247765.0
89	247765.0
90	122723.0
91	122723.0
92	122723.0
93	122723.0
94	122723.0
95	311672.0
96	311672.0
97	311672.0
98	311672.0
99	311672.0
100	311862.0
101	311862.0
102	311862.0
103	311862.0
104	311862.0
105	121758.0
106	121758.0
107	121758.0
108	121758.0
109	121758.0
110	304657.0
111	304657.0
112	304657.0
113	304657.0
114	304657.0
115	344053.0
116	344053.0
117	344053.0
118	344053.0
119	344053.0
120	27897.0
121	27897.0
122	27897.0
123	27897.0
124	27897.0
125	70945.0
126	70945.0
127	70945.0
128	70945.0
129	70945.0
130	118882.0
131	118882.0
132	118882.0
133	118882.0
134	118882.0
135	261063.0
136	261063.0
137	261063.0
138	261063.0
139	261063.0
140	238384.0
141	238384.0
142	238384.0
143	238384.0
144	238384.0
145	118229.0
146	118229.0
147	118229.0
148	118229.0
149	118229.0
150	256413.0
151	256413.0
152	256413.0
153	256413.0
154	256413.0
155	395131.0
156	395131.0
157	395131.0
158	395131.0
159	395131.0
160	267409.0
161	267409.0
162	267409.0
163	267409.0
164	267409.0
165	31820.0
166	31820.0
167	31820.0
168	31820.0
169	31820.0
170	412367.0
171	412367.0
172	412367.0
173	412367.0
174	412367.0
175	320844.0
176	320844.0
177	320844.0
178	320844.0
179	320844.0
180	392533.0
181	392533.0
182	392533.0
183	392533.0
184	392533.0
185	428693.0
186	428693.0
187	428693.0
188	428693.0
189	428693.0
190	184532.0
191	184532.0
192	184532.0
193	184532.0
194	184532.0
195	448603.0
196	448603.0
197	448603.0
198	448603.0
199	448603.0
200	298189.0
201	298189.0
202	298189.0
203	298189.0
204	298189.0
205	136188.0
206	136188.0
207	136188.0
208	136188.0
209	136188.0
210	195467.0
211	195467.0
212	195467.0
213	195467.0
214	195467.0
215	96525.0
216	96525.0
217	96525.0
218	96525.0
219	96525.0
220	261084.0
221	261084.0
222	261084.0
223	261084.0
224	261084.0
225	88816.0
226	88816.0
227	88816.0
228	88816.0
229	88816.0
230	38685.0
231	38685.0
232	38685.0
233	38685.0
234	38685.0
235	165214.0
236	165214.0
237	165214.0
238	165214.0
239	165214.0
240	267502.0
241	267502.0
242	267502.0
243	267502.0
244	267502.0
245	109466.0
246	109466.0
247	109466.0
248	109466.0
249	109466.0
