0	413374.0
1	413374.0
2	413374.0
3	413374.0
4	413374.0
5	131526.0
6	131526.0
7	131526.0
8	131526.0
9	131526.0
10	52719.0
11	52719.0
12	52719.0
13	52719.0
14	52719.0
15	72013.0
16	72013.0
17	72013.0
18	72013.0
19	72013.0
20	320962.0
21	320962.0
22	320962.0
23	320962.0
24	320962.0
25	216343.0
26	216343.0
27	216343.0
28	216343.0
29	216343.0
30	99445.0
31	99445.0
32	99445.0
33	99445.0
34	99445.0
35	403337.0
36	403337.0
37	403337.0
38	403337.0
39	403337.0
40	365517.0
41	365517.0
42	365517.0
43	365517.0
44	365517.0
45	27396.0
46	27396.0
47	27396.0
48	27396.0
49	27396.0
50	72903.0
51	72903.0
52	72903.0
53	72903.0
54	72903.0
55	4648.0
56	4648.0
57	4648.0
58	4648.0
59	4648.0
60	262155.0
61	262155.0
62	262155.0
63	262155.0
64	262155.0
65	276948.0
66	276948.0
67	276948.0
68	276948.0
69	276948.0
70	434530.0
71	434530.0
72	434530.0
73	434530.0
74	434530.0
75	191414.0
76	191414.0
77	191414.0
78	191414.0
79	191414.0
80	309625.0
81	309625.0
82	309625.0
83	309625.0
84	309625.0
85	217291.0
86	217291.0
87	217291.0
88	217291.0
89	217291.0
90	98602.0
91	98602.0
92	98602.0
93	98602.0
94	98602.0
95	447105.0
96	447105.0
97	447105.0
98	447105.0
99	447105.0
100	245590.0
101	245590.0
102	245590.0
103	245590.0
104	245590.0
105	83376.0
106	83376.0
107	83376.0
108	83376.0
109	83376.0
110	402237.0
111	402237.0
112	402237.0
113	402237.0
114	402237.0
115	239506.0
116	239506.0
117	239506.0
118	239506.0
119	239506.0
120	229113.0
121	229113.0
122	229113.0
123	229113.0
124	229113.0
125	394220.0
126	394220.0
127	394220.0
128	394220.0
129	394220.0
130	44334.0
131	44334.0
132	44334.0
133	44334.0
134	44334.0
135	60489.0
136	60489.0
137	60489.0
138	60489.0
139	60489.0
140	278530.0
141	278530.0
142	278530.0
143	278530.0
144	278530.0
145	259855.0
146	259855.0
147	259855.0
148	259855.0
149	259855.0
150	54194.0
151	54194.0
152	54194.0
153	54194.0
154	54194.0
155	204591.0
156	204591.0
157	204591.0
158	204591.0
159	204591.0
160	291601.0
161	291601.0
162	291601.0
163	291601.0
164	291601.0
165	438242.0
166	438242.0
167	438242.0
168	438242.0
169	438242.0
170	296476.0
171	296476.0
172	296476.0
173	296476.0
174	296476.0
175	28732.0
176	28732.0
177	28732.0
178	28732.0
179	28732.0
180	256330.0
181	256330.0
182	256330.0
183	256330.0
184	256330.0
185	9026.0
186	9026.0
187	9026.0
188	9026.0
189	9026.0
190	446283.0
191	446283.0
192	446283.0
193	446283.0
194	446283.0
195	157273.0
196	157273.0
197	157273.0
198	157273.0
199	157273.0
200	445506.0
201	445506.0
202	445506.0
203	445506.0
204	445506.0
205	405950.0
206	405950.0
207	405950.0
208	405950.0
209	405950.0
210	444948.0
211	444948.0
212	444948.0
213	444948.0
214	444948.0
215	391821.0
216	391821.0
217	391821.0
218	391821.0
219	391821.0
220	349401.0
221	349401.0
222	349401.0
223	349401.0
224	349401.0
225	439357.0
226	439357.0
227	439357.0
228	439357.0
229	439357.0
230	277293.0
231	277293.0
232	277293.0
233	277293.0
234	277293.0
235	386262.0
236	386262.0
237	386262.0
238	386262.0
239	386262.0
240	203778.0
241	203778.0
242	203778.0
243	203778.0
244	203778.0
245	365968.0
246	365968.0
247	365968.0
248	365968.0
249	365968.0
