0	433917.0
1	433917.0
2	433917.0
3	433917.0
4	433917.0
5	92207.0
6	92207.0
7	92207.0
8	92207.0
9	92207.0
10	323020.0
11	323020.0
12	323020.0
13	323020.0
14	323020.0
15	282620.0
16	282620.0
17	282620.0
18	282620.0
19	282620.0
20	31821.0
21	31821.0
22	31821.0
23	31821.0
24	31821.0
25	311226.0
26	311226.0
27	311226.0
28	311226.0
29	311226.0
30	113189.0
31	113189.0
32	113189.0
33	113189.0
34	113189.0
35	318011.0
36	318011.0
37	318011.0
38	318011.0
39	318011.0
40	292716.0
41	292716.0
42	292716.0
43	292716.0
44	292716.0
45	241984.0
46	241984.0
47	241984.0
48	241984.0
49	241984.0
50	246423.0
51	246423.0
52	246423.0
53	246423.0
54	246423.0
55	423207.0
56	423207.0
57	423207.0
58	423207.0
59	423207.0
60	121816.0
61	121816.0
62	121816.0
63	121816.0
64	121816.0
65	89024.0
66	89024.0
67	89024.0
68	89024.0
69	89024.0
70	238770.0
71	238770.0
72	238770.0
73	238770.0
74	238770.0
75	158745.0
76	158745.0
77	158745.0
78	158745.0
79	158745.0
80	218842.0
81	218842.0
82	218842.0
83	218842.0
84	218842.0
85	8571.0
86	8571.0
87	8571.0
88	8571.0
89	8571.0
90	251356.0
91	251356.0
92	251356.0
93	251356.0
94	251356.0
95	80160.0
96	80160.0
97	80160.0
98	80160.0
99	80160.0
100	405492.0
101	405492.0
102	405492.0
103	405492.0
104	405492.0
105	138062.0
106	138062.0
107	138062.0
108	138062.0
109	138062.0
110	298192.0
111	298192.0
112	298192.0
113	298192.0
114	298192.0
115	434626.0
116	434626.0
117	434626.0
118	434626.0
119	434626.0
120	65931.0
121	65931.0
122	65931.0
123	65931.0
124	65931.0
125	16776.0
126	16776.0
127	16776.0
128	16776.0
129	16776.0
130	160500.0
131	160500.0
132	160500.0
133	160500.0
134	160500.0
135	282822.0
136	282822.0
137	282822.0
138	282822.0
139	282822.0
140	360438.0
141	360438.0
142	360438.0
143	360438.0
144	360438.0
145	366334.0
146	366334.0
147	366334.0
148	366334.0
149	366334.0
150	90054.0
151	90054.0
152	90054.0
153	90054.0
154	90054.0
155	73193.0
156	73193.0
157	73193.0
158	73193.0
159	73193.0
160	10873.0
161	10873.0
162	10873.0
163	10873.0
164	10873.0
165	150556.0
166	150556.0
167	150556.0
168	150556.0
169	150556.0
170	158464.0
171	158464.0
172	158464.0
173	158464.0
174	158464.0
175	105572.0
176	105572.0
177	105572.0
178	105572.0
179	105572.0
180	172674.0
181	172674.0
182	172674.0
183	172674.0
184	172674.0
185	387740.0
186	387740.0
187	387740.0
188	387740.0
189	387740.0
190	353522.0
191	353522.0
192	353522.0
193	353522.0
194	353522.0
195	141727.0
196	141727.0
197	141727.0
198	141727.0
199	141727.0
200	68780.0
201	68780.0
202	68780.0
203	68780.0
204	68780.0
205	82753.0
206	82753.0
207	82753.0
208	82753.0
209	82753.0
210	310831.0
211	310831.0
212	310831.0
213	310831.0
214	310831.0
215	151574.0
216	151574.0
217	151574.0
218	151574.0
219	151574.0
220	28600.0
221	28600.0
222	28600.0
223	28600.0
224	28600.0
225	2909.0
226	2909.0
227	2909.0
228	2909.0
229	2909.0
230	333466.0
231	333466.0
232	333466.0
233	333466.0
234	333466.0
235	54068.0
236	54068.0
237	54068.0
238	54068.0
239	54068.0
240	140317.0
241	140317.0
242	140317.0
243	140317.0
244	140317.0
245	334640.0
246	334640.0
247	334640.0
248	334640.0
249	334640.0
