0	378516.0
1	378516.0
2	378516.0
3	378516.0
4	378516.0
5	172663.0
6	172663.0
7	172663.0
8	172663.0
9	172663.0
10	317788.0
11	317788.0
12	317788.0
13	317788.0
14	317788.0
15	24229.0
16	24229.0
17	24229.0
18	24229.0
19	24229.0
20	313730.0
21	313730.0
22	313730.0
23	313730.0
24	313730.0
25	92815.0
26	92815.0
27	92815.0
28	92815.0
29	92815.0
30	30651.0
31	30651.0
32	30651.0
33	30651.0
34	30651.0
35	338992.0
36	338992.0
37	338992.0
38	338992.0
39	338992.0
40	140993.0
41	140993.0
42	140993.0
43	140993.0
44	140993.0
45	1930.0
46	1930.0
47	1930.0
48	1930.0
49	1930.0
50	297807.0
51	297807.0
52	297807.0
53	297807.0
54	297807.0
55	192085.0
56	192085.0
57	192085.0
58	192085.0
59	192085.0
60	296854.0
61	296854.0
62	296854.0
63	296854.0
64	296854.0
65	210746.0
66	210746.0
67	210746.0
68	210746.0
69	210746.0
70	309128.0
71	309128.0
72	309128.0
73	309128.0
74	309128.0
75	300220.0
76	300220.0
77	300220.0
78	300220.0
79	300220.0
80	408092.0
81	408092.0
82	408092.0
83	408092.0
84	408092.0
85	129674.0
86	129674.0
87	129674.0
88	129674.0
89	129674.0
90	21491.0
91	21491.0
92	21491.0
93	21491.0
94	21491.0
95	90150.0
96	90150.0
97	90150.0
98	90150.0
99	90150.0
100	23371.0
101	23371.0
102	23371.0
103	23371.0
104	23371.0
105	314062.0
106	314062.0
107	314062.0
108	314062.0
109	314062.0
110	428063.0
111	428063.0
112	428063.0
113	428063.0
114	428063.0
115	425386.0
116	425386.0
117	425386.0
118	425386.0
119	425386.0
120	205505.0
121	205505.0
122	205505.0
123	205505.0
124	205505.0
125	97812.0
126	97812.0
127	97812.0
128	97812.0
129	97812.0
130	318091.0
131	318091.0
132	318091.0
133	318091.0
134	318091.0
135	424137.0
136	424137.0
137	424137.0
138	424137.0
139	424137.0
140	63864.0
141	63864.0
142	63864.0
143	63864.0
144	63864.0
145	279531.0
146	279531.0
147	279531.0
148	279531.0
149	279531.0
150	3402.0
151	3402.0
152	3402.0
153	3402.0
154	3402.0
155	346786.0
156	346786.0
157	346786.0
158	346786.0
159	346786.0
160	387038.0
161	387038.0
162	387038.0
163	387038.0
164	387038.0
165	226369.0
166	226369.0
167	226369.0
168	226369.0
169	226369.0
170	330020.0
171	330020.0
172	330020.0
173	330020.0
174	330020.0
175	22639.0
176	22639.0
177	22639.0
178	22639.0
179	22639.0
180	115328.0
181	115328.0
182	115328.0
183	115328.0
184	115328.0
185	386422.0
186	386422.0
187	386422.0
188	386422.0
189	386422.0
190	370415.0
191	370415.0
192	370415.0
193	370415.0
194	370415.0
195	129634.0
196	129634.0
197	129634.0
198	129634.0
199	129634.0
200	86914.0
201	86914.0
202	86914.0
203	86914.0
204	86914.0
205	67800.0
206	67800.0
207	67800.0
208	67800.0
209	67800.0
210	150162.0
211	150162.0
212	150162.0
213	150162.0
214	150162.0
215	72295.0
216	72295.0
217	72295.0
218	72295.0
219	72295.0
220	372967.0
221	372967.0
222	372967.0
223	372967.0
224	372967.0
225	176529.0
226	176529.0
227	176529.0
228	176529.0
229	176529.0
230	227655.0
231	227655.0
232	227655.0
233	227655.0
234	227655.0
235	388868.0
236	388868.0
237	388868.0
238	388868.0
239	388868.0
240	363784.0
241	363784.0
242	363784.0
243	363784.0
244	363784.0
245	434439.0
246	434439.0
247	434439.0
248	434439.0
249	434439.0
