0	328460.0
1	328460.0
2	328460.0
3	328460.0
4	328460.0
5	446169.0
6	446169.0
7	446169.0
8	446169.0
9	446169.0
10	382833.0
11	382833.0
12	382833.0
13	382833.0
14	382833.0
15	306678.0
16	306678.0
17	306678.0
18	306678.0
19	306678.0
20	28121.0
21	28121.0
22	28121.0
23	28121.0
24	28121.0
25	364953.0
26	364953.0
27	364953.0
28	364953.0
29	364953.0
30	440463.0
31	440463.0
32	440463.0
33	440463.0
34	440463.0
35	322790.0
36	322790.0
37	322790.0
38	322790.0
39	322790.0
40	227516.0
41	227516.0
42	227516.0
43	227516.0
44	227516.0
45	41509.0
46	41509.0
47	41509.0
48	41509.0
49	41509.0
50	79142.0
51	79142.0
52	79142.0
53	79142.0
54	79142.0
55	185498.0
56	185498.0
57	185498.0
58	185498.0
59	185498.0
60	308604.0
61	308604.0
62	308604.0
63	308604.0
64	308604.0
65	153855.0
66	153855.0
67	153855.0
68	153855.0
69	153855.0
70	378994.0
71	378994.0
72	378994.0
73	378994.0
74	378994.0
75	167934.0
76	167934.0
77	167934.0
78	167934.0
79	167934.0
80	36557.0
81	36557.0
82	36557.0
83	36557.0
84	36557.0
85	342177.0
86	342177.0
87	342177.0
88	342177.0
89	342177.0
90	290453.0
91	290453.0
92	290453.0
93	290453.0
94	290453.0
95	153170.0
96	153170.0
97	153170.0
98	153170.0
99	153170.0
100	302905.0
101	302905.0
102	302905.0
103	302905.0
104	302905.0
105	428736.0
106	428736.0
107	428736.0
108	428736.0
109	428736.0
110	181116.0
111	181116.0
112	181116.0
113	181116.0
114	181116.0
115	366483.0
116	366483.0
117	366483.0
118	366483.0
119	366483.0
120	203795.0
121	203795.0
122	203795.0
123	203795.0
124	203795.0
125	284088.0
126	284088.0
127	284088.0
128	284088.0
129	284088.0
130	170559.0
131	170559.0
132	170559.0
133	170559.0
134	170559.0
135	12223.0
136	12223.0
137	12223.0
138	12223.0
139	12223.0
140	370050.0
141	370050.0
142	370050.0
143	370050.0
144	370050.0
145	314126.0
146	314126.0
147	314126.0
148	314126.0
149	314126.0
150	270741.0
151	270741.0
152	270741.0
153	270741.0
154	270741.0
155	372793.0
156	372793.0
157	372793.0
158	372793.0
159	372793.0
160	216912.0
161	216912.0
162	216912.0
163	216912.0
164	216912.0
165	206310.0
166	206310.0
167	206310.0
168	206310.0
169	206310.0
170	271507.0
171	271507.0
172	271507.0
173	271507.0
174	271507.0
175	441809.0
176	441809.0
177	441809.0
178	441809.0
179	441809.0
180	8610.0
181	8610.0
182	8610.0
183	8610.0
184	8610.0
185	332201.0
186	332201.0
187	332201.0
188	332201.0
189	332201.0
190	274736.0
191	274736.0
192	274736.0
193	274736.0
194	274736.0
195	256289.0
196	256289.0
197	256289.0
198	256289.0
199	256289.0
200	246359.0
201	246359.0
202	246359.0
203	246359.0
204	246359.0
205	250244.0
206	250244.0
207	250244.0
208	250244.0
209	250244.0
210	50430.0
211	50430.0
212	50430.0
213	50430.0
214	50430.0
215	34742.0
216	34742.0
217	34742.0
218	34742.0
219	34742.0
220	415864.0
221	415864.0
222	415864.0
223	415864.0
224	415864.0
225	84004.0
226	84004.0
227	84004.0
228	84004.0
229	84004.0
230	293757.0
231	293757.0
232	293757.0
233	293757.0
234	293757.0
235	417546.0
236	417546.0
237	417546.0
238	417546.0
239	417546.0
240	323665.0
241	323665.0
242	323665.0
243	323665.0
244	323665.0
245	297830.0
246	297830.0
247	297830.0
248	297830.0
249	297830.0
