0	411545.0
1	411545.0
2	411545.0
3	411545.0
4	411545.0
5	54474.0
6	54474.0
7	54474.0
8	54474.0
9	54474.0
10	94056.0
11	94056.0
12	94056.0
13	94056.0
14	94056.0
15	166590.0
16	166590.0
17	166590.0
18	166590.0
19	166590.0
20	151283.0
21	151283.0
22	151283.0
23	151283.0
24	151283.0
25	111940.0
26	111940.0
27	111940.0
28	111940.0
29	111940.0
30	520933.0
31	520933.0
32	520933.0
33	520933.0
34	520933.0
35	564396.0
36	564396.0
37	564396.0
38	564396.0
39	564396.0
40	264999.0
41	264999.0
42	264999.0
43	264999.0
44	264999.0
45	331642.0
46	331642.0
47	331642.0
48	331642.0
49	331642.0
50	310402.0
51	310402.0
52	310402.0
53	310402.0
54	310402.0
55	537663.0
56	537663.0
57	537663.0
58	537663.0
59	537663.0
60	489010.0
61	489010.0
62	489010.0
63	489010.0
64	489010.0
65	79683.0
66	79683.0
67	79683.0
68	79683.0
69	79683.0
70	20011.0
71	20011.0
72	20011.0
73	20011.0
74	20011.0
75	95827.0
76	95827.0
77	95827.0
78	95827.0
79	95827.0
80	356078.0
81	356078.0
82	356078.0
83	356078.0
84	356078.0
85	89708.0
86	89708.0
87	89708.0
88	89708.0
89	89708.0
90	543938.0
91	543938.0
92	543938.0
93	543938.0
94	543938.0
95	138789.0
96	138789.0
97	138789.0
98	138789.0
99	138789.0
100	150977.0
101	150977.0
102	150977.0
103	150977.0
104	150977.0
105	384667.0
106	384667.0
107	384667.0
108	384667.0
109	384667.0
110	522000.0
111	522000.0
112	522000.0
113	522000.0
114	522000.0
115	452952.0
116	452952.0
117	452952.0
118	452952.0
119	452952.0
120	539609.0
121	539609.0
122	539609.0
123	539609.0
124	539609.0
125	202358.0
126	202358.0
127	202358.0
128	202358.0
129	202358.0
130	511492.0
131	511492.0
132	511492.0
133	511492.0
134	511492.0
135	338089.0
136	338089.0
137	338089.0
138	338089.0
139	338089.0
140	362536.0
141	362536.0
142	362536.0
143	362536.0
144	362536.0
145	329644.0
146	329644.0
147	329644.0
148	329644.0
149	329644.0
150	306039.0
151	306039.0
152	306039.0
153	306039.0
154	306039.0
155	90300.0
156	90300.0
157	90300.0
158	90300.0
159	90300.0
160	151238.0
161	151238.0
162	151238.0
163	151238.0
164	151238.0
165	390115.0
166	390115.0
167	390115.0
168	390115.0
169	390115.0
170	67657.0
171	67657.0
172	67657.0
173	67657.0
174	67657.0
175	256613.0
176	256613.0
177	256613.0
178	256613.0
179	256613.0
180	16482.0
181	16482.0
182	16482.0
183	16482.0
184	16482.0
185	349408.0
186	349408.0
187	349408.0
188	349408.0
189	349408.0
190	370220.0
191	370220.0
192	370220.0
193	370220.0
194	370220.0
195	254408.0
196	254408.0
197	254408.0
198	254408.0
199	254408.0
200	411503.0
201	411503.0
202	411503.0
203	411503.0
204	411503.0
205	487261.0
206	487261.0
207	487261.0
208	487261.0
209	487261.0
210	323670.0
211	323670.0
212	323670.0
213	323670.0
214	323670.0
215	221519.0
216	221519.0
217	221519.0
218	221519.0
219	221519.0
220	571414.0
221	571414.0
222	571414.0
223	571414.0
224	571414.0
225	531918.0
226	531918.0
227	531918.0
228	531918.0
229	531918.0
230	191263.0
231	191263.0
232	191263.0
233	191263.0
234	191263.0
235	398791.0
236	398791.0
237	398791.0
238	398791.0
239	398791.0
240	289719.0
241	289719.0
242	289719.0
243	289719.0
244	289719.0
245	369513.0
246	369513.0
247	369513.0
248	369513.0
249	369513.0
