0	446413.0
1	446413.0
2	446413.0
3	446413.0
4	446413.0
5	267117.0
6	267117.0
7	267117.0
8	267117.0
9	267117.0
10	461897.0
11	461897.0
12	461897.0
13	461897.0
14	461897.0
15	42813.0
16	42813.0
17	42813.0
18	42813.0
19	42813.0
20	7351.0
21	7351.0
22	7351.0
23	7351.0
24	7351.0
25	47325.0
26	47325.0
27	47325.0
28	47325.0
29	47325.0
30	264928.0
31	264928.0
32	264928.0
33	264928.0
34	264928.0
35	159516.0
36	159516.0
37	159516.0
38	159516.0
39	159516.0
40	232285.0
41	232285.0
42	232285.0
43	232285.0
44	232285.0
45	14631.0
46	14631.0
47	14631.0
48	14631.0
49	14631.0
50	220391.0
51	220391.0
52	220391.0
53	220391.0
54	220391.0
55	469746.0
56	469746.0
57	469746.0
58	469746.0
59	469746.0
60	502936.0
61	502936.0
62	502936.0
63	502936.0
64	502936.0
65	315633.0
66	315633.0
67	315633.0
68	315633.0
69	315633.0
70	94542.0
71	94542.0
72	94542.0
73	94542.0
74	94542.0
75	470408.0
76	470408.0
77	470408.0
78	470408.0
79	470408.0
80	519914.0
81	519914.0
82	519914.0
83	519914.0
84	519914.0
85	152899.0
86	152899.0
87	152899.0
88	152899.0
89	152899.0
90	257360.0
91	257360.0
92	257360.0
93	257360.0
94	257360.0
95	6882.0
96	6882.0
97	6882.0
98	6882.0
99	6882.0
100	390988.0
101	390988.0
102	390988.0
103	390988.0
104	390988.0
105	295204.0
106	295204.0
107	295204.0
108	295204.0
109	295204.0
110	375873.0
111	375873.0
112	375873.0
113	375873.0
114	375873.0
115	555601.0
116	555601.0
117	555601.0
118	555601.0
119	555601.0
120	574436.0
121	574436.0
122	574436.0
123	574436.0
124	574436.0
125	197168.0
126	197168.0
127	197168.0
128	197168.0
129	197168.0
130	240272.0
131	240272.0
132	240272.0
133	240272.0
134	240272.0
135	442956.0
136	442956.0
137	442956.0
138	442956.0
139	442956.0
140	99404.0
141	99404.0
142	99404.0
143	99404.0
144	99404.0
145	510261.0
146	510261.0
147	510261.0
148	510261.0
149	510261.0
150	284913.0
151	284913.0
152	284913.0
153	284913.0
154	284913.0
155	215160.0
156	215160.0
157	215160.0
158	215160.0
159	215160.0
160	277990.0
161	277990.0
162	277990.0
163	277990.0
164	277990.0
165	281998.0
166	281998.0
167	281998.0
168	281998.0
169	281998.0
170	358776.0
171	358776.0
172	358776.0
173	358776.0
174	358776.0
175	480373.0
176	480373.0
177	480373.0
178	480373.0
179	480373.0
180	291169.0
181	291169.0
182	291169.0
183	291169.0
184	291169.0
185	475179.0
186	475179.0
187	475179.0
188	475179.0
189	475179.0
190	386060.0
191	386060.0
192	386060.0
193	386060.0
194	386060.0
195	180076.0
196	180076.0
197	180076.0
198	180076.0
199	180076.0
200	345595.0
201	345595.0
202	345595.0
203	345595.0
204	345595.0
205	149816.0
206	149816.0
207	149816.0
208	149816.0
209	149816.0
210	318694.0
211	318694.0
212	318694.0
213	318694.0
214	318694.0
215	497445.0
216	497445.0
217	497445.0
218	497445.0
219	497445.0
220	7799.0
221	7799.0
222	7799.0
223	7799.0
224	7799.0
225	178505.0
226	178505.0
227	178505.0
228	178505.0
229	178505.0
230	386141.0
231	386141.0
232	386141.0
233	386141.0
234	386141.0
235	305438.0
236	305438.0
237	305438.0
238	305438.0
239	305438.0
240	570795.0
241	570795.0
242	570795.0
243	570795.0
244	570795.0
245	326542.0
246	326542.0
247	326542.0
248	326542.0
249	326542.0
