0	59921.0
1	59921.0
2	59921.0
3	59921.0
4	59921.0
5	111522.0
6	111522.0
7	111522.0
8	111522.0
9	111522.0
10	508514.0
11	508514.0
12	508514.0
13	508514.0
14	508514.0
15	553422.0
16	553422.0
17	553422.0
18	553422.0
19	553422.0
20	437582.0
21	437582.0
22	437582.0
23	437582.0
24	437582.0
25	313964.0
26	313964.0
27	313964.0
28	313964.0
29	313964.0
30	215080.0
31	215080.0
32	215080.0
33	215080.0
34	215080.0
35	88534.0
36	88534.0
37	88534.0
38	88534.0
39	88534.0
40	246104.0
41	246104.0
42	246104.0
43	246104.0
44	246104.0
45	173455.0
46	173455.0
47	173455.0
48	173455.0
49	173455.0
50	65475.0
51	65475.0
52	65475.0
53	65475.0
54	65475.0
55	520362.0
56	520362.0
57	520362.0
58	520362.0
59	520362.0
60	514360.0
61	514360.0
62	514360.0
63	514360.0
64	514360.0
65	325837.0
66	325837.0
67	325837.0
68	325837.0
69	325837.0
70	113604.0
71	113604.0
72	113604.0
73	113604.0
74	113604.0
75	190058.0
76	190058.0
77	190058.0
78	190058.0
79	190058.0
80	44047.0
81	44047.0
82	44047.0
83	44047.0
84	44047.0
85	364061.0
86	364061.0
87	364061.0
88	364061.0
89	364061.0
90	459262.0
91	459262.0
92	459262.0
93	459262.0
94	459262.0
95	285528.0
96	285528.0
97	285528.0
98	285528.0
99	285528.0
100	89699.0
101	89699.0
102	89699.0
103	89699.0
104	89699.0
105	134429.0
106	134429.0
107	134429.0
108	134429.0
109	134429.0
110	185691.0
111	185691.0
112	185691.0
113	185691.0
114	185691.0
115	498131.0
116	498131.0
117	498131.0
118	498131.0
119	498131.0
120	454684.0
121	454684.0
122	454684.0
123	454684.0
124	454684.0
125	135998.0
126	135998.0
127	135998.0
128	135998.0
129	135998.0
130	360430.0
131	360430.0
132	360430.0
133	360430.0
134	360430.0
135	30835.0
136	30835.0
137	30835.0
138	30835.0
139	30835.0
140	9746.0
141	9746.0
142	9746.0
143	9746.0
144	9746.0
145	122406.0
146	122406.0
147	122406.0
148	122406.0
149	122406.0
150	59487.0
151	59487.0
152	59487.0
153	59487.0
154	59487.0
155	322572.0
156	322572.0
157	322572.0
158	322572.0
159	322572.0
160	387366.0
161	387366.0
162	387366.0
163	387366.0
164	387366.0
165	439599.0
166	439599.0
167	439599.0
168	439599.0
169	439599.0
170	428668.0
171	428668.0
172	428668.0
173	428668.0
174	428668.0
175	13.0
176	13.0
177	13.0
178	13.0
179	13.0
180	255772.0
181	255772.0
182	255772.0
183	255772.0
184	255772.0
185	428071.0
186	428071.0
187	428071.0
188	428071.0
189	428071.0
190	335930.0
191	335930.0
192	335930.0
193	335930.0
194	335930.0
195	206583.0
196	206583.0
197	206583.0
198	206583.0
199	206583.0
200	538574.0
201	538574.0
202	538574.0
203	538574.0
204	538574.0
205	174758.0
206	174758.0
207	174758.0
208	174758.0
209	174758.0
210	336540.0
211	336540.0
212	336540.0
213	336540.0
214	336540.0
215	80619.0
216	80619.0
217	80619.0
218	80619.0
219	80619.0
220	242659.0
221	242659.0
222	242659.0
223	242659.0
224	242659.0
225	108180.0
226	108180.0
227	108180.0
228	108180.0
229	108180.0
230	441413.0
231	441413.0
232	441413.0
233	441413.0
234	441413.0
235	406859.0
236	406859.0
237	406859.0
238	406859.0
239	406859.0
240	251427.0
241	251427.0
242	251427.0
243	251427.0
244	251427.0
245	281489.0
246	281489.0
247	281489.0
248	281489.0
249	281489.0
