0	252578.0
1	252578.0
2	252578.0
3	252578.0
4	252578.0
5	10350.0
6	10350.0
7	10350.0
8	10350.0
9	10350.0
10	296823.0
11	296823.0
12	296823.0
13	296823.0
14	296823.0
15	133427.0
16	133427.0
17	133427.0
18	133427.0
19	133427.0
20	228637.0
21	228637.0
22	228637.0
23	228637.0
24	228637.0
25	538660.0
26	538660.0
27	538660.0
28	538660.0
29	538660.0
30	70563.0
31	70563.0
32	70563.0
33	70563.0
34	70563.0
35	14846.0
36	14846.0
37	14846.0
38	14846.0
39	14846.0
40	485990.0
41	485990.0
42	485990.0
43	485990.0
44	485990.0
45	13729.0
46	13729.0
47	13729.0
48	13729.0
49	13729.0
50	233502.0
51	233502.0
52	233502.0
53	233502.0
54	233502.0
55	370304.0
56	370304.0
57	370304.0
58	370304.0
59	370304.0
60	391901.0
61	391901.0
62	391901.0
63	391901.0
64	391901.0
65	281208.0
66	281208.0
67	281208.0
68	281208.0
69	281208.0
70	550685.0
71	550685.0
72	550685.0
73	550685.0
74	550685.0
75	338455.0
76	338455.0
77	338455.0
78	338455.0
79	338455.0
80	314120.0
81	314120.0
82	314120.0
83	314120.0
84	314120.0
85	557781.0
86	557781.0
87	557781.0
88	557781.0
89	557781.0
90	269769.0
91	269769.0
92	269769.0
93	269769.0
94	269769.0
95	18696.0
96	18696.0
97	18696.0
98	18696.0
99	18696.0
100	519921.0
101	519921.0
102	519921.0
103	519921.0
104	519921.0
105	185938.0
106	185938.0
107	185938.0
108	185938.0
109	185938.0
110	548038.0
111	548038.0
112	548038.0
113	548038.0
114	548038.0
115	206735.0
116	206735.0
117	206735.0
118	206735.0
119	206735.0
120	562681.0
121	562681.0
122	562681.0
123	562681.0
124	562681.0
125	55948.0
126	55948.0
127	55948.0
128	55948.0
129	55948.0
130	323841.0
131	323841.0
132	323841.0
133	323841.0
134	323841.0
135	232191.0
136	232191.0
137	232191.0
138	232191.0
139	232191.0
140	68085.0
141	68085.0
142	68085.0
143	68085.0
144	68085.0
145	500419.0
146	500419.0
147	500419.0
148	500419.0
149	500419.0
150	290335.0
151	290335.0
152	290335.0
153	290335.0
154	290335.0
155	210916.0
156	210916.0
157	210916.0
158	210916.0
159	210916.0
160	105643.0
161	105643.0
162	105643.0
163	105643.0
164	105643.0
165	393859.0
166	393859.0
167	393859.0
168	393859.0
169	393859.0
170	330195.0
171	330195.0
172	330195.0
173	330195.0
174	330195.0
175	709.0
176	709.0
177	709.0
178	709.0
179	709.0
180	133338.0
181	133338.0
182	133338.0
183	133338.0
184	133338.0
185	380677.0
186	380677.0
187	380677.0
188	380677.0
189	380677.0
190	528894.0
191	528894.0
192	528894.0
193	528894.0
194	528894.0
195	200692.0
196	200692.0
197	200692.0
198	200692.0
199	200692.0
200	423508.0
201	423508.0
202	423508.0
203	423508.0
204	423508.0
205	123959.0
206	123959.0
207	123959.0
208	123959.0
209	123959.0
210	446780.0
211	446780.0
212	446780.0
213	446780.0
214	446780.0
215	518201.0
216	518201.0
217	518201.0
218	518201.0
219	518201.0
220	395359.0
221	395359.0
222	395359.0
223	395359.0
224	395359.0
225	553091.0
226	553091.0
227	553091.0
228	553091.0
229	553091.0
230	239302.0
231	239302.0
232	239302.0
233	239302.0
234	239302.0
235	296064.0
236	296064.0
237	296064.0
238	296064.0
239	296064.0
240	426056.0
241	426056.0
242	426056.0
243	426056.0
244	426056.0
245	1666.0
246	1666.0
247	1666.0
248	1666.0
249	1666.0
