0	418390.0
1	418390.0
2	418390.0
3	418390.0
4	418390.0
5	166421.0
6	166421.0
7	166421.0
8	166421.0
9	166421.0
10	181245.0
11	181245.0
12	181245.0
13	181245.0
14	181245.0
15	288848.0
16	288848.0
17	288848.0
18	288848.0
19	288848.0
20	320278.0
21	320278.0
22	320278.0
23	320278.0
24	320278.0
25	484205.0
26	484205.0
27	484205.0
28	484205.0
29	484205.0
30	416605.0
31	416605.0
32	416605.0
33	416605.0
34	416605.0
35	400101.0
36	400101.0
37	400101.0
38	400101.0
39	400101.0
40	138235.0
41	138235.0
42	138235.0
43	138235.0
44	138235.0
45	511992.0
46	511992.0
47	511992.0
48	511992.0
49	511992.0
50	234166.0
51	234166.0
52	234166.0
53	234166.0
54	234166.0
55	269577.0
56	269577.0
57	269577.0
58	269577.0
59	269577.0
60	552692.0
61	552692.0
62	552692.0
63	552692.0
64	552692.0
65	211321.0
66	211321.0
67	211321.0
68	211321.0
69	211321.0
70	172664.0
71	172664.0
72	172664.0
73	172664.0
74	172664.0
75	177959.0
76	177959.0
77	177959.0
78	177959.0
79	177959.0
80	172461.0
81	172461.0
82	172461.0
83	172461.0
84	172461.0
85	434828.0
86	434828.0
87	434828.0
88	434828.0
89	434828.0
90	292958.0
91	292958.0
92	292958.0
93	292958.0
94	292958.0
95	373904.0
96	373904.0
97	373904.0
98	373904.0
99	373904.0
100	458008.0
101	458008.0
102	458008.0
103	458008.0
104	458008.0
105	51062.0
106	51062.0
107	51062.0
108	51062.0
109	51062.0
110	352364.0
111	352364.0
112	352364.0
113	352364.0
114	352364.0
115	454120.0
116	454120.0
117	454120.0
118	454120.0
119	454120.0
120	569602.0
121	569602.0
122	569602.0
123	569602.0
124	569602.0
125	371652.0
126	371652.0
127	371652.0
128	371652.0
129	371652.0
130	449693.0
131	449693.0
132	449693.0
133	449693.0
134	449693.0
135	207708.0
136	207708.0
137	207708.0
138	207708.0
139	207708.0
140	195699.0
141	195699.0
142	195699.0
143	195699.0
144	195699.0
145	386819.0
146	386819.0
147	386819.0
148	386819.0
149	386819.0
150	137915.0
151	137915.0
152	137915.0
153	137915.0
154	137915.0
155	319467.0
156	319467.0
157	319467.0
158	319467.0
159	319467.0
160	484477.0
161	484477.0
162	484477.0
163	484477.0
164	484477.0
165	148903.0
166	148903.0
167	148903.0
168	148903.0
169	148903.0
170	162124.0
171	162124.0
172	162124.0
173	162124.0
174	162124.0
175	207878.0
176	207878.0
177	207878.0
178	207878.0
179	207878.0
180	352485.0
181	352485.0
182	352485.0
183	352485.0
184	352485.0
185	145938.0
186	145938.0
187	145938.0
188	145938.0
189	145938.0
190	476981.0
191	476981.0
192	476981.0
193	476981.0
194	476981.0
195	90749.0
196	90749.0
197	90749.0
198	90749.0
199	90749.0
200	314595.0
201	314595.0
202	314595.0
203	314595.0
204	314595.0
205	354993.0
206	354993.0
207	354993.0
208	354993.0
209	354993.0
210	144411.0
211	144411.0
212	144411.0
213	144411.0
214	144411.0
215	97808.0
216	97808.0
217	97808.0
218	97808.0
219	97808.0
220	89839.0
221	89839.0
222	89839.0
223	89839.0
224	89839.0
225	339778.0
226	339778.0
227	339778.0
228	339778.0
229	339778.0
230	141853.0
231	141853.0
232	141853.0
233	141853.0
234	141853.0
235	31985.0
236	31985.0
237	31985.0
238	31985.0
239	31985.0
240	243615.0
241	243615.0
242	243615.0
243	243615.0
244	243615.0
245	35293.0
246	35293.0
247	35293.0
248	35293.0
249	35293.0
