0	170356.0
1	170356.0
2	170356.0
3	170356.0
4	170356.0
5	2337.0
6	2337.0
7	2337.0
8	2337.0
9	2337.0
10	161162.0
11	161162.0
12	161162.0
13	161162.0
14	161162.0
15	67484.0
16	67484.0
17	67484.0
18	67484.0
19	67484.0
20	252829.0
21	252829.0
22	252829.0
23	252829.0
24	252829.0
25	56888.0
26	56888.0
27	56888.0
28	56888.0
29	56888.0
30	247287.0
31	247287.0
32	247287.0
33	247287.0
34	247287.0
35	216481.0
36	216481.0
37	216481.0
38	216481.0
39	216481.0
40	137918.0
41	137918.0
42	137918.0
43	137918.0
44	137918.0
45	11332.0
46	11332.0
47	11332.0
48	11332.0
49	11332.0
50	99068.0
51	99068.0
52	99068.0
53	99068.0
54	99068.0
55	259776.0
56	259776.0
57	259776.0
58	259776.0
59	259776.0
60	234189.0
61	234189.0
62	234189.0
63	234189.0
64	234189.0
65	187139.0
66	187139.0
67	187139.0
68	187139.0
69	187139.0
70	264309.0
71	264309.0
72	264309.0
73	264309.0
74	264309.0
75	107443.0
76	107443.0
77	107443.0
78	107443.0
79	107443.0
80	99664.0
81	99664.0
82	99664.0
83	99664.0
84	99664.0
85	33362.0
86	33362.0
87	33362.0
88	33362.0
89	33362.0
90	115176.0
91	115176.0
92	115176.0
93	115176.0
94	115176.0
95	136308.0
96	136308.0
97	136308.0
98	136308.0
99	136308.0
100	78037.0
101	78037.0
102	78037.0
103	78037.0
104	78037.0
105	249181.0
106	249181.0
107	249181.0
108	249181.0
109	249181.0
110	218403.0
111	218403.0
112	218403.0
113	218403.0
114	218403.0
115	247594.0
116	247594.0
117	247594.0
118	247594.0
119	247594.0
120	24787.0
121	24787.0
122	24787.0
123	24787.0
124	24787.0
125	9692.0
126	9692.0
127	9692.0
128	9692.0
129	9692.0
130	173910.0
131	173910.0
132	173910.0
133	173910.0
134	173910.0
135	196496.0
136	196496.0
137	196496.0
138	196496.0
139	196496.0
140	256134.0
141	256134.0
142	256134.0
143	256134.0
144	256134.0
145	118383.0
146	118383.0
147	118383.0
148	118383.0
149	118383.0
150	48306.0
151	48306.0
152	48306.0
153	48306.0
154	48306.0
155	207413.0
156	207413.0
157	207413.0
158	207413.0
159	207413.0
160	101620.0
161	101620.0
162	101620.0
163	101620.0
164	101620.0
165	255889.0
166	255889.0
167	255889.0
168	255889.0
169	255889.0
170	228208.0
171	228208.0
172	228208.0
173	228208.0
174	228208.0
175	85807.0
176	85807.0
177	85807.0
178	85807.0
179	85807.0
180	108289.0
181	108289.0
182	108289.0
183	108289.0
184	108289.0
185	27980.0
186	27980.0
187	27980.0
188	27980.0
189	27980.0
190	61503.0
191	61503.0
192	61503.0
193	61503.0
194	61503.0
195	34329.0
196	34329.0
197	34329.0
198	34329.0
199	34329.0
200	45669.0
201	45669.0
202	45669.0
203	45669.0
204	45669.0
205	175063.0
206	175063.0
207	175063.0
208	175063.0
209	175063.0
210	176551.0
211	176551.0
212	176551.0
213	176551.0
214	176551.0
215	75906.0
216	75906.0
217	75906.0
218	75906.0
219	75906.0
220	67884.0
221	67884.0
222	67884.0
223	67884.0
224	67884.0
225	108611.0
226	108611.0
227	108611.0
228	108611.0
229	108611.0
230	155953.0
231	155953.0
232	155953.0
233	155953.0
234	155953.0
235	76517.0
236	76517.0
237	76517.0
238	76517.0
239	76517.0
240	132074.0
241	132074.0
242	132074.0
243	132074.0
244	132074.0
245	77065.0
246	77065.0
247	77065.0
248	77065.0
249	77065.0
