0	111464.0
1	111464.0
2	111464.0
3	111464.0
4	111464.0
5	167294.0
6	167294.0
7	167294.0
8	167294.0
9	167294.0
10	38287.0
11	38287.0
12	38287.0
13	38287.0
14	38287.0
15	144866.0
16	144866.0
17	144866.0
18	144866.0
19	144866.0
20	165543.0
21	165543.0
22	165543.0
23	165543.0
24	165543.0
25	36692.0
26	36692.0
27	36692.0
28	36692.0
29	36692.0
30	59300.0
31	59300.0
32	59300.0
33	59300.0
34	59300.0
35	76228.0
36	76228.0
37	76228.0
38	76228.0
39	76228.0
40	224130.0
41	224130.0
42	224130.0
43	224130.0
44	224130.0
45	98707.0
46	98707.0
47	98707.0
48	98707.0
49	98707.0
50	138292.0
51	138292.0
52	138292.0
53	138292.0
54	138292.0
55	202709.0
56	202709.0
57	202709.0
58	202709.0
59	202709.0
60	219083.0
61	219083.0
62	219083.0
63	219083.0
64	219083.0
65	37805.0
66	37805.0
67	37805.0
68	37805.0
69	37805.0
70	187890.0
71	187890.0
72	187890.0
73	187890.0
74	187890.0
75	10444.0
76	10444.0
77	10444.0
78	10444.0
79	10444.0
80	150420.0
81	150420.0
82	150420.0
83	150420.0
84	150420.0
85	68878.0
86	68878.0
87	68878.0
88	68878.0
89	68878.0
90	206887.0
91	206887.0
92	206887.0
93	206887.0
94	206887.0
95	22089.0
96	22089.0
97	22089.0
98	22089.0
99	22089.0
100	19891.0
101	19891.0
102	19891.0
103	19891.0
104	19891.0
105	192763.0
106	192763.0
107	192763.0
108	192763.0
109	192763.0
110	4978.0
111	4978.0
112	4978.0
113	4978.0
114	4978.0
115	91527.0
116	91527.0
117	91527.0
118	91527.0
119	91527.0
120	62198.0
121	62198.0
122	62198.0
123	62198.0
124	62198.0
125	196989.0
126	196989.0
127	196989.0
128	196989.0
129	196989.0
130	124856.0
131	124856.0
132	124856.0
133	124856.0
134	124856.0
135	247070.0
136	247070.0
137	247070.0
138	247070.0
139	247070.0
140	72998.0
141	72998.0
142	72998.0
143	72998.0
144	72998.0
145	169161.0
146	169161.0
147	169161.0
148	169161.0
149	169161.0
150	175353.0
151	175353.0
152	175353.0
153	175353.0
154	175353.0
155	228928.0
156	228928.0
157	228928.0
158	228928.0
159	228928.0
160	163730.0
161	163730.0
162	163730.0
163	163730.0
164	163730.0
165	236493.0
166	236493.0
167	236493.0
168	236493.0
169	236493.0
170	238635.0
171	238635.0
172	238635.0
173	238635.0
174	238635.0
175	9211.0
176	9211.0
177	9211.0
178	9211.0
179	9211.0
180	236076.0
181	236076.0
182	236076.0
183	236076.0
184	236076.0
185	211363.0
186	211363.0
187	211363.0
188	211363.0
189	211363.0
190	157043.0
191	157043.0
192	157043.0
193	157043.0
194	157043.0
195	200707.0
196	200707.0
197	200707.0
198	200707.0
199	200707.0
200	64247.0
201	64247.0
202	64247.0
203	64247.0
204	64247.0
205	220664.0
206	220664.0
207	220664.0
208	220664.0
209	220664.0
210	269073.0
211	269073.0
212	269073.0
213	269073.0
214	269073.0
215	189143.0
216	189143.0
217	189143.0
218	189143.0
219	189143.0
220	251562.0
221	251562.0
222	251562.0
223	251562.0
224	251562.0
225	83164.0
226	83164.0
227	83164.0
228	83164.0
229	83164.0
230	112589.0
231	112589.0
232	112589.0
233	112589.0
234	112589.0
235	75804.0
236	75804.0
237	75804.0
238	75804.0
239	75804.0
240	95167.0
241	95167.0
242	95167.0
243	95167.0
244	95167.0
245	238692.0
246	238692.0
247	238692.0
248	238692.0
249	238692.0
