0	84711.0
1	84711.0
2	84711.0
3	84711.0
4	84711.0
5	243385.0
6	243385.0
7	243385.0
8	243385.0
9	243385.0
10	164819.0
11	164819.0
12	164819.0
13	164819.0
14	164819.0
15	267879.0
16	267879.0
17	267879.0
18	267879.0
19	267879.0
20	56612.0
21	56612.0
22	56612.0
23	56612.0
24	56612.0
25	34792.0
26	34792.0
27	34792.0
28	34792.0
29	34792.0
30	202563.0
31	202563.0
32	202563.0
33	202563.0
34	202563.0
35	46141.0
36	46141.0
37	46141.0
38	46141.0
39	46141.0
40	107156.0
41	107156.0
42	107156.0
43	107156.0
44	107156.0
45	105582.0
46	105582.0
47	105582.0
48	105582.0
49	105582.0
50	240653.0
51	240653.0
52	240653.0
53	240653.0
54	240653.0
55	2464.0
56	2464.0
57	2464.0
58	2464.0
59	2464.0
60	49436.0
61	49436.0
62	49436.0
63	49436.0
64	49436.0
65	215419.0
66	215419.0
67	215419.0
68	215419.0
69	215419.0
70	115235.0
71	115235.0
72	115235.0
73	115235.0
74	115235.0
75	168445.0
76	168445.0
77	168445.0
78	168445.0
79	168445.0
80	259016.0
81	259016.0
82	259016.0
83	259016.0
84	259016.0
85	180937.0
86	180937.0
87	180937.0
88	180937.0
89	180937.0
90	73518.0
91	73518.0
92	73518.0
93	73518.0
94	73518.0
95	26252.0
96	26252.0
97	26252.0
98	26252.0
99	26252.0
100	241981.0
101	241981.0
102	241981.0
103	241981.0
104	241981.0
105	243579.0
106	243579.0
107	243579.0
108	243579.0
109	243579.0
110	37455.0
111	37455.0
112	37455.0
113	37455.0
114	37455.0
115	48645.0
116	48645.0
117	48645.0
118	48645.0
119	48645.0
120	42675.0
121	42675.0
122	42675.0
123	42675.0
124	42675.0
125	44168.0
126	44168.0
127	44168.0
128	44168.0
129	44168.0
130	202563.0
131	202563.0
132	202563.0
133	202563.0
134	202563.0
135	151756.0
136	151756.0
137	151756.0
138	151756.0
139	151756.0
140	13012.0
141	13012.0
142	13012.0
143	13012.0
144	13012.0
145	226488.0
146	226488.0
147	226488.0
148	226488.0
149	226488.0
150	255371.0
151	255371.0
152	255371.0
153	255371.0
154	255371.0
155	185153.0
156	185153.0
157	185153.0
158	185153.0
159	185153.0
160	14080.0
161	14080.0
162	14080.0
163	14080.0
164	14080.0
165	22189.0
166	22189.0
167	22189.0
168	22189.0
169	22189.0
170	84085.0
171	84085.0
172	84085.0
173	84085.0
174	84085.0
175	254063.0
176	254063.0
177	254063.0
178	254063.0
179	254063.0
180	170887.0
181	170887.0
182	170887.0
183	170887.0
184	170887.0
185	92726.0
186	92726.0
187	92726.0
188	92726.0
189	92726.0
190	150446.0
191	150446.0
192	150446.0
193	150446.0
194	150446.0
195	195043.0
196	195043.0
197	195043.0
198	195043.0
199	195043.0
200	148747.0
201	148747.0
202	148747.0
203	148747.0
204	148747.0
205	108965.0
206	108965.0
207	108965.0
208	108965.0
209	108965.0
210	265521.0
211	265521.0
212	265521.0
213	265521.0
214	265521.0
215	268654.0
216	268654.0
217	268654.0
218	268654.0
219	268654.0
220	147575.0
221	147575.0
222	147575.0
223	147575.0
224	147575.0
225	73352.0
226	73352.0
227	73352.0
228	73352.0
229	73352.0
230	159859.0
231	159859.0
232	159859.0
233	159859.0
234	159859.0
235	264277.0
236	264277.0
237	264277.0
238	264277.0
239	264277.0
240	83927.0
241	83927.0
242	83927.0
243	83927.0
244	83927.0
245	104330.0
246	104330.0
247	104330.0
248	104330.0
249	104330.0
