0	32187.0
1	32187.0
2	32187.0
3	32187.0
4	32187.0
5	30598.0
6	30598.0
7	30598.0
8	30598.0
9	30598.0
10	1558.0
11	1558.0
12	1558.0
13	1558.0
14	1558.0
15	18327.0
16	18327.0
17	18327.0
18	18327.0
19	18327.0
20	7393.0
21	7393.0
22	7393.0
23	7393.0
24	7393.0
25	15750.0
26	15750.0
27	15750.0
28	15750.0
29	15750.0
30	31850.0
31	31850.0
32	31850.0
33	31850.0
34	31850.0
35	35943.0
36	35943.0
37	35943.0
38	35943.0
39	35943.0
40	23499.0
41	23499.0
42	23499.0
43	23499.0
44	23499.0
45	30117.0
46	30117.0
47	30117.0
48	30117.0
49	30117.0
50	507.0
51	507.0
52	507.0
53	507.0
54	507.0
55	34477.0
56	34477.0
57	34477.0
58	34477.0
59	34477.0
60	11840.0
61	11840.0
62	11840.0
63	11840.0
64	11840.0
65	22533.0
66	22533.0
67	22533.0
68	22533.0
69	22533.0
70	746.0
71	746.0
72	746.0
73	746.0
74	746.0
75	26416.0
76	26416.0
77	26416.0
78	26416.0
79	26416.0
80	12919.0
81	12919.0
82	12919.0
83	12919.0
84	12919.0
85	23076.0
86	23076.0
87	23076.0
88	23076.0
89	23076.0
90	11186.0
91	11186.0
92	11186.0
93	11186.0
94	11186.0
95	32917.0
96	32917.0
97	32917.0
98	32917.0
99	32917.0
100	7499.0
101	7499.0
102	7499.0
103	7499.0
104	7499.0
105	19209.0
106	19209.0
107	19209.0
108	19209.0
109	19209.0
110	15741.0
111	15741.0
112	15741.0
113	15741.0
114	15741.0
115	25206.0
116	25206.0
117	25206.0
118	25206.0
119	25206.0
120	735.0
121	735.0
122	735.0
123	735.0
124	735.0
125	21712.0
126	21712.0
127	21712.0
128	21712.0
129	21712.0
130	331.0
131	331.0
132	331.0
133	331.0
134	331.0
135	31760.0
136	31760.0
137	31760.0
138	31760.0
139	31760.0
140	35032.0
141	35032.0
142	35032.0
143	35032.0
144	35032.0
145	7993.0
146	7993.0
147	7993.0
148	7993.0
149	7993.0
150	23187.0
151	23187.0
152	23187.0
153	23187.0
154	23187.0
155	1663.0
156	1663.0
157	1663.0
158	1663.0
159	1663.0
160	16022.0
161	16022.0
162	16022.0
163	16022.0
164	16022.0
165	16886.0
166	16886.0
167	16886.0
168	16886.0
169	16886.0
170	2508.0
171	2508.0
172	2508.0
173	2508.0
174	2508.0
175	30462.0
176	30462.0
177	30462.0
178	30462.0
179	30462.0
180	23853.0
181	23853.0
182	23853.0
183	23853.0
184	23853.0
185	22983.0
186	22983.0
187	22983.0
188	22983.0
189	22983.0
190	7168.0
191	7168.0
192	7168.0
193	7168.0
194	7168.0
195	35327.0
196	35327.0
197	35327.0
198	35327.0
199	35327.0
200	30914.0
201	30914.0
202	30914.0
203	30914.0
204	30914.0
205	16327.0
206	16327.0
207	16327.0
208	16327.0
209	16327.0
210	31267.0
211	31267.0
212	31267.0
213	31267.0
214	31267.0
215	603.0
216	603.0
217	603.0
218	603.0
219	603.0
220	21116.0
221	21116.0
222	21116.0
223	21116.0
224	21116.0
225	22361.0
226	22361.0
227	22361.0
228	22361.0
229	22361.0
230	24816.0
231	24816.0
232	24816.0
233	24816.0
234	24816.0
235	11128.0
236	11128.0
237	11128.0
238	11128.0
239	11128.0
240	32419.0
241	32419.0
242	32419.0
243	32419.0
244	32419.0
245	11534.0
246	11534.0
247	11534.0
248	11534.0
249	11534.0
