0	14099.0
1	14099.0
2	14099.0
3	14099.0
4	14099.0
5	996.0
6	996.0
7	996.0
8	996.0
9	996.0
10	19920.0
11	19920.0
12	19920.0
13	19920.0
14	19920.0
15	27422.0
16	27422.0
17	27422.0
18	27422.0
19	27422.0
20	16329.0
21	16329.0
22	16329.0
23	16329.0
24	16329.0
25	19823.0
26	19823.0
27	19823.0
28	19823.0
29	19823.0
30	32215.0
31	32215.0
32	32215.0
33	32215.0
34	32215.0
35	20951.0
36	20951.0
37	20951.0
38	20951.0
39	20951.0
40	28008.0
41	28008.0
42	28008.0
43	28008.0
44	28008.0
45	14267.0
46	14267.0
47	14267.0
48	14267.0
49	14267.0
50	1646.0
51	1646.0
52	1646.0
53	1646.0
54	1646.0
55	13572.0
56	13572.0
57	13572.0
58	13572.0
59	13572.0
60	26242.0
61	26242.0
62	26242.0
63	26242.0
64	26242.0
65	17714.0
66	17714.0
67	17714.0
68	17714.0
69	17714.0
70	38031.0
71	38031.0
72	38031.0
73	38031.0
74	38031.0
75	16351.0
76	16351.0
77	16351.0
78	16351.0
79	16351.0
80	7480.0
81	7480.0
82	7480.0
83	7480.0
84	7480.0
85	18163.0
86	18163.0
87	18163.0
88	18163.0
89	18163.0
90	25694.0
91	25694.0
92	25694.0
93	25694.0
94	25694.0
95	9116.0
96	9116.0
97	9116.0
98	9116.0
99	9116.0
100	5948.0
101	5948.0
102	5948.0
103	5948.0
104	5948.0
105	26326.0
106	26326.0
107	26326.0
108	26326.0
109	26326.0
110	1245.0
111	1245.0
112	1245.0
113	1245.0
114	1245.0
115	19239.0
116	19239.0
117	19239.0
118	19239.0
119	19239.0
120	15580.0
121	15580.0
122	15580.0
123	15580.0
124	15580.0
125	7842.0
126	7842.0
127	7842.0
128	7842.0
129	7842.0
130	23247.0
131	23247.0
132	23247.0
133	23247.0
134	23247.0
135	4239.0
136	4239.0
137	4239.0
138	4239.0
139	4239.0
140	20420.0
141	20420.0
142	20420.0
143	20420.0
144	20420.0
145	10269.0
146	10269.0
147	10269.0
148	10269.0
149	10269.0
150	5975.0
151	5975.0
152	5975.0
153	5975.0
154	5975.0
155	38247.0
156	38247.0
157	38247.0
158	38247.0
159	38247.0
160	3265.0
161	3265.0
162	3265.0
163	3265.0
164	3265.0
165	11231.0
166	11231.0
167	11231.0
168	11231.0
169	11231.0
170	24935.0
171	24935.0
172	24935.0
173	24935.0
174	24935.0
175	19560.0
176	19560.0
177	19560.0
178	19560.0
179	19560.0
180	19289.0
181	19289.0
182	19289.0
183	19289.0
184	19289.0
185	37995.0
186	37995.0
187	37995.0
188	37995.0
189	37995.0
190	7442.0
191	7442.0
192	7442.0
193	7442.0
194	7442.0
195	6039.0
196	6039.0
197	6039.0
198	6039.0
199	6039.0
200	15618.0
201	15618.0
202	15618.0
203	15618.0
204	15618.0
205	38582.0
206	38582.0
207	38582.0
208	38582.0
209	38582.0
210	7830.0
211	7830.0
212	7830.0
213	7830.0
214	7830.0
215	8361.0
216	8361.0
217	8361.0
218	8361.0
219	8361.0
220	11218.0
221	11218.0
222	11218.0
223	11218.0
224	11218.0
225	27001.0
226	27001.0
227	27001.0
228	27001.0
229	27001.0
230	29826.0
231	29826.0
232	29826.0
233	29826.0
234	29826.0
235	33203.0
236	33203.0
237	33203.0
238	33203.0
239	33203.0
240	14186.0
241	14186.0
242	14186.0
243	14186.0
244	14186.0
245	26817.0
246	26817.0
247	26817.0
248	26817.0
249	26817.0
