0	17321.0
1	17321.0
2	17321.0
3	17321.0
4	17321.0
5	19387.0
6	19387.0
7	19387.0
8	19387.0
9	19387.0
10	18382.0
11	18382.0
12	18382.0
13	18382.0
14	18382.0
15	35917.0
16	35917.0
17	35917.0
18	35917.0
19	35917.0
20	2090.0
21	2090.0
22	2090.0
23	2090.0
24	2090.0
25	17794.0
26	17794.0
27	17794.0
28	17794.0
29	17794.0
30	29169.0
31	29169.0
32	29169.0
33	29169.0
34	29169.0
35	33903.0
36	33903.0
37	33903.0
38	33903.0
39	33903.0
40	32785.0
41	32785.0
42	32785.0
43	32785.0
44	32785.0
45	20449.0
46	20449.0
47	20449.0
48	20449.0
49	20449.0
50	30649.0
51	30649.0
52	30649.0
53	30649.0
54	30649.0
55	2128.0
56	2128.0
57	2128.0
58	2128.0
59	2128.0
60	6603.0
61	6603.0
62	6603.0
63	6603.0
64	6603.0
65	23293.0
66	23293.0
67	23293.0
68	23293.0
69	23293.0
70	29800.0
71	29800.0
72	29800.0
73	29800.0
74	29800.0
75	4976.0
76	4976.0
77	4976.0
78	4976.0
79	4976.0
80	1683.0
81	1683.0
82	1683.0
83	1683.0
84	1683.0
85	20902.0
86	20902.0
87	20902.0
88	20902.0
89	20902.0
90	35061.0
91	35061.0
92	35061.0
93	35061.0
94	35061.0
95	7883.0
96	7883.0
97	7883.0
98	7883.0
99	7883.0
100	27786.0
101	27786.0
102	27786.0
103	27786.0
104	27786.0
105	3872.0
106	3872.0
107	3872.0
108	3872.0
109	3872.0
110	28339.0
111	28339.0
112	28339.0
113	28339.0
114	28339.0
115	22415.0
116	22415.0
117	22415.0
118	22415.0
119	22415.0
120	6207.0
121	6207.0
122	6207.0
123	6207.0
124	6207.0
125	6405.0
126	6405.0
127	6405.0
128	6405.0
129	6405.0
130	835.0
131	835.0
132	835.0
133	835.0
134	835.0
135	31413.0
136	31413.0
137	31413.0
138	31413.0
139	31413.0
140	26134.0
141	26134.0
142	26134.0
143	26134.0
144	26134.0
145	7392.0
146	7392.0
147	7392.0
148	7392.0
149	7392.0
150	6047.0
151	6047.0
152	6047.0
153	6047.0
154	6047.0
155	23831.0
156	23831.0
157	23831.0
158	23831.0
159	23831.0
160	21568.0
161	21568.0
162	21568.0
163	21568.0
164	21568.0
165	31992.0
166	31992.0
167	31992.0
168	31992.0
169	31992.0
170	26723.0
171	26723.0
172	26723.0
173	26723.0
174	26723.0
175	28041.0
176	28041.0
177	28041.0
178	28041.0
179	28041.0
180	10635.0
181	10635.0
182	10635.0
183	10635.0
184	10635.0
185	1131.0
186	1131.0
187	1131.0
188	1131.0
189	1131.0
190	24043.0
191	24043.0
192	24043.0
193	24043.0
194	24043.0
195	14010.0
196	14010.0
197	14010.0
198	14010.0
199	14010.0
200	31306.0
201	31306.0
202	31306.0
203	31306.0
204	31306.0
205	31129.0
206	31129.0
207	31129.0
208	31129.0
209	31129.0
210	22051.0
211	22051.0
212	22051.0
213	22051.0
214	22051.0
215	31364.0
216	31364.0
217	31364.0
218	31364.0
219	31364.0
220	32315.0
221	32315.0
222	32315.0
223	32315.0
224	32315.0
225	13966.0
226	13966.0
227	13966.0
228	13966.0
229	13966.0
230	15317.0
231	15317.0
232	15317.0
233	15317.0
234	15317.0
235	29853.0
236	29853.0
237	29853.0
238	29853.0
239	29853.0
240	35609.0
241	35609.0
242	35609.0
243	35609.0
244	35609.0
245	16192.0
246	16192.0
247	16192.0
248	16192.0
249	16192.0
