0	24097.0
1	24097.0
2	24097.0
3	24097.0
4	24097.0
5	13998.0
6	13998.0
7	13998.0
8	13998.0
9	13998.0
10	32484.0
11	32484.0
12	32484.0
13	32484.0
14	32484.0
15	32819.0
16	32819.0
17	32819.0
18	32819.0
19	32819.0
20	35944.0
21	35944.0
22	35944.0
23	35944.0
24	35944.0
25	13347.0
26	13347.0
27	13347.0
28	13347.0
29	13347.0
30	33617.0
31	33617.0
32	33617.0
33	33617.0
34	33617.0
35	37375.0
36	37375.0
37	37375.0
38	37375.0
39	37375.0
40	9717.0
41	9717.0
42	9717.0
43	9717.0
44	9717.0
45	29450.0
46	29450.0
47	29450.0
48	29450.0
49	29450.0
50	672.0
51	672.0
52	672.0
53	672.0
54	672.0
55	10997.0
56	10997.0
57	10997.0
58	10997.0
59	10997.0
60	36829.0
61	36829.0
62	36829.0
63	36829.0
64	36829.0
65	11192.0
66	11192.0
67	11192.0
68	11192.0
69	11192.0
70	9973.0
71	9973.0
72	9973.0
73	9973.0
74	9973.0
75	9685.0
76	9685.0
77	9685.0
78	9685.0
79	9685.0
80	37661.0
81	37661.0
82	37661.0
83	37661.0
84	37661.0
85	25415.0
86	25415.0
87	25415.0
88	25415.0
89	25415.0
90	3187.0
91	3187.0
92	3187.0
93	3187.0
94	3187.0
95	25236.0
96	25236.0
97	25236.0
98	25236.0
99	25236.0
100	2437.0
101	2437.0
102	2437.0
103	2437.0
104	2437.0
105	37417.0
106	37417.0
107	37417.0
108	37417.0
109	37417.0
110	31459.0
111	31459.0
112	31459.0
113	31459.0
114	31459.0
115	38153.0
116	38153.0
117	38153.0
118	38153.0
119	38153.0
120	2792.0
121	2792.0
122	2792.0
123	2792.0
124	2792.0
125	20828.0
126	20828.0
127	20828.0
128	20828.0
129	20828.0
130	25438.0
131	25438.0
132	25438.0
133	25438.0
134	25438.0
135	7285.0
136	7285.0
137	7285.0
138	7285.0
139	7285.0
140	1663.0
141	1663.0
142	1663.0
143	1663.0
144	1663.0
145	32914.0
146	32914.0
147	32914.0
148	32914.0
149	32914.0
150	1096.0
151	1096.0
152	1096.0
153	1096.0
154	1096.0
155	2847.0
156	2847.0
157	2847.0
158	2847.0
159	2847.0
160	34533.0
161	34533.0
162	34533.0
163	34533.0
164	34533.0
165	33234.0
166	33234.0
167	33234.0
168	33234.0
169	33234.0
170	32649.0
171	32649.0
172	32649.0
173	32649.0
174	32649.0
175	37599.0
176	37599.0
177	37599.0
178	37599.0
179	37599.0
180	19897.0
181	19897.0
182	19897.0
183	19897.0
184	19897.0
185	8070.0
186	8070.0
187	8070.0
188	8070.0
189	8070.0
190	30522.0
191	30522.0
192	30522.0
193	30522.0
194	30522.0
195	537.0
196	537.0
197	537.0
198	537.0
199	537.0
200	39221.0
201	39221.0
202	39221.0
203	39221.0
204	39221.0
205	37596.0
206	37596.0
207	37596.0
208	37596.0
209	37596.0
210	28883.0
211	28883.0
212	28883.0
213	28883.0
214	28883.0
215	13886.0
216	13886.0
217	13886.0
218	13886.0
219	13886.0
220	5419.0
221	5419.0
222	5419.0
223	5419.0
224	5419.0
225	20492.0
226	20492.0
227	20492.0
228	20492.0
229	20492.0
230	2470.0
231	2470.0
232	2470.0
233	2470.0
234	2470.0
235	24096.0
236	24096.0
237	24096.0
238	24096.0
239	24096.0
240	6049.0
241	6049.0
242	6049.0
243	6049.0
244	6049.0
245	13974.0
246	13974.0
247	13974.0
248	13974.0
249	13974.0
