0	32240.0
1	32240.0
2	32240.0
3	32240.0
4	32240.0
5	7724.0
6	7724.0
7	7724.0
8	7724.0
9	7724.0
10	36014.0
11	36014.0
12	36014.0
13	36014.0
14	36014.0
15	14838.0
16	14838.0
17	14838.0
18	14838.0
19	14838.0
20	22301.0
21	22301.0
22	22301.0
23	22301.0
24	22301.0
25	33859.0
26	33859.0
27	33859.0
28	33859.0
29	33859.0
30	32052.0
31	32052.0
32	32052.0
33	32052.0
34	32052.0
35	15354.0
36	15354.0
37	15354.0
38	15354.0
39	15354.0
40	11951.0
41	11951.0
42	11951.0
43	11951.0
44	11951.0
45	29118.0
46	29118.0
47	29118.0
48	29118.0
49	29118.0
50	24953.0
51	24953.0
52	24953.0
53	24953.0
54	24953.0
55	24368.0
56	24368.0
57	24368.0
58	24368.0
59	24368.0
60	27249.0
61	27249.0
62	27249.0
63	27249.0
64	27249.0
65	10923.0
66	10923.0
67	10923.0
68	10923.0
69	10923.0
70	9860.0
71	9860.0
72	9860.0
73	9860.0
74	9860.0
75	34125.0
76	34125.0
77	34125.0
78	34125.0
79	34125.0
80	13623.0
81	13623.0
82	13623.0
83	13623.0
84	13623.0
85	16927.0
86	16927.0
87	16927.0
88	16927.0
89	16927.0
90	24690.0
91	24690.0
92	24690.0
93	24690.0
94	24690.0
95	27274.0
96	27274.0
97	27274.0
98	27274.0
99	27274.0
100	33887.0
101	33887.0
102	33887.0
103	33887.0
104	33887.0
105	13787.0
106	13787.0
107	13787.0
108	13787.0
109	13787.0
110	21839.0
111	21839.0
112	21839.0
113	21839.0
114	21839.0
115	12552.0
116	12552.0
117	12552.0
118	12552.0
119	12552.0
120	27037.0
121	27037.0
122	27037.0
123	27037.0
124	27037.0
125	33259.0
126	33259.0
127	33259.0
128	33259.0
129	33259.0
130	26560.0
131	26560.0
132	26560.0
133	26560.0
134	26560.0
135	15889.0
136	15889.0
137	15889.0
138	15889.0
139	15889.0
140	14825.0
141	14825.0
142	14825.0
143	14825.0
144	14825.0
145	22984.0
146	22984.0
147	22984.0
148	22984.0
149	22984.0
150	31229.0
151	31229.0
152	31229.0
153	31229.0
154	31229.0
155	7943.0
156	7943.0
157	7943.0
158	7943.0
159	7943.0
160	5640.0
161	5640.0
162	5640.0
163	5640.0
164	5640.0
165	36738.0
166	36738.0
167	36738.0
168	36738.0
169	36738.0
170	2187.0
171	2187.0
172	2187.0
173	2187.0
174	2187.0
175	30575.0
176	30575.0
177	30575.0
178	30575.0
179	30575.0
180	34273.0
181	34273.0
182	34273.0
183	34273.0
184	34273.0
185	1538.0
186	1538.0
187	1538.0
188	1538.0
189	1538.0
190	11932.0
191	11932.0
192	11932.0
193	11932.0
194	11932.0
195	19823.0
196	19823.0
197	19823.0
198	19823.0
199	19823.0
200	16750.0
201	16750.0
202	16750.0
203	16750.0
204	16750.0
205	25726.0
206	25726.0
207	25726.0
208	25726.0
209	25726.0
210	8472.0
211	8472.0
212	8472.0
213	8472.0
214	8472.0
215	7947.0
216	7947.0
217	7947.0
218	7947.0
219	7947.0
220	19695.0
221	19695.0
222	19695.0
223	19695.0
224	19695.0
225	25825.0
226	25825.0
227	25825.0
228	25825.0
229	25825.0
230	24163.0
231	24163.0
232	24163.0
233	24163.0
234	24163.0
235	8963.0
236	8963.0
237	8963.0
238	8963.0
239	8963.0
240	18929.0
241	18929.0
242	18929.0
243	18929.0
244	18929.0
245	16328.0
246	16328.0
247	16328.0
248	16328.0
249	16328.0
