0	10253.0
1	10253.0
2	10253.0
3	10253.0
4	10253.0
5	22274.0
6	22274.0
7	22274.0
8	22274.0
9	22274.0
10	20813.0
11	20813.0
12	20813.0
13	20813.0
14	20813.0
15	18769.0
16	18769.0
17	18769.0
18	18769.0
19	18769.0
20	6592.0
21	6592.0
22	6592.0
23	6592.0
24	6592.0
25	15014.0
26	15014.0
27	15014.0
28	15014.0
29	15014.0
30	17078.0
31	17078.0
32	17078.0
33	17078.0
34	17078.0
35	1059.0
36	1059.0
37	1059.0
38	1059.0
39	1059.0
40	30856.0
41	30856.0
42	30856.0
43	30856.0
44	30856.0
45	376.0
46	376.0
47	376.0
48	376.0
49	376.0
50	8364.0
51	8364.0
52	8364.0
53	8364.0
54	8364.0
55	34203.0
56	34203.0
57	34203.0
58	34203.0
59	34203.0
60	18732.0
61	18732.0
62	18732.0
63	18732.0
64	18732.0
65	16967.0
66	16967.0
67	16967.0
68	16967.0
69	16967.0
70	31724.0
71	31724.0
72	31724.0
73	31724.0
74	31724.0
75	33752.0
76	33752.0
77	33752.0
78	33752.0
79	33752.0
80	17082.0
81	17082.0
82	17082.0
83	17082.0
84	17082.0
85	29628.0
86	29628.0
87	29628.0
88	29628.0
89	29628.0
90	7543.0
91	7543.0
92	7543.0
93	7543.0
94	7543.0
95	10320.0
96	10320.0
97	10320.0
98	10320.0
99	10320.0
100	5846.0
101	5846.0
102	5846.0
103	5846.0
104	5846.0
105	17923.0
106	17923.0
107	17923.0
108	17923.0
109	17923.0
110	457.0
111	457.0
112	457.0
113	457.0
114	457.0
115	9138.0
116	9138.0
117	9138.0
118	9138.0
119	9138.0
120	23529.0
121	23529.0
122	23529.0
123	23529.0
124	23529.0
125	26712.0
126	26712.0
127	26712.0
128	26712.0
129	26712.0
130	30642.0
131	30642.0
132	30642.0
133	30642.0
134	30642.0
135	23754.0
136	23754.0
137	23754.0
138	23754.0
139	23754.0
140	24606.0
141	24606.0
142	24606.0
143	24606.0
144	24606.0
145	20227.0
146	20227.0
147	20227.0
148	20227.0
149	20227.0
150	33096.0
151	33096.0
152	33096.0
153	33096.0
154	33096.0
155	26651.0
156	26651.0
157	26651.0
158	26651.0
159	26651.0
160	8664.0
161	8664.0
162	8664.0
163	8664.0
164	8664.0
165	73.0
166	73.0
167	73.0
168	73.0
169	73.0
170	14842.0
171	14842.0
172	14842.0
173	14842.0
174	14842.0
175	19722.0
176	19722.0
177	19722.0
178	19722.0
179	19722.0
180	15313.0
181	15313.0
182	15313.0
183	15313.0
184	15313.0
185	10699.0
186	10699.0
187	10699.0
188	10699.0
189	10699.0
190	26268.0
191	26268.0
192	26268.0
193	26268.0
194	26268.0
195	13884.0
196	13884.0
197	13884.0
198	13884.0
199	13884.0
200	27132.0
201	27132.0
202	27132.0
203	27132.0
204	27132.0
205	13379.0
206	13379.0
207	13379.0
208	13379.0
209	13379.0
210	12367.0
211	12367.0
212	12367.0
213	12367.0
214	12367.0
215	24978.0
216	24978.0
217	24978.0
218	24978.0
219	24978.0
220	26383.0
221	26383.0
222	26383.0
223	26383.0
224	26383.0
225	10097.0
226	10097.0
227	10097.0
228	10097.0
229	10097.0
230	21470.0
231	21470.0
232	21470.0
233	21470.0
234	21470.0
235	33206.0
236	33206.0
237	33206.0
238	33206.0
239	33206.0
240	20303.0
241	20303.0
242	20303.0
243	20303.0
244	20303.0
245	9890.0
246	9890.0
247	9890.0
248	9890.0
249	9890.0
