0	19380.0
1	19380.0
2	19380.0
3	19380.0
4	19380.0
5	12504.0
6	12504.0
7	12504.0
8	12504.0
9	12504.0
10	27702.0
11	27702.0
12	27702.0
13	27702.0
14	27702.0
15	19274.0
16	19274.0
17	19274.0
18	19274.0
19	19274.0
20	18387.0
21	18387.0
22	18387.0
23	18387.0
24	18387.0
25	8843.0
26	8843.0
27	8843.0
28	8843.0
29	8843.0
30	3109.0
31	3109.0
32	3109.0
33	3109.0
34	3109.0
35	2060.0
36	2060.0
37	2060.0
38	2060.0
39	2060.0
40	25332.0
41	25332.0
42	25332.0
43	25332.0
44	25332.0
45	20454.0
46	20454.0
47	20454.0
48	20454.0
49	20454.0
50	22629.0
51	22629.0
52	22629.0
53	22629.0
54	22629.0
55	3629.0
56	3629.0
57	3629.0
58	3629.0
59	3629.0
60	21281.0
61	21281.0
62	21281.0
63	21281.0
64	21281.0
65	23692.0
66	23692.0
67	23692.0
68	23692.0
69	23692.0
70	24354.0
71	24354.0
72	24354.0
73	24354.0
74	24354.0
75	26235.0
76	26235.0
77	26235.0
78	26235.0
79	26235.0
80	28744.0
81	28744.0
82	28744.0
83	28744.0
84	28744.0
85	37492.0
86	37492.0
87	37492.0
88	37492.0
89	37492.0
90	15253.0
91	15253.0
92	15253.0
93	15253.0
94	15253.0
95	32581.0
96	32581.0
97	32581.0
98	32581.0
99	32581.0
100	31489.0
101	31489.0
102	31489.0
103	31489.0
104	31489.0
105	13643.0
106	13643.0
107	13643.0
108	13643.0
109	13643.0
110	44.0
111	44.0
112	44.0
113	44.0
114	44.0
115	23506.0
116	23506.0
117	23506.0
118	23506.0
119	23506.0
120	15953.0
121	15953.0
122	15953.0
123	15953.0
124	15953.0
125	35179.0
126	35179.0
127	35179.0
128	35179.0
129	35179.0
130	6744.0
131	6744.0
132	6744.0
133	6744.0
134	6744.0
135	1401.0
136	1401.0
137	1401.0
138	1401.0
139	1401.0
140	33071.0
141	33071.0
142	33071.0
143	33071.0
144	33071.0
145	7236.0
146	7236.0
147	7236.0
148	7236.0
149	7236.0
150	25090.0
151	25090.0
152	25090.0
153	25090.0
154	25090.0
155	11020.0
156	11020.0
157	11020.0
158	11020.0
159	11020.0
160	7273.0
161	7273.0
162	7273.0
163	7273.0
164	7273.0
165	17628.0
166	17628.0
167	17628.0
168	17628.0
169	17628.0
170	14194.0
171	14194.0
172	14194.0
173	14194.0
174	14194.0
175	34015.0
176	34015.0
177	34015.0
178	34015.0
179	34015.0
180	4967.0
181	4967.0
182	4967.0
183	4967.0
184	4967.0
185	11441.0
186	11441.0
187	11441.0
188	11441.0
189	11441.0
190	31377.0
191	31377.0
192	31377.0
193	31377.0
194	31377.0
195	11297.0
196	11297.0
197	11297.0
198	11297.0
199	11297.0
200	4036.0
201	4036.0
202	4036.0
203	4036.0
204	4036.0
205	12610.0
206	12610.0
207	12610.0
208	12610.0
209	12610.0
210	21072.0
211	21072.0
212	21072.0
213	21072.0
214	21072.0
215	1411.0
216	1411.0
217	1411.0
218	1411.0
219	1411.0
220	37706.0
221	37706.0
222	37706.0
223	37706.0
224	37706.0
225	22081.0
226	22081.0
227	22081.0
228	22081.0
229	22081.0
230	1097.0
231	1097.0
232	1097.0
233	1097.0
234	1097.0
235	449.0
236	449.0
237	449.0
238	449.0
239	449.0
240	29363.0
241	29363.0
242	29363.0
243	29363.0
244	29363.0
245	35416.0
246	35416.0
247	35416.0
248	35416.0
249	35416.0
