0	15616.0
1	15616.0
2	15616.0
3	15616.0
4	15616.0
5	7030.0
6	7030.0
7	7030.0
8	7030.0
9	7030.0
10	33047.0
11	33047.0
12	33047.0
13	33047.0
14	33047.0
15	22447.0
16	22447.0
17	22447.0
18	22447.0
19	22447.0
20	21881.0
21	21881.0
22	21881.0
23	21881.0
24	21881.0
25	13928.0
26	13928.0
27	13928.0
28	13928.0
29	13928.0
30	9934.0
31	9934.0
32	9934.0
33	9934.0
34	9934.0
35	14943.0
36	14943.0
37	14943.0
38	14943.0
39	14943.0
40	22747.0
41	22747.0
42	22747.0
43	22747.0
44	22747.0
45	4874.0
46	4874.0
47	4874.0
48	4874.0
49	4874.0
50	36618.0
51	36618.0
52	36618.0
53	36618.0
54	36618.0
55	11091.0
56	11091.0
57	11091.0
58	11091.0
59	11091.0
60	27929.0
61	27929.0
62	27929.0
63	27929.0
64	27929.0
65	35695.0
66	35695.0
67	35695.0
68	35695.0
69	35695.0
70	35750.0
71	35750.0
72	35750.0
73	35750.0
74	35750.0
75	35377.0
76	35377.0
77	35377.0
78	35377.0
79	35377.0
80	36347.0
81	36347.0
82	36347.0
83	36347.0
84	36347.0
85	17429.0
86	17429.0
87	17429.0
88	17429.0
89	17429.0
90	14594.0
91	14594.0
92	14594.0
93	14594.0
94	14594.0
95	8755.0
96	8755.0
97	8755.0
98	8755.0
99	8755.0
100	19765.0
101	19765.0
102	19765.0
103	19765.0
104	19765.0
105	6408.0
106	6408.0
107	6408.0
108	6408.0
109	6408.0
110	5612.0
111	5612.0
112	5612.0
113	5612.0
114	5612.0
115	15679.0
116	15679.0
117	15679.0
118	15679.0
119	15679.0
120	30607.0
121	30607.0
122	30607.0
123	30607.0
124	30607.0
125	32824.0
126	32824.0
127	32824.0
128	32824.0
129	32824.0
130	15416.0
131	15416.0
132	15416.0
133	15416.0
134	15416.0
135	19078.0
136	19078.0
137	19078.0
138	19078.0
139	19078.0
140	7206.0
141	7206.0
142	7206.0
143	7206.0
144	7206.0
145	20299.0
146	20299.0
147	20299.0
148	20299.0
149	20299.0
150	19340.0
151	19340.0
152	19340.0
153	19340.0
154	19340.0
155	6378.0
156	6378.0
157	6378.0
158	6378.0
159	6378.0
160	1074.0
161	1074.0
162	1074.0
163	1074.0
164	1074.0
165	30708.0
166	30708.0
167	30708.0
168	30708.0
169	30708.0
170	34448.0
171	34448.0
172	34448.0
173	34448.0
174	34448.0
175	2589.0
176	2589.0
177	2589.0
178	2589.0
179	2589.0
180	25038.0
181	25038.0
182	25038.0
183	25038.0
184	25038.0
185	986.0
186	986.0
187	986.0
188	986.0
189	986.0
190	30804.0
191	30804.0
192	30804.0
193	30804.0
194	30804.0
195	22643.0
196	22643.0
197	22643.0
198	22643.0
199	22643.0
200	4582.0
201	4582.0
202	4582.0
203	4582.0
204	4582.0
205	12833.0
206	12833.0
207	12833.0
208	12833.0
209	12833.0
210	619.0
211	619.0
212	619.0
213	619.0
214	619.0
215	16046.0
216	16046.0
217	16046.0
218	16046.0
219	16046.0
220	3214.0
221	3214.0
222	3214.0
223	3214.0
224	3214.0
225	32507.0
226	32507.0
227	32507.0
228	32507.0
229	32507.0
230	26871.0
231	26871.0
232	26871.0
233	26871.0
234	26871.0
235	38146.0
236	38146.0
237	38146.0
238	38146.0
239	38146.0
240	34687.0
241	34687.0
242	34687.0
243	34687.0
244	34687.0
245	32428.0
246	32428.0
247	32428.0
248	32428.0
249	32428.0
