0	176414.0
1	176414.0
2	176414.0
3	176414.0
4	176414.0
5	91396.0
6	91396.0
7	91396.0
8	91396.0
9	91396.0
10	33230.0
11	33230.0
12	33230.0
13	33230.0
14	33230.0
15	29091.0
16	29091.0
17	29091.0
18	29091.0
19	29091.0
20	19255.0
21	19255.0
22	19255.0
23	19255.0
24	19255.0
25	18632.0
26	18632.0
27	18632.0
28	18632.0
29	18632.0
30	11231.0
31	11231.0
32	11231.0
33	11231.0
34	11231.0
35	24079.0
36	24079.0
37	24079.0
38	24079.0
39	24079.0
40	137104.0
41	137104.0
42	137104.0
43	137104.0
44	137104.0
45	75447.0
46	75447.0
47	75447.0
48	75447.0
49	75447.0
50	144068.0
51	144068.0
52	144068.0
53	144068.0
54	144068.0
55	151654.0
56	151654.0
57	151654.0
58	151654.0
59	151654.0
60	175918.0
61	175918.0
62	175918.0
63	175918.0
64	175918.0
65	47268.0
66	47268.0
67	47268.0
68	47268.0
69	47268.0
70	103833.0
71	103833.0
72	103833.0
73	103833.0
74	103833.0
75	59948.0
76	59948.0
77	59948.0
78	59948.0
79	59948.0
80	82443.0
81	82443.0
82	82443.0
83	82443.0
84	82443.0
85	103377.0
86	103377.0
87	103377.0
88	103377.0
89	103377.0
90	157596.0
91	157596.0
92	157596.0
93	157596.0
94	157596.0
95	154123.0
96	154123.0
97	154123.0
98	154123.0
99	154123.0
100	66125.0
101	66125.0
102	66125.0
103	66125.0
104	66125.0
105	118570.0
106	118570.0
107	118570.0
108	118570.0
109	118570.0
110	27428.0
111	27428.0
112	27428.0
113	27428.0
114	27428.0
115	125238.0
116	125238.0
117	125238.0
118	125238.0
119	125238.0
120	131011.0
121	131011.0
122	131011.0
123	131011.0
124	131011.0
125	154521.0
126	154521.0
127	154521.0
128	154521.0
129	154521.0
130	6009.0
131	6009.0
132	6009.0
133	6009.0
134	6009.0
135	72329.0
136	72329.0
137	72329.0
138	72329.0
139	72329.0
140	186372.0
141	186372.0
142	186372.0
143	186372.0
144	186372.0
145	158374.0
146	158374.0
147	158374.0
148	158374.0
149	158374.0
150	128933.0
151	128933.0
152	128933.0
153	128933.0
154	128933.0
155	125497.0
156	125497.0
157	125497.0
158	125497.0
159	125497.0
160	26413.0
161	26413.0
162	26413.0
163	26413.0
164	26413.0
165	135309.0
166	135309.0
167	135309.0
168	135309.0
169	135309.0
170	50852.0
171	50852.0
172	50852.0
173	50852.0
174	50852.0
175	185473.0
176	185473.0
177	185473.0
178	185473.0
179	185473.0
180	54967.0
181	54967.0
182	54967.0
183	54967.0
184	54967.0
185	27692.0
186	27692.0
187	27692.0
188	27692.0
189	27692.0
190	160280.0
191	160280.0
192	160280.0
193	160280.0
194	160280.0
195	152270.0
196	152270.0
197	152270.0
198	152270.0
199	152270.0
200	167818.0
201	167818.0
202	167818.0
203	167818.0
204	167818.0
205	42057.0
206	42057.0
207	42057.0
208	42057.0
209	42057.0
210	13943.0
211	13943.0
212	13943.0
213	13943.0
214	13943.0
215	148947.0
216	148947.0
217	148947.0
218	148947.0
219	148947.0
220	42729.0
221	42729.0
222	42729.0
223	42729.0
224	42729.0
225	13190.0
226	13190.0
227	13190.0
228	13190.0
229	13190.0
230	84674.0
231	84674.0
232	84674.0
233	84674.0
234	84674.0
235	91705.0
236	91705.0
237	91705.0
238	91705.0
239	91705.0
240	172371.0
241	172371.0
242	172371.0
243	172371.0
244	172371.0
245	2358.0
246	2358.0
247	2358.0
248	2358.0
249	2358.0
