0	62500.0
1	62500.0
2	62500.0
3	62500.0
4	62500.0
5	94280.0
6	94280.0
7	94280.0
8	94280.0
9	94280.0
10	183417.0
11	183417.0
12	183417.0
13	183417.0
14	183417.0
15	12416.0
16	12416.0
17	12416.0
18	12416.0
19	12416.0
20	154486.0
21	154486.0
22	154486.0
23	154486.0
24	154486.0
25	3352.0
26	3352.0
27	3352.0
28	3352.0
29	3352.0
30	120621.0
31	120621.0
32	120621.0
33	120621.0
34	120621.0
35	70025.0
36	70025.0
37	70025.0
38	70025.0
39	70025.0
40	107900.0
41	107900.0
42	107900.0
43	107900.0
44	107900.0
45	17258.0
46	17258.0
47	17258.0
48	17258.0
49	17258.0
50	68659.0
51	68659.0
52	68659.0
53	68659.0
54	68659.0
55	160129.0
56	160129.0
57	160129.0
58	160129.0
59	160129.0
60	38189.0
61	38189.0
62	38189.0
63	38189.0
64	38189.0
65	83303.0
66	83303.0
67	83303.0
68	83303.0
69	83303.0
70	75499.0
71	75499.0
72	75499.0
73	75499.0
74	75499.0
75	74724.0
76	74724.0
77	74724.0
78	74724.0
79	74724.0
80	47169.0
81	47169.0
82	47169.0
83	47169.0
84	47169.0
85	150376.0
86	150376.0
87	150376.0
88	150376.0
89	150376.0
90	29470.0
91	29470.0
92	29470.0
93	29470.0
94	29470.0
95	139311.0
96	139311.0
97	139311.0
98	139311.0
99	139311.0
100	106678.0
101	106678.0
102	106678.0
103	106678.0
104	106678.0
105	29100.0
106	29100.0
107	29100.0
108	29100.0
109	29100.0
110	96906.0
111	96906.0
112	96906.0
113	96906.0
114	96906.0
115	72158.0
116	72158.0
117	72158.0
118	72158.0
119	72158.0
120	91679.0
121	91679.0
122	91679.0
123	91679.0
124	91679.0
125	31394.0
126	31394.0
127	31394.0
128	31394.0
129	31394.0
130	101621.0
131	101621.0
132	101621.0
133	101621.0
134	101621.0
135	179310.0
136	179310.0
137	179310.0
138	179310.0
139	179310.0
140	77776.0
141	77776.0
142	77776.0
143	77776.0
144	77776.0
145	106534.0
146	106534.0
147	106534.0
148	106534.0
149	106534.0
150	60861.0
151	60861.0
152	60861.0
153	60861.0
154	60861.0
155	87194.0
156	87194.0
157	87194.0
158	87194.0
159	87194.0
160	124815.0
161	124815.0
162	124815.0
163	124815.0
164	124815.0
165	172233.0
166	172233.0
167	172233.0
168	172233.0
169	172233.0
170	137675.0
171	137675.0
172	137675.0
173	137675.0
174	137675.0
175	136472.0
176	136472.0
177	136472.0
178	136472.0
179	136472.0
180	38863.0
181	38863.0
182	38863.0
183	38863.0
184	38863.0
185	35373.0
186	35373.0
187	35373.0
188	35373.0
189	35373.0
190	130830.0
191	130830.0
192	130830.0
193	130830.0
194	130830.0
195	187386.0
196	187386.0
197	187386.0
198	187386.0
199	187386.0
200	156156.0
201	156156.0
202	156156.0
203	156156.0
204	156156.0
205	12084.0
206	12084.0
207	12084.0
208	12084.0
209	12084.0
210	69844.0
211	69844.0
212	69844.0
213	69844.0
214	69844.0
215	153182.0
216	153182.0
217	153182.0
218	153182.0
219	153182.0
220	25777.0
221	25777.0
222	25777.0
223	25777.0
224	25777.0
225	160735.0
226	160735.0
227	160735.0
228	160735.0
229	160735.0
230	145281.0
231	145281.0
232	145281.0
233	145281.0
234	145281.0
235	50919.0
236	50919.0
237	50919.0
238	50919.0
239	50919.0
240	46390.0
241	46390.0
242	46390.0
243	46390.0
244	46390.0
245	62281.0
246	62281.0
247	62281.0
248	62281.0
249	62281.0
