0	125587.0
1	125587.0
2	125587.0
3	125587.0
4	125587.0
5	178901.0
6	178901.0
7	178901.0
8	178901.0
9	178901.0
10	111414.0
11	111414.0
12	111414.0
13	111414.0
14	111414.0
15	145840.0
16	145840.0
17	145840.0
18	145840.0
19	145840.0
20	38275.0
21	38275.0
22	38275.0
23	38275.0
24	38275.0
25	118401.0
26	118401.0
27	118401.0
28	118401.0
29	118401.0
30	15195.0
31	15195.0
32	15195.0
33	15195.0
34	15195.0
35	177948.0
36	177948.0
37	177948.0
38	177948.0
39	177948.0
40	83294.0
41	83294.0
42	83294.0
43	83294.0
44	83294.0
45	188070.0
46	188070.0
47	188070.0
48	188070.0
49	188070.0
50	11502.0
51	11502.0
52	11502.0
53	11502.0
54	11502.0
55	6283.0
56	6283.0
57	6283.0
58	6283.0
59	6283.0
60	19949.0
61	19949.0
62	19949.0
63	19949.0
64	19949.0
65	86720.0
66	86720.0
67	86720.0
68	86720.0
69	86720.0
70	115824.0
71	115824.0
72	115824.0
73	115824.0
74	115824.0
75	60465.0
76	60465.0
77	60465.0
78	60465.0
79	60465.0
80	121989.0
81	121989.0
82	121989.0
83	121989.0
84	121989.0
85	174504.0
86	174504.0
87	174504.0
88	174504.0
89	174504.0
90	174049.0
91	174049.0
92	174049.0
93	174049.0
94	174049.0
95	85161.0
96	85161.0
97	85161.0
98	85161.0
99	85161.0
100	3184.0
101	3184.0
102	3184.0
103	3184.0
104	3184.0
105	75636.0
106	75636.0
107	75636.0
108	75636.0
109	75636.0
110	113717.0
111	113717.0
112	113717.0
113	113717.0
114	113717.0
115	26210.0
116	26210.0
117	26210.0
118	26210.0
119	26210.0
120	172421.0
121	172421.0
122	172421.0
123	172421.0
124	172421.0
125	162979.0
126	162979.0
127	162979.0
128	162979.0
129	162979.0
130	64133.0
131	64133.0
132	64133.0
133	64133.0
134	64133.0
135	68969.0
136	68969.0
137	68969.0
138	68969.0
139	68969.0
140	93929.0
141	93929.0
142	93929.0
143	93929.0
144	93929.0
145	122059.0
146	122059.0
147	122059.0
148	122059.0
149	122059.0
150	171580.0
151	171580.0
152	171580.0
153	171580.0
154	171580.0
155	99415.0
156	99415.0
157	99415.0
158	99415.0
159	99415.0
160	137574.0
161	137574.0
162	137574.0
163	137574.0
164	137574.0
165	88820.0
166	88820.0
167	88820.0
168	88820.0
169	88820.0
170	132842.0
171	132842.0
172	132842.0
173	132842.0
174	132842.0
175	23183.0
176	23183.0
177	23183.0
178	23183.0
179	23183.0
180	46862.0
181	46862.0
182	46862.0
183	46862.0
184	46862.0
185	142673.0
186	142673.0
187	142673.0
188	142673.0
189	142673.0
190	43114.0
191	43114.0
192	43114.0
193	43114.0
194	43114.0
195	49330.0
196	49330.0
197	49330.0
198	49330.0
199	49330.0
200	62841.0
201	62841.0
202	62841.0
203	62841.0
204	62841.0
205	78243.0
206	78243.0
207	78243.0
208	78243.0
209	78243.0
210	5172.0
211	5172.0
212	5172.0
213	5172.0
214	5172.0
215	73481.0
216	73481.0
217	73481.0
218	73481.0
219	73481.0
220	26664.0
221	26664.0
222	26664.0
223	26664.0
224	26664.0
225	68521.0
226	68521.0
227	68521.0
228	68521.0
229	68521.0
230	188995.0
231	188995.0
232	188995.0
233	188995.0
234	188995.0
235	176313.0
236	176313.0
237	176313.0
238	176313.0
239	176313.0
240	23758.0
241	23758.0
242	23758.0
243	23758.0
244	23758.0
245	72830.0
246	72830.0
247	72830.0
248	72830.0
249	72830.0
