0	14642.0
1	14642.0
2	14642.0
3	14642.0
4	14642.0
5	130576.0
6	130576.0
7	130576.0
8	130576.0
9	130576.0
10	125270.0
11	125270.0
12	125270.0
13	125270.0
14	125270.0
15	93786.0
16	93786.0
17	93786.0
18	93786.0
19	93786.0
20	111494.0
21	111494.0
22	111494.0
23	111494.0
24	111494.0
25	50312.0
26	50312.0
27	50312.0
28	50312.0
29	50312.0
30	47746.0
31	47746.0
32	47746.0
33	47746.0
34	47746.0
35	8485.0
36	8485.0
37	8485.0
38	8485.0
39	8485.0
40	147374.0
41	147374.0
42	147374.0
43	147374.0
44	147374.0
45	31301.0
46	31301.0
47	31301.0
48	31301.0
49	31301.0
50	165533.0
51	165533.0
52	165533.0
53	165533.0
54	165533.0
55	142537.0
56	142537.0
57	142537.0
58	142537.0
59	142537.0
60	34872.0
61	34872.0
62	34872.0
63	34872.0
64	34872.0
65	10092.0
66	10092.0
67	10092.0
68	10092.0
69	10092.0
70	187036.0
71	187036.0
72	187036.0
73	187036.0
74	187036.0
75	152385.0
76	152385.0
77	152385.0
78	152385.0
79	152385.0
80	51917.0
81	51917.0
82	51917.0
83	51917.0
84	51917.0
85	45571.0
86	45571.0
87	45571.0
88	45571.0
89	45571.0
90	176757.0
91	176757.0
92	176757.0
93	176757.0
94	176757.0
95	87336.0
96	87336.0
97	87336.0
98	87336.0
99	87336.0
100	90830.0
101	90830.0
102	90830.0
103	90830.0
104	90830.0
105	164756.0
106	164756.0
107	164756.0
108	164756.0
109	164756.0
110	53330.0
111	53330.0
112	53330.0
113	53330.0
114	53330.0
115	180184.0
116	180184.0
117	180184.0
118	180184.0
119	180184.0
120	131805.0
121	131805.0
122	131805.0
123	131805.0
124	131805.0
125	78303.0
126	78303.0
127	78303.0
128	78303.0
129	78303.0
130	5703.0
131	5703.0
132	5703.0
133	5703.0
134	5703.0
135	165511.0
136	165511.0
137	165511.0
138	165511.0
139	165511.0
140	127307.0
141	127307.0
142	127307.0
143	127307.0
144	127307.0
145	25099.0
146	25099.0
147	25099.0
148	25099.0
149	25099.0
150	50395.0
151	50395.0
152	50395.0
153	50395.0
154	50395.0
155	34605.0
156	34605.0
157	34605.0
158	34605.0
159	34605.0
160	33161.0
161	33161.0
162	33161.0
163	33161.0
164	33161.0
165	149866.0
166	149866.0
167	149866.0
168	149866.0
169	149866.0
170	177224.0
171	177224.0
172	177224.0
173	177224.0
174	177224.0
175	32947.0
176	32947.0
177	32947.0
178	32947.0
179	32947.0
180	120541.0
181	120541.0
182	120541.0
183	120541.0
184	120541.0
185	157661.0
186	157661.0
187	157661.0
188	157661.0
189	157661.0
190	6081.0
191	6081.0
192	6081.0
193	6081.0
194	6081.0
195	184509.0
196	184509.0
197	184509.0
198	184509.0
199	184509.0
200	115074.0
201	115074.0
202	115074.0
203	115074.0
204	115074.0
205	20172.0
206	20172.0
207	20172.0
208	20172.0
209	20172.0
210	23853.0
211	23853.0
212	23853.0
213	23853.0
214	23853.0
215	143173.0
216	143173.0
217	143173.0
218	143173.0
219	143173.0
220	142212.0
221	142212.0
222	142212.0
223	142212.0
224	142212.0
225	7418.0
226	7418.0
227	7418.0
228	7418.0
229	7418.0
230	183506.0
231	183506.0
232	183506.0
233	183506.0
234	183506.0
235	88768.0
236	88768.0
237	88768.0
238	88768.0
239	88768.0
240	111072.0
241	111072.0
242	111072.0
243	111072.0
244	111072.0
245	104036.0
246	104036.0
247	104036.0
248	104036.0
249	104036.0
