0	5087.0
1	5087.0
2	5087.0
3	5087.0
4	5087.0
5	221583.0
6	221583.0
7	221583.0
8	221583.0
9	221583.0
10	53978.0
11	53978.0
12	53978.0
13	53978.0
14	53978.0
15	191226.0
16	191226.0
17	191226.0
18	191226.0
19	191226.0
20	223888.0
21	223888.0
22	223888.0
23	223888.0
24	223888.0
25	56492.0
26	56492.0
27	56492.0
28	56492.0
29	56492.0
30	10380.0
31	10380.0
32	10380.0
33	10380.0
34	10380.0
35	216993.0
36	216993.0
37	216993.0
38	216993.0
39	216993.0
40	119287.0
41	119287.0
42	119287.0
43	119287.0
44	119287.0
45	204745.0
46	204745.0
47	204745.0
48	204745.0
49	204745.0
50	105138.0
51	105138.0
52	105138.0
53	105138.0
54	105138.0
55	30836.0
56	30836.0
57	30836.0
58	30836.0
59	30836.0
60	165362.0
61	165362.0
62	165362.0
63	165362.0
64	165362.0
65	46661.0
66	46661.0
67	46661.0
68	46661.0
69	46661.0
70	20918.0
71	20918.0
72	20918.0
73	20918.0
74	20918.0
75	137061.0
76	137061.0
77	137061.0
78	137061.0
79	137061.0
80	36145.0
81	36145.0
82	36145.0
83	36145.0
84	36145.0
85	9839.0
86	9839.0
87	9839.0
88	9839.0
89	9839.0
90	128326.0
91	128326.0
92	128326.0
93	128326.0
94	128326.0
95	63438.0
96	63438.0
97	63438.0
98	63438.0
99	63438.0
100	181692.0
101	181692.0
102	181692.0
103	181692.0
104	181692.0
105	42840.0
106	42840.0
107	42840.0
108	42840.0
109	42840.0
110	196093.0
111	196093.0
112	196093.0
113	196093.0
114	196093.0
115	158848.0
116	158848.0
117	158848.0
118	158848.0
119	158848.0
120	18930.0
121	18930.0
122	18930.0
123	18930.0
124	18930.0
125	223574.0
126	223574.0
127	223574.0
128	223574.0
129	223574.0
130	170642.0
131	170642.0
132	170642.0
133	170642.0
134	170642.0
135	22459.0
136	22459.0
137	22459.0
138	22459.0
139	22459.0
140	200630.0
141	200630.0
142	200630.0
143	200630.0
144	200630.0
145	218848.0
146	218848.0
147	218848.0
148	218848.0
149	218848.0
150	76645.0
151	76645.0
152	76645.0
153	76645.0
154	76645.0
155	54451.0
156	54451.0
157	54451.0
158	54451.0
159	54451.0
160	218126.0
161	218126.0
162	218126.0
163	218126.0
164	218126.0
165	207974.0
166	207974.0
167	207974.0
168	207974.0
169	207974.0
170	99225.0
171	99225.0
172	99225.0
173	99225.0
174	99225.0
175	38787.0
176	38787.0
177	38787.0
178	38787.0
179	38787.0
180	2197.0
181	2197.0
182	2197.0
183	2197.0
184	2197.0
185	129170.0
186	129170.0
187	129170.0
188	129170.0
189	129170.0
190	154082.0
191	154082.0
192	154082.0
193	154082.0
194	154082.0
195	26908.0
196	26908.0
197	26908.0
198	26908.0
199	26908.0
200	113193.0
201	113193.0
202	113193.0
203	113193.0
204	113193.0
205	31442.0
206	31442.0
207	31442.0
208	31442.0
209	31442.0
210	204815.0
211	204815.0
212	204815.0
213	204815.0
214	204815.0
215	100603.0
216	100603.0
217	100603.0
218	100603.0
219	100603.0
220	60469.0
221	60469.0
222	60469.0
223	60469.0
224	60469.0
225	218221.0
226	218221.0
227	218221.0
228	218221.0
229	218221.0
230	94010.0
231	94010.0
232	94010.0
233	94010.0
234	94010.0
235	69224.0
236	69224.0
237	69224.0
238	69224.0
239	69224.0
240	82543.0
241	82543.0
242	82543.0
243	82543.0
244	82543.0
245	34818.0
246	34818.0
247	34818.0
248	34818.0
249	34818.0
