0	88073.0
1	88073.0
2	88073.0
3	88073.0
4	88073.0
5	179143.0
6	179143.0
7	179143.0
8	179143.0
9	179143.0
10	192933.0
11	192933.0
12	192933.0
13	192933.0
14	192933.0
15	153175.0
16	153175.0
17	153175.0
18	153175.0
19	153175.0
20	182757.0
21	182757.0
22	182757.0
23	182757.0
24	182757.0
25	128006.0
26	128006.0
27	128006.0
28	128006.0
29	128006.0
30	65779.0
31	65779.0
32	65779.0
33	65779.0
34	65779.0
35	156639.0
36	156639.0
37	156639.0
38	156639.0
39	156639.0
40	23782.0
41	23782.0
42	23782.0
43	23782.0
44	23782.0
45	153432.0
46	153432.0
47	153432.0
48	153432.0
49	153432.0
50	196611.0
51	196611.0
52	196611.0
53	196611.0
54	196611.0
55	57136.0
56	57136.0
57	57136.0
58	57136.0
59	57136.0
60	94597.0
61	94597.0
62	94597.0
63	94597.0
64	94597.0
65	35159.0
66	35159.0
67	35159.0
68	35159.0
69	35159.0
70	203190.0
71	203190.0
72	203190.0
73	203190.0
74	203190.0
75	182362.0
76	182362.0
77	182362.0
78	182362.0
79	182362.0
80	38202.0
81	38202.0
82	38202.0
83	38202.0
84	38202.0
85	113386.0
86	113386.0
87	113386.0
88	113386.0
89	113386.0
90	123549.0
91	123549.0
92	123549.0
93	123549.0
94	123549.0
95	147248.0
96	147248.0
97	147248.0
98	147248.0
99	147248.0
100	78274.0
101	78274.0
102	78274.0
103	78274.0
104	78274.0
105	19608.0
106	19608.0
107	19608.0
108	19608.0
109	19608.0
110	28701.0
111	28701.0
112	28701.0
113	28701.0
114	28701.0
115	97547.0
116	97547.0
117	97547.0
118	97547.0
119	97547.0
120	131713.0
121	131713.0
122	131713.0
123	131713.0
124	131713.0
125	123189.0
126	123189.0
127	123189.0
128	123189.0
129	123189.0
130	63745.0
131	63745.0
132	63745.0
133	63745.0
134	63745.0
135	27238.0
136	27238.0
137	27238.0
138	27238.0
139	27238.0
140	2895.0
141	2895.0
142	2895.0
143	2895.0
144	2895.0
145	198599.0
146	198599.0
147	198599.0
148	198599.0
149	198599.0
150	67109.0
151	67109.0
152	67109.0
153	67109.0
154	67109.0
155	104788.0
156	104788.0
157	104788.0
158	104788.0
159	104788.0
160	56765.0
161	56765.0
162	56765.0
163	56765.0
164	56765.0
165	191025.0
166	191025.0
167	191025.0
168	191025.0
169	191025.0
170	228085.0
171	228085.0
172	228085.0
173	228085.0
174	228085.0
175	60020.0
176	60020.0
177	60020.0
178	60020.0
179	60020.0
180	42669.0
181	42669.0
182	42669.0
183	42669.0
184	42669.0
185	79628.0
186	79628.0
187	79628.0
188	79628.0
189	79628.0
190	75460.0
191	75460.0
192	75460.0
193	75460.0
194	75460.0
195	205091.0
196	205091.0
197	205091.0
198	205091.0
199	205091.0
200	185033.0
201	185033.0
202	185033.0
203	185033.0
204	185033.0
205	180458.0
206	180458.0
207	180458.0
208	180458.0
209	180458.0
210	175259.0
211	175259.0
212	175259.0
213	175259.0
214	175259.0
215	190019.0
216	190019.0
217	190019.0
218	190019.0
219	190019.0
220	194657.0
221	194657.0
222	194657.0
223	194657.0
224	194657.0
225	183808.0
226	183808.0
227	183808.0
228	183808.0
229	183808.0
230	183594.0
231	183594.0
232	183594.0
233	183594.0
234	183594.0
235	31232.0
236	31232.0
237	31232.0
238	31232.0
239	31232.0
240	130320.0
241	130320.0
242	130320.0
243	130320.0
244	130320.0
245	97069.0
246	97069.0
247	97069.0
248	97069.0
249	97069.0
