0	142766.0
1	142766.0
2	142766.0
3	142766.0
4	142766.0
5	133024.0
6	133024.0
7	133024.0
8	133024.0
9	133024.0
10	7188.0
11	7188.0
12	7188.0
13	7188.0
14	7188.0
15	177475.0
16	177475.0
17	177475.0
18	177475.0
19	177475.0
20	30176.0
21	30176.0
22	30176.0
23	30176.0
24	30176.0
25	124384.0
26	124384.0
27	124384.0
28	124384.0
29	124384.0
30	134933.0
31	134933.0
32	134933.0
33	134933.0
34	134933.0
35	37201.0
36	37201.0
37	37201.0
38	37201.0
39	37201.0
40	145649.0
41	145649.0
42	145649.0
43	145649.0
44	145649.0
45	65894.0
46	65894.0
47	65894.0
48	65894.0
49	65894.0
50	220279.0
51	220279.0
52	220279.0
53	220279.0
54	220279.0
55	171150.0
56	171150.0
57	171150.0
58	171150.0
59	171150.0
60	14567.0
61	14567.0
62	14567.0
63	14567.0
64	14567.0
65	139554.0
66	139554.0
67	139554.0
68	139554.0
69	139554.0
70	84186.0
71	84186.0
72	84186.0
73	84186.0
74	84186.0
75	202161.0
76	202161.0
77	202161.0
78	202161.0
79	202161.0
80	173394.0
81	173394.0
82	173394.0
83	173394.0
84	173394.0
85	23957.0
86	23957.0
87	23957.0
88	23957.0
89	23957.0
90	36117.0
91	36117.0
92	36117.0
93	36117.0
94	36117.0
95	82734.0
96	82734.0
97	82734.0
98	82734.0
99	82734.0
100	230695.0
101	230695.0
102	230695.0
103	230695.0
104	230695.0
105	163585.0
106	163585.0
107	163585.0
108	163585.0
109	163585.0
110	107854.0
111	107854.0
112	107854.0
113	107854.0
114	107854.0
115	2579.0
116	2579.0
117	2579.0
118	2579.0
119	2579.0
120	225119.0
121	225119.0
122	225119.0
123	225119.0
124	225119.0
125	73690.0
126	73690.0
127	73690.0
128	73690.0
129	73690.0
130	123141.0
131	123141.0
132	123141.0
133	123141.0
134	123141.0
135	224224.0
136	224224.0
137	224224.0
138	224224.0
139	224224.0
140	165000.0
141	165000.0
142	165000.0
143	165000.0
144	165000.0
145	21308.0
146	21308.0
147	21308.0
148	21308.0
149	21308.0
150	207517.0
151	207517.0
152	207517.0
153	207517.0
154	207517.0
155	67910.0
156	67910.0
157	67910.0
158	67910.0
159	67910.0
160	183652.0
161	183652.0
162	183652.0
163	183652.0
164	183652.0
165	60533.0
166	60533.0
167	60533.0
168	60533.0
169	60533.0
170	149654.0
171	149654.0
172	149654.0
173	149654.0
174	149654.0
175	231954.0
176	231954.0
177	231954.0
178	231954.0
179	231954.0
180	22792.0
181	22792.0
182	22792.0
183	22792.0
184	22792.0
185	150477.0
186	150477.0
187	150477.0
188	150477.0
189	150477.0
190	1014.0
191	1014.0
192	1014.0
193	1014.0
194	1014.0
195	32160.0
196	32160.0
197	32160.0
198	32160.0
199	32160.0
200	12570.0
201	12570.0
202	12570.0
203	12570.0
204	12570.0
205	89548.0
206	89548.0
207	89548.0
208	89548.0
209	89548.0
210	182441.0
211	182441.0
212	182441.0
213	182441.0
214	182441.0
215	120430.0
216	120430.0
217	120430.0
218	120430.0
219	120430.0
220	59758.0
221	59758.0
222	59758.0
223	59758.0
224	59758.0
225	186448.0
226	186448.0
227	186448.0
228	186448.0
229	186448.0
230	96379.0
231	96379.0
232	96379.0
233	96379.0
234	96379.0
235	148832.0
236	148832.0
237	148832.0
238	148832.0
239	148832.0
240	197354.0
241	197354.0
242	197354.0
243	197354.0
244	197354.0
245	132300.0
246	132300.0
247	132300.0
248	132300.0
249	132300.0
