0	55791.0
1	55791.0
2	55791.0
3	55791.0
4	55791.0
5	226808.0
6	226808.0
7	226808.0
8	226808.0
9	226808.0
10	119777.0
11	119777.0
12	119777.0
13	119777.0
14	119777.0
15	17934.0
16	17934.0
17	17934.0
18	17934.0
19	17934.0
20	196743.0
21	196743.0
22	196743.0
23	196743.0
24	196743.0
25	165367.0
26	165367.0
27	165367.0
28	165367.0
29	165367.0
30	210466.0
31	210466.0
32	210466.0
33	210466.0
34	210466.0
35	92150.0
36	92150.0
37	92150.0
38	92150.0
39	92150.0
40	122357.0
41	122357.0
42	122357.0
43	122357.0
44	122357.0
45	118377.0
46	118377.0
47	118377.0
48	118377.0
49	118377.0
50	76184.0
51	76184.0
52	76184.0
53	76184.0
54	76184.0
55	195665.0
56	195665.0
57	195665.0
58	195665.0
59	195665.0
60	95139.0
61	95139.0
62	95139.0
63	95139.0
64	95139.0
65	107852.0
66	107852.0
67	107852.0
68	107852.0
69	107852.0
70	171222.0
71	171222.0
72	171222.0
73	171222.0
74	171222.0
75	203675.0
76	203675.0
77	203675.0
78	203675.0
79	203675.0
80	219826.0
81	219826.0
82	219826.0
83	219826.0
84	219826.0
85	28143.0
86	28143.0
87	28143.0
88	28143.0
89	28143.0
90	220559.0
91	220559.0
92	220559.0
93	220559.0
94	220559.0
95	43741.0
96	43741.0
97	43741.0
98	43741.0
99	43741.0
100	42667.0
101	42667.0
102	42667.0
103	42667.0
104	42667.0
105	193422.0
106	193422.0
107	193422.0
108	193422.0
109	193422.0
110	70160.0
111	70160.0
112	70160.0
113	70160.0
114	70160.0
115	221025.0
116	221025.0
117	221025.0
118	221025.0
119	221025.0
120	174068.0
121	174068.0
122	174068.0
123	174068.0
124	174068.0
125	200164.0
126	200164.0
127	200164.0
128	200164.0
129	200164.0
130	229405.0
131	229405.0
132	229405.0
133	229405.0
134	229405.0
135	170489.0
136	170489.0
137	170489.0
138	170489.0
139	170489.0
140	19966.0
141	19966.0
142	19966.0
143	19966.0
144	19966.0
145	98550.0
146	98550.0
147	98550.0
148	98550.0
149	98550.0
150	100142.0
151	100142.0
152	100142.0
153	100142.0
154	100142.0
155	158840.0
156	158840.0
157	158840.0
158	158840.0
159	158840.0
160	40293.0
161	40293.0
162	40293.0
163	40293.0
164	40293.0
165	188497.0
166	188497.0
167	188497.0
168	188497.0
169	188497.0
170	134006.0
171	134006.0
172	134006.0
173	134006.0
174	134006.0
175	102207.0
176	102207.0
177	102207.0
178	102207.0
179	102207.0
180	95743.0
181	95743.0
182	95743.0
183	95743.0
184	95743.0
185	26084.0
186	26084.0
187	26084.0
188	26084.0
189	26084.0
190	130529.0
191	130529.0
192	130529.0
193	130529.0
194	130529.0
195	151121.0
196	151121.0
197	151121.0
198	151121.0
199	151121.0
200	218726.0
201	218726.0
202	218726.0
203	218726.0
204	218726.0
205	61406.0
206	61406.0
207	61406.0
208	61406.0
209	61406.0
210	157117.0
211	157117.0
212	157117.0
213	157117.0
214	157117.0
215	45432.0
216	45432.0
217	45432.0
218	45432.0
219	45432.0
220	187711.0
221	187711.0
222	187711.0
223	187711.0
224	187711.0
225	190872.0
226	190872.0
227	190872.0
228	190872.0
229	190872.0
230	102838.0
231	102838.0
232	102838.0
233	102838.0
234	102838.0
235	58887.0
236	58887.0
237	58887.0
238	58887.0
239	58887.0
240	202992.0
241	202992.0
242	202992.0
243	202992.0
244	202992.0
245	183961.0
246	183961.0
247	183961.0
248	183961.0
249	183961.0
