0	87348.0
1	87348.0
2	87348.0
3	87348.0
4	87348.0
5	66310.0
6	66310.0
7	66310.0
8	66310.0
9	66310.0
10	15135.0
11	15135.0
12	15135.0
13	15135.0
14	15135.0
15	215036.0
16	215036.0
17	215036.0
18	215036.0
19	215036.0
20	69357.0
21	69357.0
22	69357.0
23	69357.0
24	69357.0
25	83929.0
26	83929.0
27	83929.0
28	83929.0
29	83929.0
30	217514.0
31	217514.0
32	217514.0
33	217514.0
34	217514.0
35	208272.0
36	208272.0
37	208272.0
38	208272.0
39	208272.0
40	109267.0
41	109267.0
42	109267.0
43	109267.0
44	109267.0
45	199154.0
46	199154.0
47	199154.0
48	199154.0
49	199154.0
50	66060.0
51	66060.0
52	66060.0
53	66060.0
54	66060.0
55	182032.0
56	182032.0
57	182032.0
58	182032.0
59	182032.0
60	188471.0
61	188471.0
62	188471.0
63	188471.0
64	188471.0
65	81036.0
66	81036.0
67	81036.0
68	81036.0
69	81036.0
70	90811.0
71	90811.0
72	90811.0
73	90811.0
74	90811.0
75	267674.0
76	267674.0
77	267674.0
78	267674.0
79	267674.0
80	101510.0
81	101510.0
82	101510.0
83	101510.0
84	101510.0
85	255987.0
86	255987.0
87	255987.0
88	255987.0
89	255987.0
90	175850.0
91	175850.0
92	175850.0
93	175850.0
94	175850.0
95	66907.0
96	66907.0
97	66907.0
98	66907.0
99	66907.0
100	164170.0
101	164170.0
102	164170.0
103	164170.0
104	164170.0
105	74070.0
106	74070.0
107	74070.0
108	74070.0
109	74070.0
110	118597.0
111	118597.0
112	118597.0
113	118597.0
114	118597.0
115	89696.0
116	89696.0
117	89696.0
118	89696.0
119	89696.0
120	288035.0
121	288035.0
122	288035.0
123	288035.0
124	288035.0
125	55057.0
126	55057.0
127	55057.0
128	55057.0
129	55057.0
130	11584.0
131	11584.0
132	11584.0
133	11584.0
134	11584.0
135	263536.0
136	263536.0
137	263536.0
138	263536.0
139	263536.0
140	103184.0
141	103184.0
142	103184.0
143	103184.0
144	103184.0
145	32239.0
146	32239.0
147	32239.0
148	32239.0
149	32239.0
150	6717.0
151	6717.0
152	6717.0
153	6717.0
154	6717.0
155	201558.0
156	201558.0
157	201558.0
158	201558.0
159	201558.0
160	152854.0
161	152854.0
162	152854.0
163	152854.0
164	152854.0
165	12238.0
166	12238.0
167	12238.0
168	12238.0
169	12238.0
170	270967.0
171	270967.0
172	270967.0
173	270967.0
174	270967.0
175	222194.0
176	222194.0
177	222194.0
178	222194.0
179	222194.0
180	20519.0
181	20519.0
182	20519.0
183	20519.0
184	20519.0
185	35035.0
186	35035.0
187	35035.0
188	35035.0
189	35035.0
190	2418.0
191	2418.0
192	2418.0
193	2418.0
194	2418.0
195	193091.0
196	193091.0
197	193091.0
198	193091.0
199	193091.0
200	107253.0
201	107253.0
202	107253.0
203	107253.0
204	107253.0
205	167996.0
206	167996.0
207	167996.0
208	167996.0
209	167996.0
210	100458.0
211	100458.0
212	100458.0
213	100458.0
214	100458.0
215	137184.0
216	137184.0
217	137184.0
218	137184.0
219	137184.0
220	178141.0
221	178141.0
222	178141.0
223	178141.0
224	178141.0
225	115115.0
226	115115.0
227	115115.0
228	115115.0
229	115115.0
230	202932.0
231	202932.0
232	202932.0
233	202932.0
234	202932.0
235	226065.0
236	226065.0
237	226065.0
238	226065.0
239	226065.0
240	165978.0
241	165978.0
242	165978.0
243	165978.0
244	165978.0
245	117583.0
246	117583.0
247	117583.0
248	117583.0
249	117583.0
