0	17494.0
1	17494.0
2	17494.0
3	17494.0
4	17494.0
5	174989.0
6	174989.0
7	174989.0
8	174989.0
9	174989.0
10	15193.0
11	15193.0
12	15193.0
13	15193.0
14	15193.0
15	273903.0
16	273903.0
17	273903.0
18	273903.0
19	273903.0
20	5316.0
21	5316.0
22	5316.0
23	5316.0
24	5316.0
25	112423.0
26	112423.0
27	112423.0
28	112423.0
29	112423.0
30	260026.0
31	260026.0
32	260026.0
33	260026.0
34	260026.0
35	217971.0
36	217971.0
37	217971.0
38	217971.0
39	217971.0
40	115354.0
41	115354.0
42	115354.0
43	115354.0
44	115354.0
45	282854.0
46	282854.0
47	282854.0
48	282854.0
49	282854.0
50	75421.0
51	75421.0
52	75421.0
53	75421.0
54	75421.0
55	40913.0
56	40913.0
57	40913.0
58	40913.0
59	40913.0
60	44010.0
61	44010.0
62	44010.0
63	44010.0
64	44010.0
65	8504.0
66	8504.0
67	8504.0
68	8504.0
69	8504.0
70	123828.0
71	123828.0
72	123828.0
73	123828.0
74	123828.0
75	269843.0
76	269843.0
77	269843.0
78	269843.0
79	269843.0
80	262630.0
81	262630.0
82	262630.0
83	262630.0
84	262630.0
85	25529.0
86	25529.0
87	25529.0
88	25529.0
89	25529.0
90	157843.0
91	157843.0
92	157843.0
93	157843.0
94	157843.0
95	50881.0
96	50881.0
97	50881.0
98	50881.0
99	50881.0
100	76655.0
101	76655.0
102	76655.0
103	76655.0
104	76655.0
105	70525.0
106	70525.0
107	70525.0
108	70525.0
109	70525.0
110	284499.0
111	284499.0
112	284499.0
113	284499.0
114	284499.0
115	124233.0
116	124233.0
117	124233.0
118	124233.0
119	124233.0
120	88878.0
121	88878.0
122	88878.0
123	88878.0
124	88878.0
125	164639.0
126	164639.0
127	164639.0
128	164639.0
129	164639.0
130	142272.0
131	142272.0
132	142272.0
133	142272.0
134	142272.0
135	195849.0
136	195849.0
137	195849.0
138	195849.0
139	195849.0
140	202683.0
141	202683.0
142	202683.0
143	202683.0
144	202683.0
145	22841.0
146	22841.0
147	22841.0
148	22841.0
149	22841.0
150	54021.0
151	54021.0
152	54021.0
153	54021.0
154	54021.0
155	85016.0
156	85016.0
157	85016.0
158	85016.0
159	85016.0
160	176689.0
161	176689.0
162	176689.0
163	176689.0
164	176689.0
165	62163.0
166	62163.0
167	62163.0
168	62163.0
169	62163.0
170	241354.0
171	241354.0
172	241354.0
173	241354.0
174	241354.0
175	269027.0
176	269027.0
177	269027.0
178	269027.0
179	269027.0
180	81967.0
181	81967.0
182	81967.0
183	81967.0
184	81967.0
185	74344.0
186	74344.0
187	74344.0
188	74344.0
189	74344.0
190	37794.0
191	37794.0
192	37794.0
193	37794.0
194	37794.0
195	35419.0
196	35419.0
197	35419.0
198	35419.0
199	35419.0
200	77830.0
201	77830.0
202	77830.0
203	77830.0
204	77830.0
205	100661.0
206	100661.0
207	100661.0
208	100661.0
209	100661.0
210	245901.0
211	245901.0
212	245901.0
213	245901.0
214	245901.0
215	256499.0
216	256499.0
217	256499.0
218	256499.0
219	256499.0
220	76388.0
221	76388.0
222	76388.0
223	76388.0
224	76388.0
225	272821.0
226	272821.0
227	272821.0
228	272821.0
229	272821.0
230	97785.0
231	97785.0
232	97785.0
233	97785.0
234	97785.0
235	105747.0
236	105747.0
237	105747.0
238	105747.0
239	105747.0
240	266400.0
241	266400.0
242	266400.0
243	266400.0
244	266400.0
245	239610.0
246	239610.0
247	239610.0
248	239610.0
249	239610.0
