0	68514.0
1	68514.0
2	68514.0
3	68514.0
4	68514.0
5	163421.0
6	163421.0
7	163421.0
8	163421.0
9	163421.0
10	132865.0
11	132865.0
12	132865.0
13	132865.0
14	132865.0
15	333316.0
16	333316.0
17	333316.0
18	333316.0
19	333316.0
20	238775.0
21	238775.0
22	238775.0
23	238775.0
24	238775.0
25	21657.0
26	21657.0
27	21657.0
28	21657.0
29	21657.0
30	182203.0
31	182203.0
32	182203.0
33	182203.0
34	182203.0
35	85016.0
36	85016.0
37	85016.0
38	85016.0
39	85016.0
40	600081.0
41	600081.0
42	600081.0
43	600081.0
44	600081.0
45	446744.0
46	446744.0
47	446744.0
48	446744.0
49	446744.0
50	690344.0
51	690344.0
52	690344.0
53	690344.0
54	690344.0
55	132962.0
56	132962.0
57	132962.0
58	132962.0
59	132962.0
60	103015.0
61	103015.0
62	103015.0
63	103015.0
64	103015.0
65	860147.0
66	860147.0
67	860147.0
68	860147.0
69	860147.0
70	579574.0
71	579574.0
72	579574.0
73	579574.0
74	579574.0
75	632570.0
76	632570.0
77	632570.0
78	632570.0
79	632570.0
80	348928.0
81	348928.0
82	348928.0
83	348928.0
84	348928.0
85	623052.0
86	623052.0
87	623052.0
88	623052.0
89	623052.0
90	794372.0
91	794372.0
92	794372.0
93	794372.0
94	794372.0
95	807381.0
96	807381.0
97	807381.0
98	807381.0
99	807381.0
100	498908.0
101	498908.0
102	498908.0
103	498908.0
104	498908.0
105	366468.0
106	366468.0
107	366468.0
108	366468.0
109	366468.0
110	268700.0
111	268700.0
112	268700.0
113	268700.0
114	268700.0
115	574266.0
116	574266.0
117	574266.0
118	574266.0
119	574266.0
120	571560.0
121	571560.0
122	571560.0
123	571560.0
124	571560.0
125	348433.0
126	348433.0
127	348433.0
128	348433.0
129	348433.0
130	676487.0
131	676487.0
132	676487.0
133	676487.0
134	676487.0
135	561784.0
136	561784.0
137	561784.0
138	561784.0
139	561784.0
140	83491.0
141	83491.0
142	83491.0
143	83491.0
144	83491.0
145	138324.0
146	138324.0
147	138324.0
148	138324.0
149	138324.0
150	73930.0
151	73930.0
152	73930.0
153	73930.0
154	73930.0
155	665222.0
156	665222.0
157	665222.0
158	665222.0
159	665222.0
160	435362.0
161	435362.0
162	435362.0
163	435362.0
164	435362.0
165	84280.0
166	84280.0
167	84280.0
168	84280.0
169	84280.0
170	716038.0
171	716038.0
172	716038.0
173	716038.0
174	716038.0
175	426300.0
176	426300.0
177	426300.0
178	426300.0
179	426300.0
180	66901.0
181	66901.0
182	66901.0
183	66901.0
184	66901.0
185	199489.0
186	199489.0
187	199489.0
188	199489.0
189	199489.0
190	446369.0
191	446369.0
192	446369.0
193	446369.0
194	446369.0
195	895509.0
196	895509.0
197	895509.0
198	895509.0
199	895509.0
200	64102.0
201	64102.0
202	64102.0
203	64102.0
204	64102.0
205	527860.0
206	527860.0
207	527860.0
208	527860.0
209	527860.0
210	115774.0
211	115774.0
212	115774.0
213	115774.0
214	115774.0
215	418923.0
216	418923.0
217	418923.0
218	418923.0
219	418923.0
220	807871.0
221	807871.0
222	807871.0
223	807871.0
224	807871.0
225	888006.0
226	888006.0
227	888006.0
228	888006.0
229	888006.0
230	660200.0
231	660200.0
232	660200.0
233	660200.0
234	660200.0
235	731467.0
236	731467.0
237	731467.0
238	731467.0
239	731467.0
240	817682.0
241	817682.0
242	817682.0
243	817682.0
244	817682.0
245	107856.0
246	107856.0
247	107856.0
248	107856.0
249	107856.0
