0	767348.0
1	767348.0
2	767348.0
3	767348.0
4	767348.0
5	10869.0
6	10869.0
7	10869.0
8	10869.0
9	10869.0
10	915259.0
11	915259.0
12	915259.0
13	915259.0
14	915259.0
15	303848.0
16	303848.0
17	303848.0
18	303848.0
19	303848.0
20	212115.0
21	212115.0
22	212115.0
23	212115.0
24	212115.0
25	864852.0
26	864852.0
27	864852.0
28	864852.0
29	864852.0
30	757114.0
31	757114.0
32	757114.0
33	757114.0
34	757114.0
35	731011.0
36	731011.0
37	731011.0
38	731011.0
39	731011.0
40	388595.0
41	388595.0
42	388595.0
43	388595.0
44	388595.0
45	809004.0
46	809004.0
47	809004.0
48	809004.0
49	809004.0
50	467190.0
51	467190.0
52	467190.0
53	467190.0
54	467190.0
55	403506.0
56	403506.0
57	403506.0
58	403506.0
59	403506.0
60	337855.0
61	337855.0
62	337855.0
63	337855.0
64	337855.0
65	783772.0
66	783772.0
67	783772.0
68	783772.0
69	783772.0
70	725249.0
71	725249.0
72	725249.0
73	725249.0
74	725249.0
75	551002.0
76	551002.0
77	551002.0
78	551002.0
79	551002.0
80	754402.0
81	754402.0
82	754402.0
83	754402.0
84	754402.0
85	292861.0
86	292861.0
87	292861.0
88	292861.0
89	292861.0
90	174120.0
91	174120.0
92	174120.0
93	174120.0
94	174120.0
95	605172.0
96	605172.0
97	605172.0
98	605172.0
99	605172.0
100	920172.0
101	920172.0
102	920172.0
103	920172.0
104	920172.0
105	931912.0
106	931912.0
107	931912.0
108	931912.0
109	931912.0
110	203195.0
111	203195.0
112	203195.0
113	203195.0
114	203195.0
115	387499.0
116	387499.0
117	387499.0
118	387499.0
119	387499.0
120	568878.0
121	568878.0
122	568878.0
123	568878.0
124	568878.0
125	578903.0
126	578903.0
127	578903.0
128	578903.0
129	578903.0
130	871327.0
131	871327.0
132	871327.0
133	871327.0
134	871327.0
135	191439.0
136	191439.0
137	191439.0
138	191439.0
139	191439.0
140	892810.0
141	892810.0
142	892810.0
143	892810.0
144	892810.0
145	290990.0
146	290990.0
147	290990.0
148	290990.0
149	290990.0
150	475590.0
151	475590.0
152	475590.0
153	475590.0
154	475590.0
155	591601.0
156	591601.0
157	591601.0
158	591601.0
159	591601.0
160	112033.0
161	112033.0
162	112033.0
163	112033.0
164	112033.0
165	611038.0
166	611038.0
167	611038.0
168	611038.0
169	611038.0
170	864412.0
171	864412.0
172	864412.0
173	864412.0
174	864412.0
175	190804.0
176	190804.0
177	190804.0
178	190804.0
179	190804.0
180	365048.0
181	365048.0
182	365048.0
183	365048.0
184	365048.0
185	519553.0
186	519553.0
187	519553.0
188	519553.0
189	519553.0
190	837350.0
191	837350.0
192	837350.0
193	837350.0
194	837350.0
195	9739.0
196	9739.0
197	9739.0
198	9739.0
199	9739.0
200	250520.0
201	250520.0
202	250520.0
203	250520.0
204	250520.0
205	479600.0
206	479600.0
207	479600.0
208	479600.0
209	479600.0
210	293250.0
211	293250.0
212	293250.0
213	293250.0
214	293250.0
215	503044.0
216	503044.0
217	503044.0
218	503044.0
219	503044.0
220	744591.0
221	744591.0
222	744591.0
223	744591.0
224	744591.0
225	419397.0
226	419397.0
227	419397.0
228	419397.0
229	419397.0
230	272937.0
231	272937.0
232	272937.0
233	272937.0
234	272937.0
235	516884.0
236	516884.0
237	516884.0
238	516884.0
239	516884.0
240	767028.0
241	767028.0
242	767028.0
243	767028.0
244	767028.0
245	329030.0
246	329030.0
247	329030.0
248	329030.0
249	329030.0
