0	67898.0
1	67898.0
2	67898.0
3	67898.0
4	67898.0
5	3257.0
6	3257.0
7	3257.0
8	3257.0
9	3257.0
10	54825.0
11	54825.0
12	54825.0
13	54825.0
14	54825.0
15	61285.0
16	61285.0
17	61285.0
18	61285.0
19	61285.0
20	69932.0
21	69932.0
22	69932.0
23	69932.0
24	69932.0
25	5806.0
26	5806.0
27	5806.0
28	5806.0
29	5806.0
30	77172.0
31	77172.0
32	77172.0
33	77172.0
34	77172.0
35	80982.0
36	80982.0
37	80982.0
38	80982.0
39	80982.0
40	65921.0
41	65921.0
42	65921.0
43	65921.0
44	65921.0
45	18099.0
46	18099.0
47	18099.0
48	18099.0
49	18099.0
50	71041.0
51	71041.0
52	71041.0
53	71041.0
54	71041.0
55	64821.0
56	64821.0
57	64821.0
58	64821.0
59	64821.0
60	74460.0
61	74460.0
62	74460.0
63	74460.0
64	74460.0
65	77382.0
66	77382.0
67	77382.0
68	77382.0
69	77382.0
70	51103.0
71	51103.0
72	51103.0
73	51103.0
74	51103.0
75	66969.0
76	66969.0
77	66969.0
78	66969.0
79	66969.0
80	66172.0
81	66172.0
82	66172.0
83	66172.0
84	66172.0
85	82818.0
86	82818.0
87	82818.0
88	82818.0
89	82818.0
90	28859.0
91	28859.0
92	28859.0
93	28859.0
94	28859.0
95	71259.0
96	71259.0
97	71259.0
98	71259.0
99	71259.0
100	82739.0
101	82739.0
102	82739.0
103	82739.0
104	82739.0
105	75158.0
106	75158.0
107	75158.0
108	75158.0
109	75158.0
110	48201.0
111	48201.0
112	48201.0
113	48201.0
114	48201.0
115	26787.0
116	26787.0
117	26787.0
118	26787.0
119	26787.0
120	81314.0
121	81314.0
122	81314.0
123	81314.0
124	81314.0
125	37498.0
126	37498.0
127	37498.0
128	37498.0
129	37498.0
130	60223.0
131	60223.0
132	60223.0
133	60223.0
134	60223.0
135	43677.0
136	43677.0
137	43677.0
138	43677.0
139	43677.0
140	36204.0
141	36204.0
142	36204.0
143	36204.0
144	36204.0
145	57592.0
146	57592.0
147	57592.0
148	57592.0
149	57592.0
150	48868.0
151	48868.0
152	48868.0
153	48868.0
154	48868.0
155	35825.0
156	35825.0
157	35825.0
158	35825.0
159	35825.0
160	47077.0
161	47077.0
162	47077.0
163	47077.0
164	47077.0
165	64427.0
166	64427.0
167	64427.0
168	64427.0
169	64427.0
170	57260.0
171	57260.0
172	57260.0
173	57260.0
174	57260.0
175	59491.0
176	59491.0
177	59491.0
178	59491.0
179	59491.0
180	34034.0
181	34034.0
182	34034.0
183	34034.0
184	34034.0
185	14320.0
186	14320.0
187	14320.0
188	14320.0
189	14320.0
190	6694.0
191	6694.0
192	6694.0
193	6694.0
194	6694.0
195	71644.0
196	71644.0
197	71644.0
198	71644.0
199	71644.0
200	26355.0
201	26355.0
202	26355.0
203	26355.0
204	26355.0
205	83661.0
206	83661.0
207	83661.0
208	83661.0
209	83661.0
210	52178.0
211	52178.0
212	52178.0
213	52178.0
214	52178.0
215	38636.0
216	38636.0
217	38636.0
218	38636.0
219	38636.0
220	24997.0
221	24997.0
222	24997.0
223	24997.0
224	24997.0
225	63537.0
226	63537.0
227	63537.0
228	63537.0
229	63537.0
230	43808.0
231	43808.0
232	43808.0
233	43808.0
234	43808.0
235	42797.0
236	42797.0
237	42797.0
238	42797.0
239	42797.0
240	43387.0
241	43387.0
242	43387.0
243	43387.0
244	43387.0
245	32118.0
246	32118.0
247	32118.0
248	32118.0
249	32118.0
