0	70107.0
1	70107.0
2	70107.0
3	70107.0
4	70107.0
5	68903.0
6	68903.0
7	68903.0
8	68903.0
9	68903.0
10	32385.0
11	32385.0
12	32385.0
13	32385.0
14	32385.0
15	41685.0
16	41685.0
17	41685.0
18	41685.0
19	41685.0
20	45596.0
21	45596.0
22	45596.0
23	45596.0
24	45596.0
25	9305.0
26	9305.0
27	9305.0
28	9305.0
29	9305.0
30	35436.0
31	35436.0
32	35436.0
33	35436.0
34	35436.0
35	54226.0
36	54226.0
37	54226.0
38	54226.0
39	54226.0
40	66383.0
41	66383.0
42	66383.0
43	66383.0
44	66383.0
45	29883.0
46	29883.0
47	29883.0
48	29883.0
49	29883.0
50	61142.0
51	61142.0
52	61142.0
53	61142.0
54	61142.0
55	34470.0
56	34470.0
57	34470.0
58	34470.0
59	34470.0
60	16582.0
61	16582.0
62	16582.0
63	16582.0
64	16582.0
65	4010.0
66	4010.0
67	4010.0
68	4010.0
69	4010.0
70	62035.0
71	62035.0
72	62035.0
73	62035.0
74	62035.0
75	2570.0
76	2570.0
77	2570.0
78	2570.0
79	2570.0
80	19984.0
81	19984.0
82	19984.0
83	19984.0
84	19984.0
85	66624.0
86	66624.0
87	66624.0
88	66624.0
89	66624.0
90	38003.0
91	38003.0
92	38003.0
93	38003.0
94	38003.0
95	59332.0
96	59332.0
97	59332.0
98	59332.0
99	59332.0
100	32914.0
101	32914.0
102	32914.0
103	32914.0
104	32914.0
105	2627.0
106	2627.0
107	2627.0
108	2627.0
109	2627.0
110	52065.0
111	52065.0
112	52065.0
113	52065.0
114	52065.0
115	50379.0
116	50379.0
117	50379.0
118	50379.0
119	50379.0
120	72477.0
121	72477.0
122	72477.0
123	72477.0
124	72477.0
125	6762.0
126	6762.0
127	6762.0
128	6762.0
129	6762.0
130	13679.0
131	13679.0
132	13679.0
133	13679.0
134	13679.0
135	19480.0
136	19480.0
137	19480.0
138	19480.0
139	19480.0
140	30569.0
141	30569.0
142	30569.0
143	30569.0
144	30569.0
145	59492.0
146	59492.0
147	59492.0
148	59492.0
149	59492.0
150	71452.0
151	71452.0
152	71452.0
153	71452.0
154	71452.0
155	67807.0
156	67807.0
157	67807.0
158	67807.0
159	67807.0
160	46958.0
161	46958.0
162	46958.0
163	46958.0
164	46958.0
165	78938.0
166	78938.0
167	78938.0
168	78938.0
169	78938.0
170	27494.0
171	27494.0
172	27494.0
173	27494.0
174	27494.0
175	883.0
176	883.0
177	883.0
178	883.0
179	883.0
180	28845.0
181	28845.0
182	28845.0
183	28845.0
184	28845.0
185	29563.0
186	29563.0
187	29563.0
188	29563.0
189	29563.0
190	17960.0
191	17960.0
192	17960.0
193	17960.0
194	17960.0
195	75992.0
196	75992.0
197	75992.0
198	75992.0
199	75992.0
200	48767.0
201	48767.0
202	48767.0
203	48767.0
204	48767.0
205	49297.0
206	49297.0
207	49297.0
208	49297.0
209	49297.0
210	9832.0
211	9832.0
212	9832.0
213	9832.0
214	9832.0
215	17349.0
216	17349.0
217	17349.0
218	17349.0
219	17349.0
220	72097.0
221	72097.0
222	72097.0
223	72097.0
224	72097.0
225	2418.0
226	2418.0
227	2418.0
228	2418.0
229	2418.0
230	64535.0
231	64535.0
232	64535.0
233	64535.0
234	64535.0
235	9737.0
236	9737.0
237	9737.0
238	9737.0
239	9737.0
240	28967.0
241	28967.0
242	28967.0
243	28967.0
244	28967.0
245	36494.0
246	36494.0
247	36494.0
248	36494.0
249	36494.0
