0	74279.0
1	74279.0
2	74279.0
3	74279.0
4	74279.0
5	63067.0
6	63067.0
7	63067.0
8	63067.0
9	63067.0
10	60294.0
11	60294.0
12	60294.0
13	60294.0
14	60294.0
15	50719.0
16	50719.0
17	50719.0
18	50719.0
19	50719.0
20	26429.0
21	26429.0
22	26429.0
23	26429.0
24	26429.0
25	73845.0
26	73845.0
27	73845.0
28	73845.0
29	73845.0
30	67286.0
31	67286.0
32	67286.0
33	67286.0
34	67286.0
35	21075.0
36	21075.0
37	21075.0
38	21075.0
39	21075.0
40	40298.0
41	40298.0
42	40298.0
43	40298.0
44	40298.0
45	42463.0
46	42463.0
47	42463.0
48	42463.0
49	42463.0
50	25043.0
51	25043.0
52	25043.0
53	25043.0
54	25043.0
55	83131.0
56	83131.0
57	83131.0
58	83131.0
59	83131.0
60	65138.0
61	65138.0
62	65138.0
63	65138.0
64	65138.0
65	2757.0
66	2757.0
67	2757.0
68	2757.0
69	2757.0
70	55344.0
71	55344.0
72	55344.0
73	55344.0
74	55344.0
75	79045.0
76	79045.0
77	79045.0
78	79045.0
79	79045.0
80	38691.0
81	38691.0
82	38691.0
83	38691.0
84	38691.0
85	75890.0
86	75890.0
87	75890.0
88	75890.0
89	75890.0
90	8532.0
91	8532.0
92	8532.0
93	8532.0
94	8532.0
95	38297.0
96	38297.0
97	38297.0
98	38297.0
99	38297.0
100	58337.0
101	58337.0
102	58337.0
103	58337.0
104	58337.0
105	47053.0
106	47053.0
107	47053.0
108	47053.0
109	47053.0
110	13722.0
111	13722.0
112	13722.0
113	13722.0
114	13722.0
115	41218.0
116	41218.0
117	41218.0
118	41218.0
119	41218.0
120	5752.0
121	5752.0
122	5752.0
123	5752.0
124	5752.0
125	38533.0
126	38533.0
127	38533.0
128	38533.0
129	38533.0
130	9220.0
131	9220.0
132	9220.0
133	9220.0
134	9220.0
135	4370.0
136	4370.0
137	4370.0
138	4370.0
139	4370.0
140	1109.0
141	1109.0
142	1109.0
143	1109.0
144	1109.0
145	81901.0
146	81901.0
147	81901.0
148	81901.0
149	81901.0
150	1701.0
151	1701.0
152	1701.0
153	1701.0
154	1701.0
155	71911.0
156	71911.0
157	71911.0
158	71911.0
159	71911.0
160	51735.0
161	51735.0
162	51735.0
163	51735.0
164	51735.0
165	45241.0
166	45241.0
167	45241.0
168	45241.0
169	45241.0
170	29296.0
171	29296.0
172	29296.0
173	29296.0
174	29296.0
175	71434.0
176	71434.0
177	71434.0
178	71434.0
179	71434.0
180	27859.0
181	27859.0
182	27859.0
183	27859.0
184	27859.0
185	50408.0
186	50408.0
187	50408.0
188	50408.0
189	50408.0
190	5217.0
191	5217.0
192	5217.0
193	5217.0
194	5217.0
195	11453.0
196	11453.0
197	11453.0
198	11453.0
199	11453.0
200	21797.0
201	21797.0
202	21797.0
203	21797.0
204	21797.0
205	77320.0
206	77320.0
207	77320.0
208	77320.0
209	77320.0
210	80726.0
211	80726.0
212	80726.0
213	80726.0
214	80726.0
215	32286.0
216	32286.0
217	32286.0
218	32286.0
219	32286.0
220	22667.0
221	22667.0
222	22667.0
223	22667.0
224	22667.0
225	19327.0
226	19327.0
227	19327.0
228	19327.0
229	19327.0
230	46157.0
231	46157.0
232	46157.0
233	46157.0
234	46157.0
235	2449.0
236	2449.0
237	2449.0
238	2449.0
239	2449.0
240	51530.0
241	51530.0
242	51530.0
243	51530.0
244	51530.0
245	53222.0
246	53222.0
247	53222.0
248	53222.0
249	53222.0
