0	40676.0
1	40676.0
2	40676.0
3	40676.0
4	40676.0
5	72223.0
6	72223.0
7	72223.0
8	72223.0
9	72223.0
10	49034.0
11	49034.0
12	49034.0
13	49034.0
14	49034.0
15	19735.0
16	19735.0
17	19735.0
18	19735.0
19	19735.0
20	42304.0
21	42304.0
22	42304.0
23	42304.0
24	42304.0
25	79693.0
26	79693.0
27	79693.0
28	79693.0
29	79693.0
30	54598.0
31	54598.0
32	54598.0
33	54598.0
34	54598.0
35	53975.0
36	53975.0
37	53975.0
38	53975.0
39	53975.0
40	64319.0
41	64319.0
42	64319.0
43	64319.0
44	64319.0
45	61205.0
46	61205.0
47	61205.0
48	61205.0
49	61205.0
50	37900.0
51	37900.0
52	37900.0
53	37900.0
54	37900.0
55	7675.0
56	7675.0
57	7675.0
58	7675.0
59	7675.0
60	17561.0
61	17561.0
62	17561.0
63	17561.0
64	17561.0
65	67695.0
66	67695.0
67	67695.0
68	67695.0
69	67695.0
70	14261.0
71	14261.0
72	14261.0
73	14261.0
74	14261.0
75	79297.0
76	79297.0
77	79297.0
78	79297.0
79	79297.0
80	68255.0
81	68255.0
82	68255.0
83	68255.0
84	68255.0
85	77287.0
86	77287.0
87	77287.0
88	77287.0
89	77287.0
90	9359.0
91	9359.0
92	9359.0
93	9359.0
94	9359.0
95	34274.0
96	34274.0
97	34274.0
98	34274.0
99	34274.0
100	28952.0
101	28952.0
102	28952.0
103	28952.0
104	28952.0
105	18392.0
106	18392.0
107	18392.0
108	18392.0
109	18392.0
110	73403.0
111	73403.0
112	73403.0
113	73403.0
114	73403.0
115	72416.0
116	72416.0
117	72416.0
118	72416.0
119	72416.0
120	74258.0
121	74258.0
122	74258.0
123	74258.0
124	74258.0
125	70883.0
126	70883.0
127	70883.0
128	70883.0
129	70883.0
130	37463.0
131	37463.0
132	37463.0
133	37463.0
134	37463.0
135	32123.0
136	32123.0
137	32123.0
138	32123.0
139	32123.0
140	30937.0
141	30937.0
142	30937.0
143	30937.0
144	30937.0
145	52649.0
146	52649.0
147	52649.0
148	52649.0
149	52649.0
150	19474.0
151	19474.0
152	19474.0
153	19474.0
154	19474.0
155	39344.0
156	39344.0
157	39344.0
158	39344.0
159	39344.0
160	61382.0
161	61382.0
162	61382.0
163	61382.0
164	61382.0
165	8268.0
166	8268.0
167	8268.0
168	8268.0
169	8268.0
170	67773.0
171	67773.0
172	67773.0
173	67773.0
174	67773.0
175	64782.0
176	64782.0
177	64782.0
178	64782.0
179	64782.0
180	54244.0
181	54244.0
182	54244.0
183	54244.0
184	54244.0
185	50762.0
186	50762.0
187	50762.0
188	50762.0
189	50762.0
190	4293.0
191	4293.0
192	4293.0
193	4293.0
194	4293.0
195	81138.0
196	81138.0
197	81138.0
198	81138.0
199	81138.0
200	60633.0
201	60633.0
202	60633.0
203	60633.0
204	60633.0
205	70019.0
206	70019.0
207	70019.0
208	70019.0
209	70019.0
210	56821.0
211	56821.0
212	56821.0
213	56821.0
214	56821.0
215	41374.0
216	41374.0
217	41374.0
218	41374.0
219	41374.0
220	3982.0
221	3982.0
222	3982.0
223	3982.0
224	3982.0
225	55702.0
226	55702.0
227	55702.0
228	55702.0
229	55702.0
230	1825.0
231	1825.0
232	1825.0
233	1825.0
234	1825.0
235	74203.0
236	74203.0
237	74203.0
238	74203.0
239	74203.0
240	1455.0
241	1455.0
242	1455.0
243	1455.0
244	1455.0
245	33017.0
246	33017.0
247	33017.0
248	33017.0
249	33017.0
