0	67477.0
1	67477.0
2	67477.0
3	67477.0
4	67477.0
5	513.0
6	513.0
7	513.0
8	513.0
9	513.0
10	6188.0
11	6188.0
12	6188.0
13	6188.0
14	6188.0
15	762.0
16	762.0
17	762.0
18	762.0
19	762.0
20	27077.0
21	27077.0
22	27077.0
23	27077.0
24	27077.0
25	3090.0
26	3090.0
27	3090.0
28	3090.0
29	3090.0
30	48578.0
31	48578.0
32	48578.0
33	48578.0
34	48578.0
35	24.0
36	24.0
37	24.0
38	24.0
39	24.0
40	43904.0
41	43904.0
42	43904.0
43	43904.0
44	43904.0
45	30916.0
46	30916.0
47	30916.0
48	30916.0
49	30916.0
50	62202.0
51	62202.0
52	62202.0
53	62202.0
54	62202.0
55	25660.0
56	25660.0
57	25660.0
58	25660.0
59	25660.0
60	31728.0
61	31728.0
62	31728.0
63	31728.0
64	31728.0
65	78652.0
66	78652.0
67	78652.0
68	78652.0
69	78652.0
70	17307.0
71	17307.0
72	17307.0
73	17307.0
74	17307.0
75	55291.0
76	55291.0
77	55291.0
78	55291.0
79	55291.0
80	34635.0
81	34635.0
82	34635.0
83	34635.0
84	34635.0
85	25342.0
86	25342.0
87	25342.0
88	25342.0
89	25342.0
90	56123.0
91	56123.0
92	56123.0
93	56123.0
94	56123.0
95	29107.0
96	29107.0
97	29107.0
98	29107.0
99	29107.0
100	71104.0
101	71104.0
102	71104.0
103	71104.0
104	71104.0
105	50923.0
106	50923.0
107	50923.0
108	50923.0
109	50923.0
110	1285.0
111	1285.0
112	1285.0
113	1285.0
114	1285.0
115	76862.0
116	76862.0
117	76862.0
118	76862.0
119	76862.0
120	15470.0
121	15470.0
122	15470.0
123	15470.0
124	15470.0
125	46173.0
126	46173.0
127	46173.0
128	46173.0
129	46173.0
130	69125.0
131	69125.0
132	69125.0
133	69125.0
134	69125.0
135	48286.0
136	48286.0
137	48286.0
138	48286.0
139	48286.0
140	41555.0
141	41555.0
142	41555.0
143	41555.0
144	41555.0
145	24042.0
146	24042.0
147	24042.0
148	24042.0
149	24042.0
150	10401.0
151	10401.0
152	10401.0
153	10401.0
154	10401.0
155	65041.0
156	65041.0
157	65041.0
158	65041.0
159	65041.0
160	32877.0
161	32877.0
162	32877.0
163	32877.0
164	32877.0
165	18682.0
166	18682.0
167	18682.0
168	18682.0
169	18682.0
170	19627.0
171	19627.0
172	19627.0
173	19627.0
174	19627.0
175	49799.0
176	49799.0
177	49799.0
178	49799.0
179	49799.0
180	61822.0
181	61822.0
182	61822.0
183	61822.0
184	61822.0
185	36008.0
186	36008.0
187	36008.0
188	36008.0
189	36008.0
190	75426.0
191	75426.0
192	75426.0
193	75426.0
194	75426.0
195	35787.0
196	35787.0
197	35787.0
198	35787.0
199	35787.0
200	30725.0
201	30725.0
202	30725.0
203	30725.0
204	30725.0
205	26939.0
206	26939.0
207	26939.0
208	26939.0
209	26939.0
210	21452.0
211	21452.0
212	21452.0
213	21452.0
214	21452.0
215	5683.0
216	5683.0
217	5683.0
218	5683.0
219	5683.0
220	62906.0
221	62906.0
222	62906.0
223	62906.0
224	62906.0
225	57662.0
226	57662.0
227	57662.0
228	57662.0
229	57662.0
230	54435.0
231	54435.0
232	54435.0
233	54435.0
234	54435.0
235	47165.0
236	47165.0
237	47165.0
238	47165.0
239	47165.0
240	1601.0
241	1601.0
242	1601.0
243	1601.0
244	1601.0
245	70135.0
246	70135.0
247	70135.0
248	70135.0
249	70135.0
