0	926.0
1	926.0
2	926.0
3	926.0
4	926.0
5	42552.0
6	42552.0
7	42552.0
8	42552.0
9	42552.0
10	46640.0
11	46640.0
12	46640.0
13	46640.0
14	46640.0
15	72844.0
16	72844.0
17	72844.0
18	72844.0
19	72844.0
20	35225.0
21	35225.0
22	35225.0
23	35225.0
24	35225.0
25	77142.0
26	77142.0
27	77142.0
28	77142.0
29	77142.0
30	40202.0
31	40202.0
32	40202.0
33	40202.0
34	40202.0
35	31296.0
36	31296.0
37	31296.0
38	31296.0
39	31296.0
40	68609.0
41	68609.0
42	68609.0
43	68609.0
44	68609.0
45	59118.0
46	59118.0
47	59118.0
48	59118.0
49	59118.0
50	46714.0
51	46714.0
52	46714.0
53	46714.0
54	46714.0
55	12814.0
56	12814.0
57	12814.0
58	12814.0
59	12814.0
60	62363.0
61	62363.0
62	62363.0
63	62363.0
64	62363.0
65	50222.0
66	50222.0
67	50222.0
68	50222.0
69	50222.0
70	65575.0
71	65575.0
72	65575.0
73	65575.0
74	65575.0
75	46891.0
76	46891.0
77	46891.0
78	46891.0
79	46891.0
80	33443.0
81	33443.0
82	33443.0
83	33443.0
84	33443.0
85	32176.0
86	32176.0
87	32176.0
88	32176.0
89	32176.0
90	30869.0
91	30869.0
92	30869.0
93	30869.0
94	30869.0
95	13047.0
96	13047.0
97	13047.0
98	13047.0
99	13047.0
100	65062.0
101	65062.0
102	65062.0
103	65062.0
104	65062.0
105	69842.0
106	69842.0
107	69842.0
108	69842.0
109	69842.0
110	3641.0
111	3641.0
112	3641.0
113	3641.0
114	3641.0
115	59574.0
116	59574.0
117	59574.0
118	59574.0
119	59574.0
120	77978.0
121	77978.0
122	77978.0
123	77978.0
124	77978.0
125	49105.0
126	49105.0
127	49105.0
128	49105.0
129	49105.0
130	41173.0
131	41173.0
132	41173.0
133	41173.0
134	41173.0
135	19291.0
136	19291.0
137	19291.0
138	19291.0
139	19291.0
140	61895.0
141	61895.0
142	61895.0
143	61895.0
144	61895.0
145	5745.0
146	5745.0
147	5745.0
148	5745.0
149	5745.0
150	17050.0
151	17050.0
152	17050.0
153	17050.0
154	17050.0
155	54433.0
156	54433.0
157	54433.0
158	54433.0
159	54433.0
160	3792.0
161	3792.0
162	3792.0
163	3792.0
164	3792.0
165	63582.0
166	63582.0
167	63582.0
168	63582.0
169	63582.0
170	46573.0
171	46573.0
172	46573.0
173	46573.0
174	46573.0
175	2952.0
176	2952.0
177	2952.0
178	2952.0
179	2952.0
180	79942.0
181	79942.0
182	79942.0
183	79942.0
184	79942.0
185	16872.0
186	16872.0
187	16872.0
188	16872.0
189	16872.0
190	75110.0
191	75110.0
192	75110.0
193	75110.0
194	75110.0
195	37122.0
196	37122.0
197	37122.0
198	37122.0
199	37122.0
200	14306.0
201	14306.0
202	14306.0
203	14306.0
204	14306.0
205	46104.0
206	46104.0
207	46104.0
208	46104.0
209	46104.0
210	60612.0
211	60612.0
212	60612.0
213	60612.0
214	60612.0
215	58106.0
216	58106.0
217	58106.0
218	58106.0
219	58106.0
220	48677.0
221	48677.0
222	48677.0
223	48677.0
224	48677.0
225	23925.0
226	23925.0
227	23925.0
228	23925.0
229	23925.0
230	59781.0
231	59781.0
232	59781.0
233	59781.0
234	59781.0
235	9577.0
236	9577.0
237	9577.0
238	9577.0
239	9577.0
240	14395.0
241	14395.0
242	14395.0
243	14395.0
244	14395.0
245	28681.0
246	28681.0
247	28681.0
248	28681.0
249	28681.0
