0	53419.0
1	53419.0
2	53419.0
3	53419.0
4	53419.0
5	39489.0
6	39489.0
7	39489.0
8	39489.0
9	39489.0
10	37195.0
11	37195.0
12	37195.0
13	37195.0
14	37195.0
15	14364.0
16	14364.0
17	14364.0
18	14364.0
19	14364.0
20	60723.0
21	60723.0
22	60723.0
23	60723.0
24	60723.0
25	1936.0
26	1936.0
27	1936.0
28	1936.0
29	1936.0
30	45501.0
31	45501.0
32	45501.0
33	45501.0
34	45501.0
35	40047.0
36	40047.0
37	40047.0
38	40047.0
39	40047.0
40	47510.0
41	47510.0
42	47510.0
43	47510.0
44	47510.0
45	23774.0
46	23774.0
47	23774.0
48	23774.0
49	23774.0
50	15177.0
51	15177.0
52	15177.0
53	15177.0
54	15177.0
55	50173.0
56	50173.0
57	50173.0
58	50173.0
59	50173.0
60	60549.0
61	60549.0
62	60549.0
63	60549.0
64	60549.0
65	81083.0
66	81083.0
67	81083.0
68	81083.0
69	81083.0
70	57699.0
71	57699.0
72	57699.0
73	57699.0
74	57699.0
75	66267.0
76	66267.0
77	66267.0
78	66267.0
79	66267.0
80	26717.0
81	26717.0
82	26717.0
83	26717.0
84	26717.0
85	19852.0
86	19852.0
87	19852.0
88	19852.0
89	19852.0
90	28399.0
91	28399.0
92	28399.0
93	28399.0
94	28399.0
95	62642.0
96	62642.0
97	62642.0
98	62642.0
99	62642.0
100	83432.0
101	83432.0
102	83432.0
103	83432.0
104	83432.0
105	73524.0
106	73524.0
107	73524.0
108	73524.0
109	73524.0
110	14885.0
111	14885.0
112	14885.0
113	14885.0
114	14885.0
115	15143.0
116	15143.0
117	15143.0
118	15143.0
119	15143.0
120	71570.0
121	71570.0
122	71570.0
123	71570.0
124	71570.0
125	30733.0
126	30733.0
127	30733.0
128	30733.0
129	30733.0
130	66736.0
131	66736.0
132	66736.0
133	66736.0
134	66736.0
135	74641.0
136	74641.0
137	74641.0
138	74641.0
139	74641.0
140	12600.0
141	12600.0
142	12600.0
143	12600.0
144	12600.0
145	49193.0
146	49193.0
147	49193.0
148	49193.0
149	49193.0
150	77401.0
151	77401.0
152	77401.0
153	77401.0
154	77401.0
155	39276.0
156	39276.0
157	39276.0
158	39276.0
159	39276.0
160	70060.0
161	70060.0
162	70060.0
163	70060.0
164	70060.0
165	16906.0
166	16906.0
167	16906.0
168	16906.0
169	16906.0
170	42794.0
171	42794.0
172	42794.0
173	42794.0
174	42794.0
175	29436.0
176	29436.0
177	29436.0
178	29436.0
179	29436.0
180	38362.0
181	38362.0
182	38362.0
183	38362.0
184	38362.0
185	61382.0
186	61382.0
187	61382.0
188	61382.0
189	61382.0
190	61903.0
191	61903.0
192	61903.0
193	61903.0
194	61903.0
195	59178.0
196	59178.0
197	59178.0
198	59178.0
199	59178.0
200	32100.0
201	32100.0
202	32100.0
203	32100.0
204	32100.0
205	49307.0
206	49307.0
207	49307.0
208	49307.0
209	49307.0
210	47235.0
211	47235.0
212	47235.0
213	47235.0
214	47235.0
215	54062.0
216	54062.0
217	54062.0
218	54062.0
219	54062.0
220	78835.0
221	78835.0
222	78835.0
223	78835.0
224	78835.0
225	72409.0
226	72409.0
227	72409.0
228	72409.0
229	72409.0
230	52947.0
231	52947.0
232	52947.0
233	52947.0
234	52947.0
235	23588.0
236	23588.0
237	23588.0
238	23588.0
239	23588.0
240	10905.0
241	10905.0
242	10905.0
243	10905.0
244	10905.0
245	16865.0
246	16865.0
247	16865.0
248	16865.0
249	16865.0
