0	587996.0
1	587996.0
2	587996.0
3	587996.0
4	587996.0
5	447001.0
6	447001.0
7	447001.0
8	447001.0
9	447001.0
10	378167.0
11	378167.0
12	378167.0
13	378167.0
14	378167.0
15	382463.0
16	382463.0
17	382463.0
18	382463.0
19	382463.0
20	155068.0
21	155068.0
22	155068.0
23	155068.0
24	155068.0
25	377230.0
26	377230.0
27	377230.0
28	377230.0
29	377230.0
30	99368.0
31	99368.0
32	99368.0
33	99368.0
34	99368.0
35	235028.0
36	235028.0
37	235028.0
38	235028.0
39	235028.0
40	226067.0
41	226067.0
42	226067.0
43	226067.0
44	226067.0
45	447277.0
46	447277.0
47	447277.0
48	447277.0
49	447277.0
50	295449.0
51	295449.0
52	295449.0
53	295449.0
54	295449.0
55	147896.0
56	147896.0
57	147896.0
58	147896.0
59	147896.0
60	512939.0
61	512939.0
62	512939.0
63	512939.0
64	512939.0
65	220957.0
66	220957.0
67	220957.0
68	220957.0
69	220957.0
70	514757.0
71	514757.0
72	514757.0
73	514757.0
74	514757.0
75	43183.0
76	43183.0
77	43183.0
78	43183.0
79	43183.0
80	215459.0
81	215459.0
82	215459.0
83	215459.0
84	215459.0
85	201078.0
86	201078.0
87	201078.0
88	201078.0
89	201078.0
90	169778.0
91	169778.0
92	169778.0
93	169778.0
94	169778.0
95	104528.0
96	104528.0
97	104528.0
98	104528.0
99	104528.0
100	266582.0
101	266582.0
102	266582.0
103	266582.0
104	266582.0
105	225068.0
106	225068.0
107	225068.0
108	225068.0
109	225068.0
110	282022.0
111	282022.0
112	282022.0
113	282022.0
114	282022.0
115	161987.0
116	161987.0
117	161987.0
118	161987.0
119	161987.0
120	449180.0
121	449180.0
122	449180.0
123	449180.0
124	449180.0
125	438961.0
126	438961.0
127	438961.0
128	438961.0
129	438961.0
130	580507.0
131	580507.0
132	580507.0
133	580507.0
134	580507.0
135	284883.0
136	284883.0
137	284883.0
138	284883.0
139	284883.0
140	151821.0
141	151821.0
142	151821.0
143	151821.0
144	151821.0
145	171100.0
146	171100.0
147	171100.0
148	171100.0
149	171100.0
150	342571.0
151	342571.0
152	342571.0
153	342571.0
154	342571.0
155	477462.0
156	477462.0
157	477462.0
158	477462.0
159	477462.0
160	83140.0
161	83140.0
162	83140.0
163	83140.0
164	83140.0
165	234531.0
166	234531.0
167	234531.0
168	234531.0
169	234531.0
170	600206.0
171	600206.0
172	600206.0
173	600206.0
174	600206.0
175	452317.0
176	452317.0
177	452317.0
178	452317.0
179	452317.0
180	479445.0
181	479445.0
182	479445.0
183	479445.0
184	479445.0
185	324358.0
186	324358.0
187	324358.0
188	324358.0
189	324358.0
190	14195.0
191	14195.0
192	14195.0
193	14195.0
194	14195.0
195	566934.0
196	566934.0
197	566934.0
198	566934.0
199	566934.0
200	312486.0
201	312486.0
202	312486.0
203	312486.0
204	312486.0
205	171396.0
206	171396.0
207	171396.0
208	171396.0
209	171396.0
210	35462.0
211	35462.0
212	35462.0
213	35462.0
214	35462.0
215	427695.0
216	427695.0
217	427695.0
218	427695.0
219	427695.0
220	40876.0
221	40876.0
222	40876.0
223	40876.0
224	40876.0
225	589621.0
226	589621.0
227	589621.0
228	589621.0
229	589621.0
230	80398.0
231	80398.0
232	80398.0
233	80398.0
234	80398.0
235	338786.0
236	338786.0
237	338786.0
238	338786.0
239	338786.0
240	94931.0
241	94931.0
242	94931.0
243	94931.0
244	94931.0
245	196378.0
246	196378.0
247	196378.0
248	196378.0
249	196378.0
