0	490276.0
1	490276.0
2	490276.0
3	490276.0
4	490276.0
5	121567.0
6	121567.0
7	121567.0
8	121567.0
9	121567.0
10	41607.0
11	41607.0
12	41607.0
13	41607.0
14	41607.0
15	349267.0
16	349267.0
17	349267.0
18	349267.0
19	349267.0
20	263450.0
21	263450.0
22	263450.0
23	263450.0
24	263450.0
25	242749.0
26	242749.0
27	242749.0
28	242749.0
29	242749.0
30	542485.0
31	542485.0
32	542485.0
33	542485.0
34	542485.0
35	448453.0
36	448453.0
37	448453.0
38	448453.0
39	448453.0
40	43738.0
41	43738.0
42	43738.0
43	43738.0
44	43738.0
45	397031.0
46	397031.0
47	397031.0
48	397031.0
49	397031.0
50	244085.0
51	244085.0
52	244085.0
53	244085.0
54	244085.0
55	546573.0
56	546573.0
57	546573.0
58	546573.0
59	546573.0
60	364758.0
61	364758.0
62	364758.0
63	364758.0
64	364758.0
65	528587.0
66	528587.0
67	528587.0
68	528587.0
69	528587.0
70	437551.0
71	437551.0
72	437551.0
73	437551.0
74	437551.0
75	257015.0
76	257015.0
77	257015.0
78	257015.0
79	257015.0
80	205893.0
81	205893.0
82	205893.0
83	205893.0
84	205893.0
85	482145.0
86	482145.0
87	482145.0
88	482145.0
89	482145.0
90	509920.0
91	509920.0
92	509920.0
93	509920.0
94	509920.0
95	39869.0
96	39869.0
97	39869.0
98	39869.0
99	39869.0
100	244498.0
101	244498.0
102	244498.0
103	244498.0
104	244498.0
105	256335.0
106	256335.0
107	256335.0
108	256335.0
109	256335.0
110	490374.0
111	490374.0
112	490374.0
113	490374.0
114	490374.0
115	95141.0
116	95141.0
117	95141.0
118	95141.0
119	95141.0
120	171804.0
121	171804.0
122	171804.0
123	171804.0
124	171804.0
125	496731.0
126	496731.0
127	496731.0
128	496731.0
129	496731.0
130	159635.0
131	159635.0
132	159635.0
133	159635.0
134	159635.0
135	118192.0
136	118192.0
137	118192.0
138	118192.0
139	118192.0
140	357528.0
141	357528.0
142	357528.0
143	357528.0
144	357528.0
145	380367.0
146	380367.0
147	380367.0
148	380367.0
149	380367.0
150	547322.0
151	547322.0
152	547322.0
153	547322.0
154	547322.0
155	30646.0
156	30646.0
157	30646.0
158	30646.0
159	30646.0
160	116358.0
161	116358.0
162	116358.0
163	116358.0
164	116358.0
165	342152.0
166	342152.0
167	342152.0
168	342152.0
169	342152.0
170	32668.0
171	32668.0
172	32668.0
173	32668.0
174	32668.0
175	62786.0
176	62786.0
177	62786.0
178	62786.0
179	62786.0
180	576781.0
181	576781.0
182	576781.0
183	576781.0
184	576781.0
185	43621.0
186	43621.0
187	43621.0
188	43621.0
189	43621.0
190	545196.0
191	545196.0
192	545196.0
193	545196.0
194	545196.0
195	126757.0
196	126757.0
197	126757.0
198	126757.0
199	126757.0
200	309408.0
201	309408.0
202	309408.0
203	309408.0
204	309408.0
205	421395.0
206	421395.0
207	421395.0
208	421395.0
209	421395.0
210	273644.0
211	273644.0
212	273644.0
213	273644.0
214	273644.0
215	592902.0
216	592902.0
217	592902.0
218	592902.0
219	592902.0
220	500177.0
221	500177.0
222	500177.0
223	500177.0
224	500177.0
225	227705.0
226	227705.0
227	227705.0
228	227705.0
229	227705.0
230	219917.0
231	219917.0
232	219917.0
233	219917.0
234	219917.0
235	588039.0
236	588039.0
237	588039.0
238	588039.0
239	588039.0
240	222070.0
241	222070.0
242	222070.0
243	222070.0
244	222070.0
245	30802.0
246	30802.0
247	30802.0
248	30802.0
249	30802.0
