0	553581.0
1	553581.0
2	553581.0
3	553581.0
4	553581.0
5	164445.0
6	164445.0
7	164445.0
8	164445.0
9	164445.0
10	121093.0
11	121093.0
12	121093.0
13	121093.0
14	121093.0
15	415575.0
16	415575.0
17	415575.0
18	415575.0
19	415575.0
20	159464.0
21	159464.0
22	159464.0
23	159464.0
24	159464.0
25	505308.0
26	505308.0
27	505308.0
28	505308.0
29	505308.0
30	178100.0
31	178100.0
32	178100.0
33	178100.0
34	178100.0
35	198294.0
36	198294.0
37	198294.0
38	198294.0
39	198294.0
40	321056.0
41	321056.0
42	321056.0
43	321056.0
44	321056.0
45	315598.0
46	315598.0
47	315598.0
48	315598.0
49	315598.0
50	10765.0
51	10765.0
52	10765.0
53	10765.0
54	10765.0
55	575167.0
56	575167.0
57	575167.0
58	575167.0
59	575167.0
60	196072.0
61	196072.0
62	196072.0
63	196072.0
64	196072.0
65	441659.0
66	441659.0
67	441659.0
68	441659.0
69	441659.0
70	332374.0
71	332374.0
72	332374.0
73	332374.0
74	332374.0
75	216239.0
76	216239.0
77	216239.0
78	216239.0
79	216239.0
80	246215.0
81	246215.0
82	246215.0
83	246215.0
84	246215.0
85	39476.0
86	39476.0
87	39476.0
88	39476.0
89	39476.0
90	568770.0
91	568770.0
92	568770.0
93	568770.0
94	568770.0
95	180141.0
96	180141.0
97	180141.0
98	180141.0
99	180141.0
100	451882.0
101	451882.0
102	451882.0
103	451882.0
104	451882.0
105	595865.0
106	595865.0
107	595865.0
108	595865.0
109	595865.0
110	211251.0
111	211251.0
112	211251.0
113	211251.0
114	211251.0
115	359798.0
116	359798.0
117	359798.0
118	359798.0
119	359798.0
120	565677.0
121	565677.0
122	565677.0
123	565677.0
124	565677.0
125	92409.0
126	92409.0
127	92409.0
128	92409.0
129	92409.0
130	543621.0
131	543621.0
132	543621.0
133	543621.0
134	543621.0
135	299980.0
136	299980.0
137	299980.0
138	299980.0
139	299980.0
140	561595.0
141	561595.0
142	561595.0
143	561595.0
144	561595.0
145	46139.0
146	46139.0
147	46139.0
148	46139.0
149	46139.0
150	546973.0
151	546973.0
152	546973.0
153	546973.0
154	546973.0
155	543430.0
156	543430.0
157	543430.0
158	543430.0
159	543430.0
160	264954.0
161	264954.0
162	264954.0
163	264954.0
164	264954.0
165	453880.0
166	453880.0
167	453880.0
168	453880.0
169	453880.0
170	489470.0
171	489470.0
172	489470.0
173	489470.0
174	489470.0
175	197601.0
176	197601.0
177	197601.0
178	197601.0
179	197601.0
180	209678.0
181	209678.0
182	209678.0
183	209678.0
184	209678.0
185	172832.0
186	172832.0
187	172832.0
188	172832.0
189	172832.0
190	196274.0
191	196274.0
192	196274.0
193	196274.0
194	196274.0
195	405746.0
196	405746.0
197	405746.0
198	405746.0
199	405746.0
200	328644.0
201	328644.0
202	328644.0
203	328644.0
204	328644.0
205	550241.0
206	550241.0
207	550241.0
208	550241.0
209	550241.0
210	167880.0
211	167880.0
212	167880.0
213	167880.0
214	167880.0
215	47230.0
216	47230.0
217	47230.0
218	47230.0
219	47230.0
220	561457.0
221	561457.0
222	561457.0
223	561457.0
224	561457.0
225	211189.0
226	211189.0
227	211189.0
228	211189.0
229	211189.0
230	554170.0
231	554170.0
232	554170.0
233	554170.0
234	554170.0
235	561908.0
236	561908.0
237	561908.0
238	561908.0
239	561908.0
240	148302.0
241	148302.0
242	148302.0
243	148302.0
244	148302.0
245	300092.0
246	300092.0
247	300092.0
248	300092.0
249	300092.0
