0	139878.0
1	139878.0
2	139878.0
3	139878.0
4	139878.0
5	243818.0
6	243818.0
7	243818.0
8	243818.0
9	243818.0
10	61951.0
11	61951.0
12	61951.0
13	61951.0
14	61951.0
15	127034.0
16	127034.0
17	127034.0
18	127034.0
19	127034.0
20	459256.0
21	459256.0
22	459256.0
23	459256.0
24	459256.0
25	58354.0
26	58354.0
27	58354.0
28	58354.0
29	58354.0
30	376175.0
31	376175.0
32	376175.0
33	376175.0
34	376175.0
35	263864.0
36	263864.0
37	263864.0
38	263864.0
39	263864.0
40	156898.0
41	156898.0
42	156898.0
43	156898.0
44	156898.0
45	51588.0
46	51588.0
47	51588.0
48	51588.0
49	51588.0
50	225359.0
51	225359.0
52	225359.0
53	225359.0
54	225359.0
55	362980.0
56	362980.0
57	362980.0
58	362980.0
59	362980.0
60	427968.0
61	427968.0
62	427968.0
63	427968.0
64	427968.0
65	6144.0
66	6144.0
67	6144.0
68	6144.0
69	6144.0
70	226559.0
71	226559.0
72	226559.0
73	226559.0
74	226559.0
75	104214.0
76	104214.0
77	104214.0
78	104214.0
79	104214.0
80	431479.0
81	431479.0
82	431479.0
83	431479.0
84	431479.0
85	50833.0
86	50833.0
87	50833.0
88	50833.0
89	50833.0
90	479084.0
91	479084.0
92	479084.0
93	479084.0
94	479084.0
95	226585.0
96	226585.0
97	226585.0
98	226585.0
99	226585.0
100	328674.0
101	328674.0
102	328674.0
103	328674.0
104	328674.0
105	171157.0
106	171157.0
107	171157.0
108	171157.0
109	171157.0
110	235360.0
111	235360.0
112	235360.0
113	235360.0
114	235360.0
115	369120.0
116	369120.0
117	369120.0
118	369120.0
119	369120.0
120	367087.0
121	367087.0
122	367087.0
123	367087.0
124	367087.0
125	368652.0
126	368652.0
127	368652.0
128	368652.0
129	368652.0
130	82773.0
131	82773.0
132	82773.0
133	82773.0
134	82773.0
135	173486.0
136	173486.0
137	173486.0
138	173486.0
139	173486.0
140	483808.0
141	483808.0
142	483808.0
143	483808.0
144	483808.0
145	391242.0
146	391242.0
147	391242.0
148	391242.0
149	391242.0
150	334442.0
151	334442.0
152	334442.0
153	334442.0
154	334442.0
155	426870.0
156	426870.0
157	426870.0
158	426870.0
159	426870.0
160	31753.0
161	31753.0
162	31753.0
163	31753.0
164	31753.0
165	166540.0
166	166540.0
167	166540.0
168	166540.0
169	166540.0
170	234649.0
171	234649.0
172	234649.0
173	234649.0
174	234649.0
175	241355.0
176	241355.0
177	241355.0
178	241355.0
179	241355.0
180	311560.0
181	311560.0
182	311560.0
183	311560.0
184	311560.0
185	200496.0
186	200496.0
187	200496.0
188	200496.0
189	200496.0
190	51152.0
191	51152.0
192	51152.0
193	51152.0
194	51152.0
195	418622.0
196	418622.0
197	418622.0
198	418622.0
199	418622.0
200	386003.0
201	386003.0
202	386003.0
203	386003.0
204	386003.0
205	180871.0
206	180871.0
207	180871.0
208	180871.0
209	180871.0
210	431505.0
211	431505.0
212	431505.0
213	431505.0
214	431505.0
215	37820.0
216	37820.0
217	37820.0
218	37820.0
219	37820.0
220	421465.0
221	421465.0
222	421465.0
223	421465.0
224	421465.0
225	252009.0
226	252009.0
227	252009.0
228	252009.0
229	252009.0
230	199917.0
231	199917.0
232	199917.0
233	199917.0
234	199917.0
235	109072.0
236	109072.0
237	109072.0
238	109072.0
239	109072.0
240	151018.0
241	151018.0
242	151018.0
243	151018.0
244	151018.0
245	139868.0
246	139868.0
247	139868.0
248	139868.0
249	139868.0
