0	366949.0
1	366949.0
2	366949.0
3	366949.0
4	366949.0
5	110401.0
6	110401.0
7	110401.0
8	110401.0
9	110401.0
10	268580.0
11	268580.0
12	268580.0
13	268580.0
14	268580.0
15	246209.0
16	246209.0
17	246209.0
18	246209.0
19	246209.0
20	13116.0
21	13116.0
22	13116.0
23	13116.0
24	13116.0
25	275425.0
26	275425.0
27	275425.0
28	275425.0
29	275425.0
30	258319.0
31	258319.0
32	258319.0
33	258319.0
34	258319.0
35	342600.0
36	342600.0
37	342600.0
38	342600.0
39	342600.0
40	6945.0
41	6945.0
42	6945.0
43	6945.0
44	6945.0
45	155018.0
46	155018.0
47	155018.0
48	155018.0
49	155018.0
50	134453.0
51	134453.0
52	134453.0
53	134453.0
54	134453.0
55	184542.0
56	184542.0
57	184542.0
58	184542.0
59	184542.0
60	398357.0
61	398357.0
62	398357.0
63	398357.0
64	398357.0
65	282583.0
66	282583.0
67	282583.0
68	282583.0
69	282583.0
70	437297.0
71	437297.0
72	437297.0
73	437297.0
74	437297.0
75	132511.0
76	132511.0
77	132511.0
78	132511.0
79	132511.0
80	350330.0
81	350330.0
82	350330.0
83	350330.0
84	350330.0
85	29987.0
86	29987.0
87	29987.0
88	29987.0
89	29987.0
90	261084.0
91	261084.0
92	261084.0
93	261084.0
94	261084.0
95	318736.0
96	318736.0
97	318736.0
98	318736.0
99	318736.0
100	40350.0
101	40350.0
102	40350.0
103	40350.0
104	40350.0
105	431964.0
106	431964.0
107	431964.0
108	431964.0
109	431964.0
110	212668.0
111	212668.0
112	212668.0
113	212668.0
114	212668.0
115	399419.0
116	399419.0
117	399419.0
118	399419.0
119	399419.0
120	25196.0
121	25196.0
122	25196.0
123	25196.0
124	25196.0
125	417997.0
126	417997.0
127	417997.0
128	417997.0
129	417997.0
130	172111.0
131	172111.0
132	172111.0
133	172111.0
134	172111.0
135	309564.0
136	309564.0
137	309564.0
138	309564.0
139	309564.0
140	405544.0
141	405544.0
142	405544.0
143	405544.0
144	405544.0
145	432619.0
146	432619.0
147	432619.0
148	432619.0
149	432619.0
150	474496.0
151	474496.0
152	474496.0
153	474496.0
154	474496.0
155	208354.0
156	208354.0
157	208354.0
158	208354.0
159	208354.0
160	412145.0
161	412145.0
162	412145.0
163	412145.0
164	412145.0
165	264805.0
166	264805.0
167	264805.0
168	264805.0
169	264805.0
170	186382.0
171	186382.0
172	186382.0
173	186382.0
174	186382.0
175	414180.0
176	414180.0
177	414180.0
178	414180.0
179	414180.0
180	11647.0
181	11647.0
182	11647.0
183	11647.0
184	11647.0
185	46321.0
186	46321.0
187	46321.0
188	46321.0
189	46321.0
190	190262.0
191	190262.0
192	190262.0
193	190262.0
194	190262.0
195	326452.0
196	326452.0
197	326452.0
198	326452.0
199	326452.0
200	465519.0
201	465519.0
202	465519.0
203	465519.0
204	465519.0
205	335644.0
206	335644.0
207	335644.0
208	335644.0
209	335644.0
210	128687.0
211	128687.0
212	128687.0
213	128687.0
214	128687.0
215	63912.0
216	63912.0
217	63912.0
218	63912.0
219	63912.0
220	60852.0
221	60852.0
222	60852.0
223	60852.0
224	60852.0
225	9335.0
226	9335.0
227	9335.0
228	9335.0
229	9335.0
230	297273.0
231	297273.0
232	297273.0
233	297273.0
234	297273.0
235	471844.0
236	471844.0
237	471844.0
238	471844.0
239	471844.0
240	302937.0
241	302937.0
242	302937.0
243	302937.0
244	302937.0
245	187478.0
246	187478.0
247	187478.0
248	187478.0
249	187478.0
