0	187307.0
1	187307.0
2	187307.0
3	187307.0
4	187307.0
5	434629.0
6	434629.0
7	434629.0
8	434629.0
9	434629.0
10	246079.0
11	246079.0
12	246079.0
13	246079.0
14	246079.0
15	245151.0
16	245151.0
17	245151.0
18	245151.0
19	245151.0
20	264509.0
21	264509.0
22	264509.0
23	264509.0
24	264509.0
25	93535.0
26	93535.0
27	93535.0
28	93535.0
29	93535.0
30	446237.0
31	446237.0
32	446237.0
33	446237.0
34	446237.0
35	204754.0
36	204754.0
37	204754.0
38	204754.0
39	204754.0
40	326942.0
41	326942.0
42	326942.0
43	326942.0
44	326942.0
45	419766.0
46	419766.0
47	419766.0
48	419766.0
49	419766.0
50	31073.0
51	31073.0
52	31073.0
53	31073.0
54	31073.0
55	96828.0
56	96828.0
57	96828.0
58	96828.0
59	96828.0
60	401264.0
61	401264.0
62	401264.0
63	401264.0
64	401264.0
65	112086.0
66	112086.0
67	112086.0
68	112086.0
69	112086.0
70	444523.0
71	444523.0
72	444523.0
73	444523.0
74	444523.0
75	281795.0
76	281795.0
77	281795.0
78	281795.0
79	281795.0
80	363783.0
81	363783.0
82	363783.0
83	363783.0
84	363783.0
85	299330.0
86	299330.0
87	299330.0
88	299330.0
89	299330.0
90	127291.0
91	127291.0
92	127291.0
93	127291.0
94	127291.0
95	405988.0
96	405988.0
97	405988.0
98	405988.0
99	405988.0
100	10567.0
101	10567.0
102	10567.0
103	10567.0
104	10567.0
105	476419.0
106	476419.0
107	476419.0
108	476419.0
109	476419.0
110	127365.0
111	127365.0
112	127365.0
113	127365.0
114	127365.0
115	358672.0
116	358672.0
117	358672.0
118	358672.0
119	358672.0
120	133990.0
121	133990.0
122	133990.0
123	133990.0
124	133990.0
125	174166.0
126	174166.0
127	174166.0
128	174166.0
129	174166.0
130	383653.0
131	383653.0
132	383653.0
133	383653.0
134	383653.0
135	58302.0
136	58302.0
137	58302.0
138	58302.0
139	58302.0
140	269784.0
141	269784.0
142	269784.0
143	269784.0
144	269784.0
145	157618.0
146	157618.0
147	157618.0
148	157618.0
149	157618.0
150	198407.0
151	198407.0
152	198407.0
153	198407.0
154	198407.0
155	18382.0
156	18382.0
157	18382.0
158	18382.0
159	18382.0
160	76330.0
161	76330.0
162	76330.0
163	76330.0
164	76330.0
165	116090.0
166	116090.0
167	116090.0
168	116090.0
169	116090.0
170	19794.0
171	19794.0
172	19794.0
173	19794.0
174	19794.0
175	17301.0
176	17301.0
177	17301.0
178	17301.0
179	17301.0
180	437463.0
181	437463.0
182	437463.0
183	437463.0
184	437463.0
185	16961.0
186	16961.0
187	16961.0
188	16961.0
189	16961.0
190	133910.0
191	133910.0
192	133910.0
193	133910.0
194	133910.0
195	182104.0
196	182104.0
197	182104.0
198	182104.0
199	182104.0
200	351075.0
201	351075.0
202	351075.0
203	351075.0
204	351075.0
205	166967.0
206	166967.0
207	166967.0
208	166967.0
209	166967.0
210	303999.0
211	303999.0
212	303999.0
213	303999.0
214	303999.0
215	323700.0
216	323700.0
217	323700.0
218	323700.0
219	323700.0
220	483326.0
221	483326.0
222	483326.0
223	483326.0
224	483326.0
225	467798.0
226	467798.0
227	467798.0
228	467798.0
229	467798.0
230	161720.0
231	161720.0
232	161720.0
233	161720.0
234	161720.0
235	362488.0
236	362488.0
237	362488.0
238	362488.0
239	362488.0
240	459478.0
241	459478.0
242	459478.0
243	459478.0
244	459478.0
245	430125.0
246	430125.0
247	430125.0
248	430125.0
249	430125.0
