0	872617.0
1	872617.0
2	872617.0
3	872617.0
4	872617.0
5	446661.0
6	446661.0
7	446661.0
8	446661.0
9	446661.0
10	610470.0
11	610470.0
12	610470.0
13	610470.0
14	610470.0
15	323517.0
16	323517.0
17	323517.0
18	323517.0
19	323517.0
20	187677.0
21	187677.0
22	187677.0
23	187677.0
24	187677.0
25	518015.0
26	518015.0
27	518015.0
28	518015.0
29	518015.0
30	64462.0
31	64462.0
32	64462.0
33	64462.0
34	64462.0
35	564909.0
36	564909.0
37	564909.0
38	564909.0
39	564909.0
40	157247.0
41	157247.0
42	157247.0
43	157247.0
44	157247.0
45	79664.0
46	79664.0
47	79664.0
48	79664.0
49	79664.0
50	327425.0
51	327425.0
52	327425.0
53	327425.0
54	327425.0
55	659257.0
56	659257.0
57	659257.0
58	659257.0
59	659257.0
60	601944.0
61	601944.0
62	601944.0
63	601944.0
64	601944.0
65	888065.0
66	888065.0
67	888065.0
68	888065.0
69	888065.0
70	137382.0
71	137382.0
72	137382.0
73	137382.0
74	137382.0
75	509772.0
76	509772.0
77	509772.0
78	509772.0
79	509772.0
80	96752.0
81	96752.0
82	96752.0
83	96752.0
84	96752.0
85	14530.0
86	14530.0
87	14530.0
88	14530.0
89	14530.0
90	150072.0
91	150072.0
92	150072.0
93	150072.0
94	150072.0
95	877845.0
96	877845.0
97	877845.0
98	877845.0
99	877845.0
100	884541.0
101	884541.0
102	884541.0
103	884541.0
104	884541.0
105	363338.0
106	363338.0
107	363338.0
108	363338.0
109	363338.0
110	870450.0
111	870450.0
112	870450.0
113	870450.0
114	870450.0
115	655019.0
116	655019.0
117	655019.0
118	655019.0
119	655019.0
120	263706.0
121	263706.0
122	263706.0
123	263706.0
124	263706.0
125	821809.0
126	821809.0
127	821809.0
128	821809.0
129	821809.0
130	847189.0
131	847189.0
132	847189.0
133	847189.0
134	847189.0
135	853048.0
136	853048.0
137	853048.0
138	853048.0
139	853048.0
140	326964.0
141	326964.0
142	326964.0
143	326964.0
144	326964.0
145	297035.0
146	297035.0
147	297035.0
148	297035.0
149	297035.0
150	651446.0
151	651446.0
152	651446.0
153	651446.0
154	651446.0
155	68659.0
156	68659.0
157	68659.0
158	68659.0
159	68659.0
160	172852.0
161	172852.0
162	172852.0
163	172852.0
164	172852.0
165	352467.0
166	352467.0
167	352467.0
168	352467.0
169	352467.0
170	794626.0
171	794626.0
172	794626.0
173	794626.0
174	794626.0
175	342102.0
176	342102.0
177	342102.0
178	342102.0
179	342102.0
180	294325.0
181	294325.0
182	294325.0
183	294325.0
184	294325.0
185	69540.0
186	69540.0
187	69540.0
188	69540.0
189	69540.0
190	412014.0
191	412014.0
192	412014.0
193	412014.0
194	412014.0
195	892089.0
196	892089.0
197	892089.0
198	892089.0
199	892089.0
200	544902.0
201	544902.0
202	544902.0
203	544902.0
204	544902.0
205	538030.0
206	538030.0
207	538030.0
208	538030.0
209	538030.0
210	246886.0
211	246886.0
212	246886.0
213	246886.0
214	246886.0
215	264973.0
216	264973.0
217	264973.0
218	264973.0
219	264973.0
220	670294.0
221	670294.0
222	670294.0
223	670294.0
224	670294.0
225	323511.0
226	323511.0
227	323511.0
228	323511.0
229	323511.0
230	367565.0
231	367565.0
232	367565.0
233	367565.0
234	367565.0
235	42326.0
236	42326.0
237	42326.0
238	42326.0
239	42326.0
240	45763.0
241	45763.0
242	45763.0
243	45763.0
244	45763.0
245	430735.0
246	430735.0
247	430735.0
248	430735.0
249	430735.0
