0	511033.0
1	511033.0
2	511033.0
3	511033.0
4	511033.0
5	773140.0
6	773140.0
7	773140.0
8	773140.0
9	773140.0
10	144013.0
11	144013.0
12	144013.0
13	144013.0
14	144013.0
15	141391.0
16	141391.0
17	141391.0
18	141391.0
19	141391.0
20	281974.0
21	281974.0
22	281974.0
23	281974.0
24	281974.0
25	735432.0
26	735432.0
27	735432.0
28	735432.0
29	735432.0
30	166877.0
31	166877.0
32	166877.0
33	166877.0
34	166877.0
35	745128.0
36	745128.0
37	745128.0
38	745128.0
39	745128.0
40	545843.0
41	545843.0
42	545843.0
43	545843.0
44	545843.0
45	748501.0
46	748501.0
47	748501.0
48	748501.0
49	748501.0
50	302066.0
51	302066.0
52	302066.0
53	302066.0
54	302066.0
55	269206.0
56	269206.0
57	269206.0
58	269206.0
59	269206.0
60	474534.0
61	474534.0
62	474534.0
63	474534.0
64	474534.0
65	432668.0
66	432668.0
67	432668.0
68	432668.0
69	432668.0
70	116054.0
71	116054.0
72	116054.0
73	116054.0
74	116054.0
75	395759.0
76	395759.0
77	395759.0
78	395759.0
79	395759.0
80	827171.0
81	827171.0
82	827171.0
83	827171.0
84	827171.0
85	438811.0
86	438811.0
87	438811.0
88	438811.0
89	438811.0
90	654633.0
91	654633.0
92	654633.0
93	654633.0
94	654633.0
95	425686.0
96	425686.0
97	425686.0
98	425686.0
99	425686.0
100	754766.0
101	754766.0
102	754766.0
103	754766.0
104	754766.0
105	292074.0
106	292074.0
107	292074.0
108	292074.0
109	292074.0
110	143945.0
111	143945.0
112	143945.0
113	143945.0
114	143945.0
115	562571.0
116	562571.0
117	562571.0
118	562571.0
119	562571.0
120	668858.0
121	668858.0
122	668858.0
123	668858.0
124	668858.0
125	499229.0
126	499229.0
127	499229.0
128	499229.0
129	499229.0
130	700575.0
131	700575.0
132	700575.0
133	700575.0
134	700575.0
135	38370.0
136	38370.0
137	38370.0
138	38370.0
139	38370.0
140	717522.0
141	717522.0
142	717522.0
143	717522.0
144	717522.0
145	792319.0
146	792319.0
147	792319.0
148	792319.0
149	792319.0
150	811761.0
151	811761.0
152	811761.0
153	811761.0
154	811761.0
155	563086.0
156	563086.0
157	563086.0
158	563086.0
159	563086.0
160	794633.0
161	794633.0
162	794633.0
163	794633.0
164	794633.0
165	448412.0
166	448412.0
167	448412.0
168	448412.0
169	448412.0
170	735525.0
171	735525.0
172	735525.0
173	735525.0
174	735525.0
175	855684.0
176	855684.0
177	855684.0
178	855684.0
179	855684.0
180	405877.0
181	405877.0
182	405877.0
183	405877.0
184	405877.0
185	128932.0
186	128932.0
187	128932.0
188	128932.0
189	128932.0
190	311231.0
191	311231.0
192	311231.0
193	311231.0
194	311231.0
195	568716.0
196	568716.0
197	568716.0
198	568716.0
199	568716.0
200	855484.0
201	855484.0
202	855484.0
203	855484.0
204	855484.0
205	496621.0
206	496621.0
207	496621.0
208	496621.0
209	496621.0
210	279286.0
211	279286.0
212	279286.0
213	279286.0
214	279286.0
215	304622.0
216	304622.0
217	304622.0
218	304622.0
219	304622.0
220	463500.0
221	463500.0
222	463500.0
223	463500.0
224	463500.0
225	849921.0
226	849921.0
227	849921.0
228	849921.0
229	849921.0
230	445686.0
231	445686.0
232	445686.0
233	445686.0
234	445686.0
235	184274.0
236	184274.0
237	184274.0
238	184274.0
239	184274.0
240	675521.0
241	675521.0
242	675521.0
243	675521.0
244	675521.0
245	848940.0
246	848940.0
247	848940.0
248	848940.0
249	848940.0
