0	96558.0
1	96558.0
2	96558.0
3	96558.0
4	96558.0
5	84426.0
6	84426.0
7	84426.0
8	84426.0
9	84426.0
10	178909.0
11	178909.0
12	178909.0
13	178909.0
14	178909.0
15	939059.0
16	939059.0
17	939059.0
18	939059.0
19	939059.0
20	966177.0
21	966177.0
22	966177.0
23	966177.0
24	966177.0
25	343464.0
26	343464.0
27	343464.0
28	343464.0
29	343464.0
30	104171.0
31	104171.0
32	104171.0
33	104171.0
34	104171.0
35	796664.0
36	796664.0
37	796664.0
38	796664.0
39	796664.0
40	49345.0
41	49345.0
42	49345.0
43	49345.0
44	49345.0
45	838247.0
46	838247.0
47	838247.0
48	838247.0
49	838247.0
50	788986.0
51	788986.0
52	788986.0
53	788986.0
54	788986.0
55	18176.0
56	18176.0
57	18176.0
58	18176.0
59	18176.0
60	302755.0
61	302755.0
62	302755.0
63	302755.0
64	302755.0
65	415621.0
66	415621.0
67	415621.0
68	415621.0
69	415621.0
70	901100.0
71	901100.0
72	901100.0
73	901100.0
74	901100.0
75	140025.0
76	140025.0
77	140025.0
78	140025.0
79	140025.0
80	398999.0
81	398999.0
82	398999.0
83	398999.0
84	398999.0
85	71886.0
86	71886.0
87	71886.0
88	71886.0
89	71886.0
90	403342.0
91	403342.0
92	403342.0
93	403342.0
94	403342.0
95	26684.0
96	26684.0
97	26684.0
98	26684.0
99	26684.0
100	214831.0
101	214831.0
102	214831.0
103	214831.0
104	214831.0
105	36502.0
106	36502.0
107	36502.0
108	36502.0
109	36502.0
110	460119.0
111	460119.0
112	460119.0
113	460119.0
114	460119.0
115	422454.0
116	422454.0
117	422454.0
118	422454.0
119	422454.0
120	575140.0
121	575140.0
122	575140.0
123	575140.0
124	575140.0
125	319756.0
126	319756.0
127	319756.0
128	319756.0
129	319756.0
130	733133.0
131	733133.0
132	733133.0
133	733133.0
134	733133.0
135	144498.0
136	144498.0
137	144498.0
138	144498.0
139	144498.0
140	336795.0
141	336795.0
142	336795.0
143	336795.0
144	336795.0
145	210628.0
146	210628.0
147	210628.0
148	210628.0
149	210628.0
150	658712.0
151	658712.0
152	658712.0
153	658712.0
154	658712.0
155	245541.0
156	245541.0
157	245541.0
158	245541.0
159	245541.0
160	641304.0
161	641304.0
162	641304.0
163	641304.0
164	641304.0
165	817845.0
166	817845.0
167	817845.0
168	817845.0
169	817845.0
170	964001.0
171	964001.0
172	964001.0
173	964001.0
174	964001.0
175	802948.0
176	802948.0
177	802948.0
178	802948.0
179	802948.0
180	409676.0
181	409676.0
182	409676.0
183	409676.0
184	409676.0
185	301953.0
186	301953.0
187	301953.0
188	301953.0
189	301953.0
190	691628.0
191	691628.0
192	691628.0
193	691628.0
194	691628.0
195	635010.0
196	635010.0
197	635010.0
198	635010.0
199	635010.0
200	85787.0
201	85787.0
202	85787.0
203	85787.0
204	85787.0
205	810798.0
206	810798.0
207	810798.0
208	810798.0
209	810798.0
210	353001.0
211	353001.0
212	353001.0
213	353001.0
214	353001.0
215	551570.0
216	551570.0
217	551570.0
218	551570.0
219	551570.0
220	225538.0
221	225538.0
222	225538.0
223	225538.0
224	225538.0
225	325804.0
226	325804.0
227	325804.0
228	325804.0
229	325804.0
230	877668.0
231	877668.0
232	877668.0
233	877668.0
234	877668.0
235	440125.0
236	440125.0
237	440125.0
238	440125.0
239	440125.0
240	548047.0
241	548047.0
242	548047.0
243	548047.0
244	548047.0
245	953588.0
246	953588.0
247	953588.0
248	953588.0
249	953588.0
