0	688294.0
1	688294.0
2	688294.0
3	688294.0
4	688294.0
5	877965.0
6	877965.0
7	877965.0
8	877965.0
9	877965.0
10	456788.0
11	456788.0
12	456788.0
13	456788.0
14	456788.0
15	591560.0
16	591560.0
17	591560.0
18	591560.0
19	591560.0
20	462726.0
21	462726.0
22	462726.0
23	462726.0
24	462726.0
25	560293.0
26	560293.0
27	560293.0
28	560293.0
29	560293.0
30	893457.0
31	893457.0
32	893457.0
33	893457.0
34	893457.0
35	67516.0
36	67516.0
37	67516.0
38	67516.0
39	67516.0
40	165595.0
41	165595.0
42	165595.0
43	165595.0
44	165595.0
45	688819.0
46	688819.0
47	688819.0
48	688819.0
49	688819.0
50	664990.0
51	664990.0
52	664990.0
53	664990.0
54	664990.0
55	811539.0
56	811539.0
57	811539.0
58	811539.0
59	811539.0
60	710580.0
61	710580.0
62	710580.0
63	710580.0
64	710580.0
65	499458.0
66	499458.0
67	499458.0
68	499458.0
69	499458.0
70	375409.0
71	375409.0
72	375409.0
73	375409.0
74	375409.0
75	560695.0
76	560695.0
77	560695.0
78	560695.0
79	560695.0
80	866158.0
81	866158.0
82	866158.0
83	866158.0
84	866158.0
85	155338.0
86	155338.0
87	155338.0
88	155338.0
89	155338.0
90	789777.0
91	789777.0
92	789777.0
93	789777.0
94	789777.0
95	216909.0
96	216909.0
97	216909.0
98	216909.0
99	216909.0
100	426348.0
101	426348.0
102	426348.0
103	426348.0
104	426348.0
105	465774.0
106	465774.0
107	465774.0
108	465774.0
109	465774.0
110	969617.0
111	969617.0
112	969617.0
113	969617.0
114	969617.0
115	216006.0
116	216006.0
117	216006.0
118	216006.0
119	216006.0
120	484024.0
121	484024.0
122	484024.0
123	484024.0
124	484024.0
125	581549.0
126	581549.0
127	581549.0
128	581549.0
129	581549.0
130	441386.0
131	441386.0
132	441386.0
133	441386.0
134	441386.0
135	688404.0
136	688404.0
137	688404.0
138	688404.0
139	688404.0
140	906069.0
141	906069.0
142	906069.0
143	906069.0
144	906069.0
145	56184.0
146	56184.0
147	56184.0
148	56184.0
149	56184.0
150	146009.0
151	146009.0
152	146009.0
153	146009.0
154	146009.0
155	840231.0
156	840231.0
157	840231.0
158	840231.0
159	840231.0
160	305035.0
161	305035.0
162	305035.0
163	305035.0
164	305035.0
165	298276.0
166	298276.0
167	298276.0
168	298276.0
169	298276.0
170	88493.0
171	88493.0
172	88493.0
173	88493.0
174	88493.0
175	854931.0
176	854931.0
177	854931.0
178	854931.0
179	854931.0
180	111374.0
181	111374.0
182	111374.0
183	111374.0
184	111374.0
185	145314.0
186	145314.0
187	145314.0
188	145314.0
189	145314.0
190	846176.0
191	846176.0
192	846176.0
193	846176.0
194	846176.0
195	476348.0
196	476348.0
197	476348.0
198	476348.0
199	476348.0
200	634739.0
201	634739.0
202	634739.0
203	634739.0
204	634739.0
205	535648.0
206	535648.0
207	535648.0
208	535648.0
209	535648.0
210	251186.0
211	251186.0
212	251186.0
213	251186.0
214	251186.0
215	734186.0
216	734186.0
217	734186.0
218	734186.0
219	734186.0
220	777531.0
221	777531.0
222	777531.0
223	777531.0
224	777531.0
225	414409.0
226	414409.0
227	414409.0
228	414409.0
229	414409.0
230	387749.0
231	387749.0
232	387749.0
233	387749.0
234	387749.0
235	882022.0
236	882022.0
237	882022.0
238	882022.0
239	882022.0
240	581334.0
241	581334.0
242	581334.0
243	581334.0
244	581334.0
245	880286.0
246	880286.0
247	880286.0
248	880286.0
249	880286.0
