0	87776.0
1	87776.0
2	87776.0
3	87776.0
4	87776.0
5	262749.0
6	262749.0
7	262749.0
8	262749.0
9	262749.0
10	31055.0
11	31055.0
12	31055.0
13	31055.0
14	31055.0
15	312967.0
16	312967.0
17	312967.0
18	312967.0
19	312967.0
20	88972.0
21	88972.0
22	88972.0
23	88972.0
24	88972.0
25	219733.0
26	219733.0
27	219733.0
28	219733.0
29	219733.0
30	126934.0
31	126934.0
32	126934.0
33	126934.0
34	126934.0
35	204818.0
36	204818.0
37	204818.0
38	204818.0
39	204818.0
40	329854.0
41	329854.0
42	329854.0
43	329854.0
44	329854.0
45	12872.0
46	12872.0
47	12872.0
48	12872.0
49	12872.0
50	45677.0
51	45677.0
52	45677.0
53	45677.0
54	45677.0
55	9420.0
56	9420.0
57	9420.0
58	9420.0
59	9420.0
60	29208.0
61	29208.0
62	29208.0
63	29208.0
64	29208.0
65	285487.0
66	285487.0
67	285487.0
68	285487.0
69	285487.0
70	74468.0
71	74468.0
72	74468.0
73	74468.0
74	74468.0
75	12136.0
76	12136.0
77	12136.0
78	12136.0
79	12136.0
80	7351.0
81	7351.0
82	7351.0
83	7351.0
84	7351.0
85	240522.0
86	240522.0
87	240522.0
88	240522.0
89	240522.0
90	234123.0
91	234123.0
92	234123.0
93	234123.0
94	234123.0
95	27316.0
96	27316.0
97	27316.0
98	27316.0
99	27316.0
100	161700.0
101	161700.0
102	161700.0
103	161700.0
104	161700.0
105	26675.0
106	26675.0
107	26675.0
108	26675.0
109	26675.0
110	81468.0
111	81468.0
112	81468.0
113	81468.0
114	81468.0
115	208418.0
116	208418.0
117	208418.0
118	208418.0
119	208418.0
120	38977.0
121	38977.0
122	38977.0
123	38977.0
124	38977.0
125	118953.0
126	118953.0
127	118953.0
128	118953.0
129	118953.0
130	59564.0
131	59564.0
132	59564.0
133	59564.0
134	59564.0
135	184374.0
136	184374.0
137	184374.0
138	184374.0
139	184374.0
140	337541.0
141	337541.0
142	337541.0
143	337541.0
144	337541.0
145	249793.0
146	249793.0
147	249793.0
148	249793.0
149	249793.0
150	155037.0
151	155037.0
152	155037.0
153	155037.0
154	155037.0
155	286876.0
156	286876.0
157	286876.0
158	286876.0
159	286876.0
160	290721.0
161	290721.0
162	290721.0
163	290721.0
164	290721.0
165	201620.0
166	201620.0
167	201620.0
168	201620.0
169	201620.0
170	180933.0
171	180933.0
172	180933.0
173	180933.0
174	180933.0
175	69012.0
176	69012.0
177	69012.0
178	69012.0
179	69012.0
180	311603.0
181	311603.0
182	311603.0
183	311603.0
184	311603.0
185	179756.0
186	179756.0
187	179756.0
188	179756.0
189	179756.0
190	306309.0
191	306309.0
192	306309.0
193	306309.0
194	306309.0
195	310334.0
196	310334.0
197	310334.0
198	310334.0
199	310334.0
200	217235.0
201	217235.0
202	217235.0
203	217235.0
204	217235.0
205	19650.0
206	19650.0
207	19650.0
208	19650.0
209	19650.0
210	50386.0
211	50386.0
212	50386.0
213	50386.0
214	50386.0
215	330304.0
216	330304.0
217	330304.0
218	330304.0
219	330304.0
220	308998.0
221	308998.0
222	308998.0
223	308998.0
224	308998.0
225	97521.0
226	97521.0
227	97521.0
228	97521.0
229	97521.0
230	158299.0
231	158299.0
232	158299.0
233	158299.0
234	158299.0
235	310412.0
236	310412.0
237	310412.0
238	310412.0
239	310412.0
240	343130.0
241	343130.0
242	343130.0
243	343130.0
244	343130.0
245	133763.0
246	133763.0
247	133763.0
248	133763.0
249	133763.0
