0	132902.0
1	132902.0
2	132902.0
3	132902.0
4	132902.0
5	181942.0
6	181942.0
7	181942.0
8	181942.0
9	181942.0
10	223204.0
11	223204.0
12	223204.0
13	223204.0
14	223204.0
15	47823.0
16	47823.0
17	47823.0
18	47823.0
19	47823.0
20	346003.0
21	346003.0
22	346003.0
23	346003.0
24	346003.0
25	238124.0
26	238124.0
27	238124.0
28	238124.0
29	238124.0
30	51283.0
31	51283.0
32	51283.0
33	51283.0
34	51283.0
35	333683.0
36	333683.0
37	333683.0
38	333683.0
39	333683.0
40	222628.0
41	222628.0
42	222628.0
43	222628.0
44	222628.0
45	344728.0
46	344728.0
47	344728.0
48	344728.0
49	344728.0
50	95635.0
51	95635.0
52	95635.0
53	95635.0
54	95635.0
55	215493.0
56	215493.0
57	215493.0
58	215493.0
59	215493.0
60	195869.0
61	195869.0
62	195869.0
63	195869.0
64	195869.0
65	229854.0
66	229854.0
67	229854.0
68	229854.0
69	229854.0
70	344668.0
71	344668.0
72	344668.0
73	344668.0
74	344668.0
75	64958.0
76	64958.0
77	64958.0
78	64958.0
79	64958.0
80	99411.0
81	99411.0
82	99411.0
83	99411.0
84	99411.0
85	732.0
86	732.0
87	732.0
88	732.0
89	732.0
90	74463.0
91	74463.0
92	74463.0
93	74463.0
94	74463.0
95	49719.0
96	49719.0
97	49719.0
98	49719.0
99	49719.0
100	73911.0
101	73911.0
102	73911.0
103	73911.0
104	73911.0
105	223743.0
106	223743.0
107	223743.0
108	223743.0
109	223743.0
110	199029.0
111	199029.0
112	199029.0
113	199029.0
114	199029.0
115	6488.0
116	6488.0
117	6488.0
118	6488.0
119	6488.0
120	58653.0
121	58653.0
122	58653.0
123	58653.0
124	58653.0
125	183878.0
126	183878.0
127	183878.0
128	183878.0
129	183878.0
130	184990.0
131	184990.0
132	184990.0
133	184990.0
134	184990.0
135	25664.0
136	25664.0
137	25664.0
138	25664.0
139	25664.0
140	264611.0
141	264611.0
142	264611.0
143	264611.0
144	264611.0
145	35773.0
146	35773.0
147	35773.0
148	35773.0
149	35773.0
150	166327.0
151	166327.0
152	166327.0
153	166327.0
154	166327.0
155	20587.0
156	20587.0
157	20587.0
158	20587.0
159	20587.0
160	184196.0
161	184196.0
162	184196.0
163	184196.0
164	184196.0
165	13789.0
166	13789.0
167	13789.0
168	13789.0
169	13789.0
170	5220.0
171	5220.0
172	5220.0
173	5220.0
174	5220.0
175	340035.0
176	340035.0
177	340035.0
178	340035.0
179	340035.0
180	240114.0
181	240114.0
182	240114.0
183	240114.0
184	240114.0
185	199194.0
186	199194.0
187	199194.0
188	199194.0
189	199194.0
190	51457.0
191	51457.0
192	51457.0
193	51457.0
194	51457.0
195	43134.0
196	43134.0
197	43134.0
198	43134.0
199	43134.0
200	127693.0
201	127693.0
202	127693.0
203	127693.0
204	127693.0
205	110959.0
206	110959.0
207	110959.0
208	110959.0
209	110959.0
210	256585.0
211	256585.0
212	256585.0
213	256585.0
214	256585.0
215	96432.0
216	96432.0
217	96432.0
218	96432.0
219	96432.0
220	260930.0
221	260930.0
222	260930.0
223	260930.0
224	260930.0
225	113238.0
226	113238.0
227	113238.0
228	113238.0
229	113238.0
230	328077.0
231	328077.0
232	328077.0
233	328077.0
234	328077.0
235	314866.0
236	314866.0
237	314866.0
238	314866.0
239	314866.0
240	285153.0
241	285153.0
242	285153.0
243	285153.0
244	285153.0
245	109042.0
246	109042.0
247	109042.0
248	109042.0
249	109042.0
