0	6792.0
1	6792.0
2	6792.0
3	6792.0
4	6792.0
5	318536.0
6	318536.0
7	318536.0
8	318536.0
9	318536.0
10	68993.0
11	68993.0
12	68993.0
13	68993.0
14	68993.0
15	55048.0
16	55048.0
17	55048.0
18	55048.0
19	55048.0
20	120142.0
21	120142.0
22	120142.0
23	120142.0
24	120142.0
25	8413.0
26	8413.0
27	8413.0
28	8413.0
29	8413.0
30	158675.0
31	158675.0
32	158675.0
33	158675.0
34	158675.0
35	298886.0
36	298886.0
37	298886.0
38	298886.0
39	298886.0
40	270207.0
41	270207.0
42	270207.0
43	270207.0
44	270207.0
45	221692.0
46	221692.0
47	221692.0
48	221692.0
49	221692.0
50	174666.0
51	174666.0
52	174666.0
53	174666.0
54	174666.0
55	256898.0
56	256898.0
57	256898.0
58	256898.0
59	256898.0
60	30524.0
61	30524.0
62	30524.0
63	30524.0
64	30524.0
65	119937.0
66	119937.0
67	119937.0
68	119937.0
69	119937.0
70	116860.0
71	116860.0
72	116860.0
73	116860.0
74	116860.0
75	32142.0
76	32142.0
77	32142.0
78	32142.0
79	32142.0
80	7923.0
81	7923.0
82	7923.0
83	7923.0
84	7923.0
85	273495.0
86	273495.0
87	273495.0
88	273495.0
89	273495.0
90	320964.0
91	320964.0
92	320964.0
93	320964.0
94	320964.0
95	67555.0
96	67555.0
97	67555.0
98	67555.0
99	67555.0
100	217799.0
101	217799.0
102	217799.0
103	217799.0
104	217799.0
105	8934.0
106	8934.0
107	8934.0
108	8934.0
109	8934.0
110	154029.0
111	154029.0
112	154029.0
113	154029.0
114	154029.0
115	140758.0
116	140758.0
117	140758.0
118	140758.0
119	140758.0
120	339234.0
121	339234.0
122	339234.0
123	339234.0
124	339234.0
125	272320.0
126	272320.0
127	272320.0
128	272320.0
129	272320.0
130	141030.0
131	141030.0
132	141030.0
133	141030.0
134	141030.0
135	301457.0
136	301457.0
137	301457.0
138	301457.0
139	301457.0
140	205137.0
141	205137.0
142	205137.0
143	205137.0
144	205137.0
145	173106.0
146	173106.0
147	173106.0
148	173106.0
149	173106.0
150	328185.0
151	328185.0
152	328185.0
153	328185.0
154	328185.0
155	58985.0
156	58985.0
157	58985.0
158	58985.0
159	58985.0
160	348029.0
161	348029.0
162	348029.0
163	348029.0
164	348029.0
165	34020.0
166	34020.0
167	34020.0
168	34020.0
169	34020.0
170	251691.0
171	251691.0
172	251691.0
173	251691.0
174	251691.0
175	101926.0
176	101926.0
177	101926.0
178	101926.0
179	101926.0
180	154552.0
181	154552.0
182	154552.0
183	154552.0
184	154552.0
185	120887.0
186	120887.0
187	120887.0
188	120887.0
189	120887.0
190	205509.0
191	205509.0
192	205509.0
193	205509.0
194	205509.0
195	209291.0
196	209291.0
197	209291.0
198	209291.0
199	209291.0
200	120062.0
201	120062.0
202	120062.0
203	120062.0
204	120062.0
205	66198.0
206	66198.0
207	66198.0
208	66198.0
209	66198.0
210	179869.0
211	179869.0
212	179869.0
213	179869.0
214	179869.0
215	241723.0
216	241723.0
217	241723.0
218	241723.0
219	241723.0
220	219132.0
221	219132.0
222	219132.0
223	219132.0
224	219132.0
225	274566.0
226	274566.0
227	274566.0
228	274566.0
229	274566.0
230	272759.0
231	272759.0
232	272759.0
233	272759.0
234	272759.0
235	47350.0
236	47350.0
237	47350.0
238	47350.0
239	47350.0
240	55537.0
241	55537.0
242	55537.0
243	55537.0
244	55537.0
245	101795.0
246	101795.0
247	101795.0
248	101795.0
249	101795.0
