0	284426.0
1	284426.0
2	284426.0
3	284426.0
4	284426.0
5	298488.0
6	298488.0
7	298488.0
8	298488.0
9	298488.0
10	163250.0
11	163250.0
12	163250.0
13	163250.0
14	163250.0
15	70661.0
16	70661.0
17	70661.0
18	70661.0
19	70661.0
20	351548.0
21	351548.0
22	351548.0
23	351548.0
24	351548.0
25	44884.0
26	44884.0
27	44884.0
28	44884.0
29	44884.0
30	268212.0
31	268212.0
32	268212.0
33	268212.0
34	268212.0
35	135928.0
36	135928.0
37	135928.0
38	135928.0
39	135928.0
40	191993.0
41	191993.0
42	191993.0
43	191993.0
44	191993.0
45	72754.0
46	72754.0
47	72754.0
48	72754.0
49	72754.0
50	203776.0
51	203776.0
52	203776.0
53	203776.0
54	203776.0
55	124689.0
56	124689.0
57	124689.0
58	124689.0
59	124689.0
60	123168.0
61	123168.0
62	123168.0
63	123168.0
64	123168.0
65	102563.0
66	102563.0
67	102563.0
68	102563.0
69	102563.0
70	5286.0
71	5286.0
72	5286.0
73	5286.0
74	5286.0
75	148586.0
76	148586.0
77	148586.0
78	148586.0
79	148586.0
80	284230.0
81	284230.0
82	284230.0
83	284230.0
84	284230.0
85	294928.0
86	294928.0
87	294928.0
88	294928.0
89	294928.0
90	325636.0
91	325636.0
92	325636.0
93	325636.0
94	325636.0
95	254296.0
96	254296.0
97	254296.0
98	254296.0
99	254296.0
100	77961.0
101	77961.0
102	77961.0
103	77961.0
104	77961.0
105	25308.0
106	25308.0
107	25308.0
108	25308.0
109	25308.0
110	188232.0
111	188232.0
112	188232.0
113	188232.0
114	188232.0
115	273748.0
116	273748.0
117	273748.0
118	273748.0
119	273748.0
120	16180.0
121	16180.0
122	16180.0
123	16180.0
124	16180.0
125	134829.0
126	134829.0
127	134829.0
128	134829.0
129	134829.0
130	219082.0
131	219082.0
132	219082.0
133	219082.0
134	219082.0
135	145859.0
136	145859.0
137	145859.0
138	145859.0
139	145859.0
140	131664.0
141	131664.0
142	131664.0
143	131664.0
144	131664.0
145	40290.0
146	40290.0
147	40290.0
148	40290.0
149	40290.0
150	348675.0
151	348675.0
152	348675.0
153	348675.0
154	348675.0
155	228065.0
156	228065.0
157	228065.0
158	228065.0
159	228065.0
160	212963.0
161	212963.0
162	212963.0
163	212963.0
164	212963.0
165	333042.0
166	333042.0
167	333042.0
168	333042.0
169	333042.0
170	141810.0
171	141810.0
172	141810.0
173	141810.0
174	141810.0
175	225890.0
176	225890.0
177	225890.0
178	225890.0
179	225890.0
180	71570.0
181	71570.0
182	71570.0
183	71570.0
184	71570.0
185	64944.0
186	64944.0
187	64944.0
188	64944.0
189	64944.0
190	199516.0
191	199516.0
192	199516.0
193	199516.0
194	199516.0
195	228058.0
196	228058.0
197	228058.0
198	228058.0
199	228058.0
200	309775.0
201	309775.0
202	309775.0
203	309775.0
204	309775.0
205	75669.0
206	75669.0
207	75669.0
208	75669.0
209	75669.0
210	165758.0
211	165758.0
212	165758.0
213	165758.0
214	165758.0
215	144369.0
216	144369.0
217	144369.0
218	144369.0
219	144369.0
220	15622.0
221	15622.0
222	15622.0
223	15622.0
224	15622.0
225	84178.0
226	84178.0
227	84178.0
228	84178.0
229	84178.0
230	304608.0
231	304608.0
232	304608.0
233	304608.0
234	304608.0
235	338056.0
236	338056.0
237	338056.0
238	338056.0
239	338056.0
240	106745.0
241	106745.0
242	106745.0
243	106745.0
244	106745.0
245	194876.0
246	194876.0
247	194876.0
248	194876.0
249	194876.0
