0	33153.0
1	33153.0
2	33153.0
3	33153.0
4	33153.0
5	42320.0
6	42320.0
7	42320.0
8	42320.0
9	42320.0
10	227818.0
11	227818.0
12	227818.0
13	227818.0
14	227818.0
15	210667.0
16	210667.0
17	210667.0
18	210667.0
19	210667.0
20	304040.0
21	304040.0
22	304040.0
23	304040.0
24	304040.0
25	272672.0
26	272672.0
27	272672.0
28	272672.0
29	272672.0
30	180726.0
31	180726.0
32	180726.0
33	180726.0
34	180726.0
35	101652.0
36	101652.0
37	101652.0
38	101652.0
39	101652.0
40	310142.0
41	310142.0
42	310142.0
43	310142.0
44	310142.0
45	230670.0
46	230670.0
47	230670.0
48	230670.0
49	230670.0
50	14660.0
51	14660.0
52	14660.0
53	14660.0
54	14660.0
55	111107.0
56	111107.0
57	111107.0
58	111107.0
59	111107.0
60	200142.0
61	200142.0
62	200142.0
63	200142.0
64	200142.0
65	187714.0
66	187714.0
67	187714.0
68	187714.0
69	187714.0
70	340234.0
71	340234.0
72	340234.0
73	340234.0
74	340234.0
75	64233.0
76	64233.0
77	64233.0
78	64233.0
79	64233.0
80	257840.0
81	257840.0
82	257840.0
83	257840.0
84	257840.0
85	279797.0
86	279797.0
87	279797.0
88	279797.0
89	279797.0
90	144622.0
91	144622.0
92	144622.0
93	144622.0
94	144622.0
95	184615.0
96	184615.0
97	184615.0
98	184615.0
99	184615.0
100	331925.0
101	331925.0
102	331925.0
103	331925.0
104	331925.0
105	3247.0
106	3247.0
107	3247.0
108	3247.0
109	3247.0
110	1143.0
111	1143.0
112	1143.0
113	1143.0
114	1143.0
115	145934.0
116	145934.0
117	145934.0
118	145934.0
119	145934.0
120	112747.0
121	112747.0
122	112747.0
123	112747.0
124	112747.0
125	111886.0
126	111886.0
127	111886.0
128	111886.0
129	111886.0
130	99909.0
131	99909.0
132	99909.0
133	99909.0
134	99909.0
135	170227.0
136	170227.0
137	170227.0
138	170227.0
139	170227.0
140	14412.0
141	14412.0
142	14412.0
143	14412.0
144	14412.0
145	231596.0
146	231596.0
147	231596.0
148	231596.0
149	231596.0
150	16158.0
151	16158.0
152	16158.0
153	16158.0
154	16158.0
155	349383.0
156	349383.0
157	349383.0
158	349383.0
159	349383.0
160	188577.0
161	188577.0
162	188577.0
163	188577.0
164	188577.0
165	130460.0
166	130460.0
167	130460.0
168	130460.0
169	130460.0
170	151611.0
171	151611.0
172	151611.0
173	151611.0
174	151611.0
175	244717.0
176	244717.0
177	244717.0
178	244717.0
179	244717.0
180	262966.0
181	262966.0
182	262966.0
183	262966.0
184	262966.0
185	2528.0
186	2528.0
187	2528.0
188	2528.0
189	2528.0
190	166083.0
191	166083.0
192	166083.0
193	166083.0
194	166083.0
195	152545.0
196	152545.0
197	152545.0
198	152545.0
199	152545.0
200	349416.0
201	349416.0
202	349416.0
203	349416.0
204	349416.0
205	200649.0
206	200649.0
207	200649.0
208	200649.0
209	200649.0
210	309545.0
211	309545.0
212	309545.0
213	309545.0
214	309545.0
215	332024.0
216	332024.0
217	332024.0
218	332024.0
219	332024.0
220	178595.0
221	178595.0
222	178595.0
223	178595.0
224	178595.0
225	186598.0
226	186598.0
227	186598.0
228	186598.0
229	186598.0
230	49154.0
231	49154.0
232	49154.0
233	49154.0
234	49154.0
235	2000.0
236	2000.0
237	2000.0
238	2000.0
239	2000.0
240	180721.0
241	180721.0
242	180721.0
243	180721.0
244	180721.0
245	157978.0
246	157978.0
247	157978.0
248	157978.0
249	157978.0
