0	177899.0
1	177899.0
2	177899.0
3	177899.0
4	177899.0
5	315617.0
6	315617.0
7	315617.0
8	315617.0
9	315617.0
10	13292.0
11	13292.0
12	13292.0
13	13292.0
14	13292.0
15	160153.0
16	160153.0
17	160153.0
18	160153.0
19	160153.0
20	163434.0
21	163434.0
22	163434.0
23	163434.0
24	163434.0
25	305643.0
26	305643.0
27	305643.0
28	305643.0
29	305643.0
30	129457.0
31	129457.0
32	129457.0
33	129457.0
34	129457.0
35	46150.0
36	46150.0
37	46150.0
38	46150.0
39	46150.0
40	116865.0
41	116865.0
42	116865.0
43	116865.0
44	116865.0
45	245840.0
46	245840.0
47	245840.0
48	245840.0
49	245840.0
50	224024.0
51	224024.0
52	224024.0
53	224024.0
54	224024.0
55	203267.0
56	203267.0
57	203267.0
58	203267.0
59	203267.0
60	229782.0
61	229782.0
62	229782.0
63	229782.0
64	229782.0
65	220228.0
66	220228.0
67	220228.0
68	220228.0
69	220228.0
70	308436.0
71	308436.0
72	308436.0
73	308436.0
74	308436.0
75	174772.0
76	174772.0
77	174772.0
78	174772.0
79	174772.0
80	153674.0
81	153674.0
82	153674.0
83	153674.0
84	153674.0
85	126211.0
86	126211.0
87	126211.0
88	126211.0
89	126211.0
90	74211.0
91	74211.0
92	74211.0
93	74211.0
94	74211.0
95	320642.0
96	320642.0
97	320642.0
98	320642.0
99	320642.0
100	114563.0
101	114563.0
102	114563.0
103	114563.0
104	114563.0
105	260879.0
106	260879.0
107	260879.0
108	260879.0
109	260879.0
110	344915.0
111	344915.0
112	344915.0
113	344915.0
114	344915.0
115	56086.0
116	56086.0
117	56086.0
118	56086.0
119	56086.0
120	12463.0
121	12463.0
122	12463.0
123	12463.0
124	12463.0
125	176589.0
126	176589.0
127	176589.0
128	176589.0
129	176589.0
130	204906.0
131	204906.0
132	204906.0
133	204906.0
134	204906.0
135	255216.0
136	255216.0
137	255216.0
138	255216.0
139	255216.0
140	17470.0
141	17470.0
142	17470.0
143	17470.0
144	17470.0
145	342735.0
146	342735.0
147	342735.0
148	342735.0
149	342735.0
150	193583.0
151	193583.0
152	193583.0
153	193583.0
154	193583.0
155	209762.0
156	209762.0
157	209762.0
158	209762.0
159	209762.0
160	251275.0
161	251275.0
162	251275.0
163	251275.0
164	251275.0
165	75591.0
166	75591.0
167	75591.0
168	75591.0
169	75591.0
170	188977.0
171	188977.0
172	188977.0
173	188977.0
174	188977.0
175	326726.0
176	326726.0
177	326726.0
178	326726.0
179	326726.0
180	109436.0
181	109436.0
182	109436.0
183	109436.0
184	109436.0
185	269449.0
186	269449.0
187	269449.0
188	269449.0
189	269449.0
190	140548.0
191	140548.0
192	140548.0
193	140548.0
194	140548.0
195	211382.0
196	211382.0
197	211382.0
198	211382.0
199	211382.0
200	174103.0
201	174103.0
202	174103.0
203	174103.0
204	174103.0
205	154097.0
206	154097.0
207	154097.0
208	154097.0
209	154097.0
210	253013.0
211	253013.0
212	253013.0
213	253013.0
214	253013.0
215	257025.0
216	257025.0
217	257025.0
218	257025.0
219	257025.0
220	292196.0
221	292196.0
222	292196.0
223	292196.0
224	292196.0
225	9306.0
226	9306.0
227	9306.0
228	9306.0
229	9306.0
230	146347.0
231	146347.0
232	146347.0
233	146347.0
234	146347.0
235	199310.0
236	199310.0
237	199310.0
238	199310.0
239	199310.0
240	106150.0
241	106150.0
242	106150.0
243	106150.0
244	106150.0
245	320692.0
246	320692.0
247	320692.0
248	320692.0
249	320692.0
