0	254500.0
1	254500.0
2	254500.0
3	254500.0
4	254500.0
5	72813.0
6	72813.0
7	72813.0
8	72813.0
9	72813.0
10	114014.0
11	114014.0
12	114014.0
13	114014.0
14	114014.0
15	234787.0
16	234787.0
17	234787.0
18	234787.0
19	234787.0
20	227102.0
21	227102.0
22	227102.0
23	227102.0
24	227102.0
25	314731.0
26	314731.0
27	314731.0
28	314731.0
29	314731.0
30	44080.0
31	44080.0
32	44080.0
33	44080.0
34	44080.0
35	321889.0
36	321889.0
37	321889.0
38	321889.0
39	321889.0
40	277048.0
41	277048.0
42	277048.0
43	277048.0
44	277048.0
45	68804.0
46	68804.0
47	68804.0
48	68804.0
49	68804.0
50	13348.0
51	13348.0
52	13348.0
53	13348.0
54	13348.0
55	295738.0
56	295738.0
57	295738.0
58	295738.0
59	295738.0
60	12233.0
61	12233.0
62	12233.0
63	12233.0
64	12233.0
65	7632.0
66	7632.0
67	7632.0
68	7632.0
69	7632.0
70	316545.0
71	316545.0
72	316545.0
73	316545.0
74	316545.0
75	237196.0
76	237196.0
77	237196.0
78	237196.0
79	237196.0
80	54106.0
81	54106.0
82	54106.0
83	54106.0
84	54106.0
85	306994.0
86	306994.0
87	306994.0
88	306994.0
89	306994.0
90	166747.0
91	166747.0
92	166747.0
93	166747.0
94	166747.0
95	165210.0
96	165210.0
97	165210.0
98	165210.0
99	165210.0
100	126344.0
101	126344.0
102	126344.0
103	126344.0
104	126344.0
105	64439.0
106	64439.0
107	64439.0
108	64439.0
109	64439.0
110	51484.0
111	51484.0
112	51484.0
113	51484.0
114	51484.0
115	257183.0
116	257183.0
117	257183.0
118	257183.0
119	257183.0
120	317448.0
121	317448.0
122	317448.0
123	317448.0
124	317448.0
125	2270.0
126	2270.0
127	2270.0
128	2270.0
129	2270.0
130	229504.0
131	229504.0
132	229504.0
133	229504.0
134	229504.0
135	145706.0
136	145706.0
137	145706.0
138	145706.0
139	145706.0
140	86143.0
141	86143.0
142	86143.0
143	86143.0
144	86143.0
145	204574.0
146	204574.0
147	204574.0
148	204574.0
149	204574.0
150	79521.0
151	79521.0
152	79521.0
153	79521.0
154	79521.0
155	255508.0
156	255508.0
157	255508.0
158	255508.0
159	255508.0
160	65349.0
161	65349.0
162	65349.0
163	65349.0
164	65349.0
165	334454.0
166	334454.0
167	334454.0
168	334454.0
169	334454.0
170	31887.0
171	31887.0
172	31887.0
173	31887.0
174	31887.0
175	258642.0
176	258642.0
177	258642.0
178	258642.0
179	258642.0
180	196720.0
181	196720.0
182	196720.0
183	196720.0
184	196720.0
185	257322.0
186	257322.0
187	257322.0
188	257322.0
189	257322.0
190	15348.0
191	15348.0
192	15348.0
193	15348.0
194	15348.0
195	346518.0
196	346518.0
197	346518.0
198	346518.0
199	346518.0
200	345809.0
201	345809.0
202	345809.0
203	345809.0
204	345809.0
205	30249.0
206	30249.0
207	30249.0
208	30249.0
209	30249.0
210	126350.0
211	126350.0
212	126350.0
213	126350.0
214	126350.0
215	68964.0
216	68964.0
217	68964.0
218	68964.0
219	68964.0
220	65391.0
221	65391.0
222	65391.0
223	65391.0
224	65391.0
225	232072.0
226	232072.0
227	232072.0
228	232072.0
229	232072.0
230	281140.0
231	281140.0
232	281140.0
233	281140.0
234	281140.0
235	107766.0
236	107766.0
237	107766.0
238	107766.0
239	107766.0
240	236511.0
241	236511.0
242	236511.0
243	236511.0
244	236511.0
245	171718.0
246	171718.0
247	171718.0
248	171718.0
249	171718.0
