0	306096.0
1	306096.0
2	306096.0
3	306096.0
4	306096.0
5	10161.0
6	10161.0
7	10161.0
8	10161.0
9	10161.0
10	75190.0
11	75190.0
12	75190.0
13	75190.0
14	75190.0
15	217354.0
16	217354.0
17	217354.0
18	217354.0
19	217354.0
20	91181.0
21	91181.0
22	91181.0
23	91181.0
24	91181.0
25	51561.0
26	51561.0
27	51561.0
28	51561.0
29	51561.0
30	96226.0
31	96226.0
32	96226.0
33	96226.0
34	96226.0
35	178901.0
36	178901.0
37	178901.0
38	178901.0
39	178901.0
40	74690.0
41	74690.0
42	74690.0
43	74690.0
44	74690.0
45	262663.0
46	262663.0
47	262663.0
48	262663.0
49	262663.0
50	30071.0
51	30071.0
52	30071.0
53	30071.0
54	30071.0
55	110198.0
56	110198.0
57	110198.0
58	110198.0
59	110198.0
60	282259.0
61	282259.0
62	282259.0
63	282259.0
64	282259.0
65	293348.0
66	293348.0
67	293348.0
68	293348.0
69	293348.0
70	292005.0
71	292005.0
72	292005.0
73	292005.0
74	292005.0
75	317923.0
76	317923.0
77	317923.0
78	317923.0
79	317923.0
80	293344.0
81	293344.0
82	293344.0
83	293344.0
84	293344.0
85	290040.0
86	290040.0
87	290040.0
88	290040.0
89	290040.0
90	12145.0
91	12145.0
92	12145.0
93	12145.0
94	12145.0
95	33615.0
96	33615.0
97	33615.0
98	33615.0
99	33615.0
100	75585.0
101	75585.0
102	75585.0
103	75585.0
104	75585.0
105	45494.0
106	45494.0
107	45494.0
108	45494.0
109	45494.0
110	253816.0
111	253816.0
112	253816.0
113	253816.0
114	253816.0
115	79239.0
116	79239.0
117	79239.0
118	79239.0
119	79239.0
120	267289.0
121	267289.0
122	267289.0
123	267289.0
124	267289.0
125	268267.0
126	268267.0
127	268267.0
128	268267.0
129	268267.0
130	163965.0
131	163965.0
132	163965.0
133	163965.0
134	163965.0
135	77885.0
136	77885.0
137	77885.0
138	77885.0
139	77885.0
140	174588.0
141	174588.0
142	174588.0
143	174588.0
144	174588.0
145	301099.0
146	301099.0
147	301099.0
148	301099.0
149	301099.0
150	84602.0
151	84602.0
152	84602.0
153	84602.0
154	84602.0
155	150071.0
156	150071.0
157	150071.0
158	150071.0
159	150071.0
160	22945.0
161	22945.0
162	22945.0
163	22945.0
164	22945.0
165	116454.0
166	116454.0
167	116454.0
168	116454.0
169	116454.0
170	34840.0
171	34840.0
172	34840.0
173	34840.0
174	34840.0
175	120778.0
176	120778.0
177	120778.0
178	120778.0
179	120778.0
180	46810.0
181	46810.0
182	46810.0
183	46810.0
184	46810.0
185	95574.0
186	95574.0
187	95574.0
188	95574.0
189	95574.0
190	153664.0
191	153664.0
192	153664.0
193	153664.0
194	153664.0
195	68655.0
196	68655.0
197	68655.0
198	68655.0
199	68655.0
200	93491.0
201	93491.0
202	93491.0
203	93491.0
204	93491.0
205	257855.0
206	257855.0
207	257855.0
208	257855.0
209	257855.0
210	162501.0
211	162501.0
212	162501.0
213	162501.0
214	162501.0
215	260841.0
216	260841.0
217	260841.0
218	260841.0
219	260841.0
220	247173.0
221	247173.0
222	247173.0
223	247173.0
224	247173.0
225	30361.0
226	30361.0
227	30361.0
228	30361.0
229	30361.0
230	278121.0
231	278121.0
232	278121.0
233	278121.0
234	278121.0
235	165867.0
236	165867.0
237	165867.0
238	165867.0
239	165867.0
240	102439.0
241	102439.0
242	102439.0
243	102439.0
244	102439.0
245	270376.0
246	270376.0
247	270376.0
248	270376.0
249	270376.0
