0	91205.0
1	91205.0
2	91205.0
3	91205.0
4	91205.0
5	38664.0
6	38664.0
7	38664.0
8	38664.0
9	38664.0
10	293936.0
11	293936.0
12	293936.0
13	293936.0
14	293936.0
15	26773.0
16	26773.0
17	26773.0
18	26773.0
19	26773.0
20	271720.0
21	271720.0
22	271720.0
23	271720.0
24	271720.0
25	311726.0
26	311726.0
27	311726.0
28	311726.0
29	311726.0
30	267561.0
31	267561.0
32	267561.0
33	267561.0
34	267561.0
35	138739.0
36	138739.0
37	138739.0
38	138739.0
39	138739.0
40	178205.0
41	178205.0
42	178205.0
43	178205.0
44	178205.0
45	180068.0
46	180068.0
47	180068.0
48	180068.0
49	180068.0
50	50024.0
51	50024.0
52	50024.0
53	50024.0
54	50024.0
55	178540.0
56	178540.0
57	178540.0
58	178540.0
59	178540.0
60	114549.0
61	114549.0
62	114549.0
63	114549.0
64	114549.0
65	795.0
66	795.0
67	795.0
68	795.0
69	795.0
70	292024.0
71	292024.0
72	292024.0
73	292024.0
74	292024.0
75	169353.0
76	169353.0
77	169353.0
78	169353.0
79	169353.0
80	70828.0
81	70828.0
82	70828.0
83	70828.0
84	70828.0
85	280218.0
86	280218.0
87	280218.0
88	280218.0
89	280218.0
90	144418.0
91	144418.0
92	144418.0
93	144418.0
94	144418.0
95	133487.0
96	133487.0
97	133487.0
98	133487.0
99	133487.0
100	320651.0
101	320651.0
102	320651.0
103	320651.0
104	320651.0
105	161411.0
106	161411.0
107	161411.0
108	161411.0
109	161411.0
110	74084.0
111	74084.0
112	74084.0
113	74084.0
114	74084.0
115	311148.0
116	311148.0
117	311148.0
118	311148.0
119	311148.0
120	46339.0
121	46339.0
122	46339.0
123	46339.0
124	46339.0
125	310949.0
126	310949.0
127	310949.0
128	310949.0
129	310949.0
130	282888.0
131	282888.0
132	282888.0
133	282888.0
134	282888.0
135	90210.0
136	90210.0
137	90210.0
138	90210.0
139	90210.0
140	311992.0
141	311992.0
142	311992.0
143	311992.0
144	311992.0
145	291019.0
146	291019.0
147	291019.0
148	291019.0
149	291019.0
150	147486.0
151	147486.0
152	147486.0
153	147486.0
154	147486.0
155	61628.0
156	61628.0
157	61628.0
158	61628.0
159	61628.0
160	14006.0
161	14006.0
162	14006.0
163	14006.0
164	14006.0
165	84922.0
166	84922.0
167	84922.0
168	84922.0
169	84922.0
170	38682.0
171	38682.0
172	38682.0
173	38682.0
174	38682.0
175	8185.0
176	8185.0
177	8185.0
178	8185.0
179	8185.0
180	70514.0
181	70514.0
182	70514.0
183	70514.0
184	70514.0
185	99028.0
186	99028.0
187	99028.0
188	99028.0
189	99028.0
190	52770.0
191	52770.0
192	52770.0
193	52770.0
194	52770.0
195	300331.0
196	300331.0
197	300331.0
198	300331.0
199	300331.0
200	218477.0
201	218477.0
202	218477.0
203	218477.0
204	218477.0
205	210098.0
206	210098.0
207	210098.0
208	210098.0
209	210098.0
210	117300.0
211	117300.0
212	117300.0
213	117300.0
214	117300.0
215	146401.0
216	146401.0
217	146401.0
218	146401.0
219	146401.0
220	79332.0
221	79332.0
222	79332.0
223	79332.0
224	79332.0
225	276946.0
226	276946.0
227	276946.0
228	276946.0
229	276946.0
230	317910.0
231	317910.0
232	317910.0
233	317910.0
234	317910.0
235	90007.0
236	90007.0
237	90007.0
238	90007.0
239	90007.0
240	221834.0
241	221834.0
242	221834.0
243	221834.0
244	221834.0
245	260206.0
246	260206.0
247	260206.0
248	260206.0
249	260206.0
