0	63340.0
1	63340.0
2	63340.0
3	63340.0
4	63340.0
5	48280.0
6	48280.0
7	48280.0
8	48280.0
9	48280.0
10	50980.0
11	50980.0
12	50980.0
13	50980.0
14	50980.0
15	31503.0
16	31503.0
17	31503.0
18	31503.0
19	31503.0
20	57439.0
21	57439.0
22	57439.0
23	57439.0
24	57439.0
25	64333.0
26	64333.0
27	64333.0
28	64333.0
29	64333.0
30	52540.0
31	52540.0
32	52540.0
33	52540.0
34	52540.0
35	20971.0
36	20971.0
37	20971.0
38	20971.0
39	20971.0
40	58308.0
41	58308.0
42	58308.0
43	58308.0
44	58308.0
45	9767.0
46	9767.0
47	9767.0
48	9767.0
49	9767.0
50	35147.0
51	35147.0
52	35147.0
53	35147.0
54	35147.0
55	25559.0
56	25559.0
57	25559.0
58	25559.0
59	25559.0
60	48219.0
61	48219.0
62	48219.0
63	48219.0
64	48219.0
65	51021.0
66	51021.0
67	51021.0
68	51021.0
69	51021.0
70	63236.0
71	63236.0
72	63236.0
73	63236.0
74	63236.0
75	2429.0
76	2429.0
77	2429.0
78	2429.0
79	2429.0
80	21977.0
81	21977.0
82	21977.0
83	21977.0
84	21977.0
85	16854.0
86	16854.0
87	16854.0
88	16854.0
89	16854.0
90	15577.0
91	15577.0
92	15577.0
93	15577.0
94	15577.0
95	1958.0
96	1958.0
97	1958.0
98	1958.0
99	1958.0
100	14643.0
101	14643.0
102	14643.0
103	14643.0
104	14643.0
105	28703.0
106	28703.0
107	28703.0
108	28703.0
109	28703.0
110	62345.0
111	62345.0
112	62345.0
113	62345.0
114	62345.0
115	58773.0
116	58773.0
117	58773.0
118	58773.0
119	58773.0
120	13422.0
121	13422.0
122	13422.0
123	13422.0
124	13422.0
125	26688.0
126	26688.0
127	26688.0
128	26688.0
129	26688.0
130	42328.0
131	42328.0
132	42328.0
133	42328.0
134	42328.0
135	34189.0
136	34189.0
137	34189.0
138	34189.0
139	34189.0
140	1010.0
141	1010.0
142	1010.0
143	1010.0
144	1010.0
145	34108.0
146	34108.0
147	34108.0
148	34108.0
149	34108.0
150	1712.0
151	1712.0
152	1712.0
153	1712.0
154	1712.0
155	45557.0
156	45557.0
157	45557.0
158	45557.0
159	45557.0
160	7659.0
161	7659.0
162	7659.0
163	7659.0
164	7659.0
165	47655.0
166	47655.0
167	47655.0
168	47655.0
169	47655.0
170	32018.0
171	32018.0
172	32018.0
173	32018.0
174	32018.0
175	4854.0
176	4854.0
177	4854.0
178	4854.0
179	4854.0
180	57669.0
181	57669.0
182	57669.0
183	57669.0
184	57669.0
185	32146.0
186	32146.0
187	32146.0
188	32146.0
189	32146.0
190	59787.0
191	59787.0
192	59787.0
193	59787.0
194	59787.0
195	96.0
196	96.0
197	96.0
198	96.0
199	96.0
200	8248.0
201	8248.0
202	8248.0
203	8248.0
204	8248.0
205	63709.0
206	63709.0
207	63709.0
208	63709.0
209	63709.0
210	46864.0
211	46864.0
212	46864.0
213	46864.0
214	46864.0
215	12591.0
216	12591.0
217	12591.0
218	12591.0
219	12591.0
220	59171.0
221	59171.0
222	59171.0
223	59171.0
224	59171.0
225	5046.0
226	5046.0
227	5046.0
228	5046.0
229	5046.0
230	29152.0
231	29152.0
232	29152.0
233	29152.0
234	29152.0
235	63409.0
236	63409.0
237	63409.0
238	63409.0
239	63409.0
240	57017.0
241	57017.0
242	57017.0
243	57017.0
244	57017.0
245	37977.0
246	37977.0
247	37977.0
248	37977.0
249	37977.0
