0	10041.0
1	10041.0
2	10041.0
3	10041.0
4	10041.0
5	24531.0
6	24531.0
7	24531.0
8	24531.0
9	24531.0
10	14640.0
11	14640.0
12	14640.0
13	14640.0
14	14640.0
15	3687.0
16	3687.0
17	3687.0
18	3687.0
19	3687.0
20	53244.0
21	53244.0
22	53244.0
23	53244.0
24	53244.0
25	17678.0
26	17678.0
27	17678.0
28	17678.0
29	17678.0
30	39565.0
31	39565.0
32	39565.0
33	39565.0
34	39565.0
35	18051.0
36	18051.0
37	18051.0
38	18051.0
39	18051.0
40	38301.0
41	38301.0
42	38301.0
43	38301.0
44	38301.0
45	10328.0
46	10328.0
47	10328.0
48	10328.0
49	10328.0
50	30221.0
51	30221.0
52	30221.0
53	30221.0
54	30221.0
55	15932.0
56	15932.0
57	15932.0
58	15932.0
59	15932.0
60	41389.0
61	41389.0
62	41389.0
63	41389.0
64	41389.0
65	51880.0
66	51880.0
67	51880.0
68	51880.0
69	51880.0
70	52843.0
71	52843.0
72	52843.0
73	52843.0
74	52843.0
75	82.0
76	82.0
77	82.0
78	82.0
79	82.0
80	40495.0
81	40495.0
82	40495.0
83	40495.0
84	40495.0
85	13521.0
86	13521.0
87	13521.0
88	13521.0
89	13521.0
90	17833.0
91	17833.0
92	17833.0
93	17833.0
94	17833.0
95	31433.0
96	31433.0
97	31433.0
98	31433.0
99	31433.0
100	10376.0
101	10376.0
102	10376.0
103	10376.0
104	10376.0
105	34766.0
106	34766.0
107	34766.0
108	34766.0
109	34766.0
110	2018.0
111	2018.0
112	2018.0
113	2018.0
114	2018.0
115	17742.0
116	17742.0
117	17742.0
118	17742.0
119	17742.0
120	11032.0
121	11032.0
122	11032.0
123	11032.0
124	11032.0
125	47380.0
126	47380.0
127	47380.0
128	47380.0
129	47380.0
130	49717.0
131	49717.0
132	49717.0
133	49717.0
134	49717.0
135	20001.0
136	20001.0
137	20001.0
138	20001.0
139	20001.0
140	9466.0
141	9466.0
142	9466.0
143	9466.0
144	9466.0
145	63121.0
146	63121.0
147	63121.0
148	63121.0
149	63121.0
150	34193.0
151	34193.0
152	34193.0
153	34193.0
154	34193.0
155	24828.0
156	24828.0
157	24828.0
158	24828.0
159	24828.0
160	331.0
161	331.0
162	331.0
163	331.0
164	331.0
165	21214.0
166	21214.0
167	21214.0
168	21214.0
169	21214.0
170	59206.0
171	59206.0
172	59206.0
173	59206.0
174	59206.0
175	45598.0
176	45598.0
177	45598.0
178	45598.0
179	45598.0
180	64210.0
181	64210.0
182	64210.0
183	64210.0
184	64210.0
185	47457.0
186	47457.0
187	47457.0
188	47457.0
189	47457.0
190	44785.0
191	44785.0
192	44785.0
193	44785.0
194	44785.0
195	46832.0
196	46832.0
197	46832.0
198	46832.0
199	46832.0
200	2708.0
201	2708.0
202	2708.0
203	2708.0
204	2708.0
205	38809.0
206	38809.0
207	38809.0
208	38809.0
209	38809.0
210	2174.0
211	2174.0
212	2174.0
213	2174.0
214	2174.0
215	15327.0
216	15327.0
217	15327.0
218	15327.0
219	15327.0
220	21548.0
221	21548.0
222	21548.0
223	21548.0
224	21548.0
225	15477.0
226	15477.0
227	15477.0
228	15477.0
229	15477.0
230	55690.0
231	55690.0
232	55690.0
233	55690.0
234	55690.0
235	46611.0
236	46611.0
237	46611.0
238	46611.0
239	46611.0
240	21258.0
241	21258.0
242	21258.0
243	21258.0
244	21258.0
245	39061.0
246	39061.0
247	39061.0
248	39061.0
249	39061.0
