0	44714.0
1	44714.0
2	44714.0
3	44714.0
4	44714.0
5	25806.0
6	25806.0
7	25806.0
8	25806.0
9	25806.0
10	21607.0
11	21607.0
12	21607.0
13	21607.0
14	21607.0
15	1919.0
16	1919.0
17	1919.0
18	1919.0
19	1919.0
20	50178.0
21	50178.0
22	50178.0
23	50178.0
24	50178.0
25	28785.0
26	28785.0
27	28785.0
28	28785.0
29	28785.0
30	40562.0
31	40562.0
32	40562.0
33	40562.0
34	40562.0
35	29514.0
36	29514.0
37	29514.0
38	29514.0
39	29514.0
40	32057.0
41	32057.0
42	32057.0
43	32057.0
44	32057.0
45	23119.0
46	23119.0
47	23119.0
48	23119.0
49	23119.0
50	42814.0
51	42814.0
52	42814.0
53	42814.0
54	42814.0
55	10008.0
56	10008.0
57	10008.0
58	10008.0
59	10008.0
60	7177.0
61	7177.0
62	7177.0
63	7177.0
64	7177.0
65	33339.0
66	33339.0
67	33339.0
68	33339.0
69	33339.0
70	29860.0
71	29860.0
72	29860.0
73	29860.0
74	29860.0
75	44621.0
76	44621.0
77	44621.0
78	44621.0
79	44621.0
80	38126.0
81	38126.0
82	38126.0
83	38126.0
84	38126.0
85	4000.0
86	4000.0
87	4000.0
88	4000.0
89	4000.0
90	10301.0
91	10301.0
92	10301.0
93	10301.0
94	10301.0
95	1295.0
96	1295.0
97	1295.0
98	1295.0
99	1295.0
100	51808.0
101	51808.0
102	51808.0
103	51808.0
104	51808.0
105	15410.0
106	15410.0
107	15410.0
108	15410.0
109	15410.0
110	40007.0
111	40007.0
112	40007.0
113	40007.0
114	40007.0
115	20511.0
116	20511.0
117	20511.0
118	20511.0
119	20511.0
120	39649.0
121	39649.0
122	39649.0
123	39649.0
124	39649.0
125	39608.0
126	39608.0
127	39608.0
128	39608.0
129	39608.0
130	4851.0
131	4851.0
132	4851.0
133	4851.0
134	4851.0
135	9641.0
136	9641.0
137	9641.0
138	9641.0
139	9641.0
140	7393.0
141	7393.0
142	7393.0
143	7393.0
144	7393.0
145	20727.0
146	20727.0
147	20727.0
148	20727.0
149	20727.0
150	54390.0
151	54390.0
152	54390.0
153	54390.0
154	54390.0
155	3633.0
156	3633.0
157	3633.0
158	3633.0
159	3633.0
160	47247.0
161	47247.0
162	47247.0
163	47247.0
164	47247.0
165	6816.0
166	6816.0
167	6816.0
168	6816.0
169	6816.0
170	28334.0
171	28334.0
172	28334.0
173	28334.0
174	28334.0
175	52194.0
176	52194.0
177	52194.0
178	52194.0
179	52194.0
180	18719.0
181	18719.0
182	18719.0
183	18719.0
184	18719.0
185	47799.0
186	47799.0
187	47799.0
188	47799.0
189	47799.0
190	59831.0
191	59831.0
192	59831.0
193	59831.0
194	59831.0
195	39391.0
196	39391.0
197	39391.0
198	39391.0
199	39391.0
200	46644.0
201	46644.0
202	46644.0
203	46644.0
204	46644.0
205	18385.0
206	18385.0
207	18385.0
208	18385.0
209	18385.0
210	38025.0
211	38025.0
212	38025.0
213	38025.0
214	38025.0
215	40937.0
216	40937.0
217	40937.0
218	40937.0
219	40937.0
220	42639.0
221	42639.0
222	42639.0
223	42639.0
224	42639.0
225	5615.0
226	5615.0
227	5615.0
228	5615.0
229	5615.0
230	43585.0
231	43585.0
232	43585.0
233	43585.0
234	43585.0
235	46844.0
236	46844.0
237	46844.0
238	46844.0
239	46844.0
240	29582.0
241	29582.0
242	29582.0
243	29582.0
244	29582.0
245	867.0
246	867.0
247	867.0
248	867.0
249	867.0
