0	17122.0
1	17122.0
2	17122.0
3	17122.0
4	17122.0
5	21032.0
6	21032.0
7	21032.0
8	21032.0
9	21032.0
10	30218.0
11	30218.0
12	30218.0
13	30218.0
14	30218.0
15	23689.0
16	23689.0
17	23689.0
18	23689.0
19	23689.0
20	54304.0
21	54304.0
22	54304.0
23	54304.0
24	54304.0
25	27775.0
26	27775.0
27	27775.0
28	27775.0
29	27775.0
30	4571.0
31	4571.0
32	4571.0
33	4571.0
34	4571.0
35	39605.0
36	39605.0
37	39605.0
38	39605.0
39	39605.0
40	8751.0
41	8751.0
42	8751.0
43	8751.0
44	8751.0
45	42201.0
46	42201.0
47	42201.0
48	42201.0
49	42201.0
50	13053.0
51	13053.0
52	13053.0
53	13053.0
54	13053.0
55	49863.0
56	49863.0
57	49863.0
58	49863.0
59	49863.0
60	55227.0
61	55227.0
62	55227.0
63	55227.0
64	55227.0
65	62850.0
66	62850.0
67	62850.0
68	62850.0
69	62850.0
70	9390.0
71	9390.0
72	9390.0
73	9390.0
74	9390.0
75	60543.0
76	60543.0
77	60543.0
78	60543.0
79	60543.0
80	9392.0
81	9392.0
82	9392.0
83	9392.0
84	9392.0
85	30118.0
86	30118.0
87	30118.0
88	30118.0
89	30118.0
90	21946.0
91	21946.0
92	21946.0
93	21946.0
94	21946.0
95	14548.0
96	14548.0
97	14548.0
98	14548.0
99	14548.0
100	6234.0
101	6234.0
102	6234.0
103	6234.0
104	6234.0
105	6366.0
106	6366.0
107	6366.0
108	6366.0
109	6366.0
110	31050.0
111	31050.0
112	31050.0
113	31050.0
114	31050.0
115	11734.0
116	11734.0
117	11734.0
118	11734.0
119	11734.0
120	2052.0
121	2052.0
122	2052.0
123	2052.0
124	2052.0
125	30259.0
126	30259.0
127	30259.0
128	30259.0
129	30259.0
130	12579.0
131	12579.0
132	12579.0
133	12579.0
134	12579.0
135	52099.0
136	52099.0
137	52099.0
138	52099.0
139	52099.0
140	4177.0
141	4177.0
142	4177.0
143	4177.0
144	4177.0
145	52423.0
146	52423.0
147	52423.0
148	52423.0
149	52423.0
150	24533.0
151	24533.0
152	24533.0
153	24533.0
154	24533.0
155	24786.0
156	24786.0
157	24786.0
158	24786.0
159	24786.0
160	2491.0
161	2491.0
162	2491.0
163	2491.0
164	2491.0
165	46800.0
166	46800.0
167	46800.0
168	46800.0
169	46800.0
170	36628.0
171	36628.0
172	36628.0
173	36628.0
174	36628.0
175	63123.0
176	63123.0
177	63123.0
178	63123.0
179	63123.0
180	44391.0
181	44391.0
182	44391.0
183	44391.0
184	44391.0
185	46602.0
186	46602.0
187	46602.0
188	46602.0
189	46602.0
190	10231.0
191	10231.0
192	10231.0
193	10231.0
194	10231.0
195	60567.0
196	60567.0
197	60567.0
198	60567.0
199	60567.0
200	25834.0
201	25834.0
202	25834.0
203	25834.0
204	25834.0
205	30637.0
206	30637.0
207	30637.0
208	30637.0
209	30637.0
210	4550.0
211	4550.0
212	4550.0
213	4550.0
214	4550.0
215	33295.0
216	33295.0
217	33295.0
218	33295.0
219	33295.0
220	22380.0
221	22380.0
222	22380.0
223	22380.0
224	22380.0
225	49718.0
226	49718.0
227	49718.0
228	49718.0
229	49718.0
230	31897.0
231	31897.0
232	31897.0
233	31897.0
234	31897.0
235	41414.0
236	41414.0
237	41414.0
238	41414.0
239	41414.0
240	51857.0
241	51857.0
242	51857.0
243	51857.0
244	51857.0
245	38005.0
246	38005.0
247	38005.0
248	38005.0
249	38005.0
