0	5426.0
1	5426.0
2	5426.0
3	5426.0
4	5426.0
5	110544.0
6	110544.0
7	110544.0
8	110544.0
9	110544.0
10	691506.0
11	691506.0
12	691506.0
13	691506.0
14	691506.0
15	623681.0
16	623681.0
17	623681.0
18	623681.0
19	623681.0
20	410850.0
21	410850.0
22	410850.0
23	410850.0
24	410850.0
25	440338.0
26	440338.0
27	440338.0
28	440338.0
29	440338.0
30	312197.0
31	312197.0
32	312197.0
33	312197.0
34	312197.0
35	398674.0
36	398674.0
37	398674.0
38	398674.0
39	398674.0
40	599705.0
41	599705.0
42	599705.0
43	599705.0
44	599705.0
45	273639.0
46	273639.0
47	273639.0
48	273639.0
49	273639.0
50	597282.0
51	597282.0
52	597282.0
53	597282.0
54	597282.0
55	526136.0
56	526136.0
57	526136.0
58	526136.0
59	526136.0
60	631431.0
61	631431.0
62	631431.0
63	631431.0
64	631431.0
65	645217.0
66	645217.0
67	645217.0
68	645217.0
69	645217.0
70	41924.0
71	41924.0
72	41924.0
73	41924.0
74	41924.0
75	408221.0
76	408221.0
77	408221.0
78	408221.0
79	408221.0
80	561246.0
81	561246.0
82	561246.0
83	561246.0
84	561246.0
85	235557.0
86	235557.0
87	235557.0
88	235557.0
89	235557.0
90	328778.0
91	328778.0
92	328778.0
93	328778.0
94	328778.0
95	374199.0
96	374199.0
97	374199.0
98	374199.0
99	374199.0
100	677659.0
101	677659.0
102	677659.0
103	677659.0
104	677659.0
105	340758.0
106	340758.0
107	340758.0
108	340758.0
109	340758.0
110	504963.0
111	504963.0
112	504963.0
113	504963.0
114	504963.0
115	473647.0
116	473647.0
117	473647.0
118	473647.0
119	473647.0
120	90971.0
121	90971.0
122	90971.0
123	90971.0
124	90971.0
125	224518.0
126	224518.0
127	224518.0
128	224518.0
129	224518.0
130	83775.0
131	83775.0
132	83775.0
133	83775.0
134	83775.0
135	224445.0
136	224445.0
137	224445.0
138	224445.0
139	224445.0
140	260992.0
141	260992.0
142	260992.0
143	260992.0
144	260992.0
145	406601.0
146	406601.0
147	406601.0
148	406601.0
149	406601.0
150	199472.0
151	199472.0
152	199472.0
153	199472.0
154	199472.0
155	35019.0
156	35019.0
157	35019.0
158	35019.0
159	35019.0
160	569181.0
161	569181.0
162	569181.0
163	569181.0
164	569181.0
165	556800.0
166	556800.0
167	556800.0
168	556800.0
169	556800.0
170	164893.0
171	164893.0
172	164893.0
173	164893.0
174	164893.0
175	431414.0
176	431414.0
177	431414.0
178	431414.0
179	431414.0
180	723339.0
181	723339.0
182	723339.0
183	723339.0
184	723339.0
185	682427.0
186	682427.0
187	682427.0
188	682427.0
189	682427.0
190	287564.0
191	287564.0
192	287564.0
193	287564.0
194	287564.0
195	82267.0
196	82267.0
197	82267.0
198	82267.0
199	82267.0
200	282127.0
201	282127.0
202	282127.0
203	282127.0
204	282127.0
205	532353.0
206	532353.0
207	532353.0
208	532353.0
209	532353.0
210	488015.0
211	488015.0
212	488015.0
213	488015.0
214	488015.0
215	483042.0
216	483042.0
217	483042.0
218	483042.0
219	483042.0
220	447914.0
221	447914.0
222	447914.0
223	447914.0
224	447914.0
225	18232.0
226	18232.0
227	18232.0
228	18232.0
229	18232.0
230	678756.0
231	678756.0
232	678756.0
233	678756.0
234	678756.0
235	741431.0
236	741431.0
237	741431.0
238	741431.0
239	741431.0
240	652230.0
241	652230.0
242	652230.0
243	652230.0
244	652230.0
245	182696.0
246	182696.0
247	182696.0
248	182696.0
249	182696.0
