0	451198.0
1	451198.0
2	451198.0
3	451198.0
4	451198.0
5	713581.0
6	713581.0
7	713581.0
8	713581.0
9	713581.0
10	186132.0
11	186132.0
12	186132.0
13	186132.0
14	186132.0
15	393579.0
16	393579.0
17	393579.0
18	393579.0
19	393579.0
20	341379.0
21	341379.0
22	341379.0
23	341379.0
24	341379.0
25	607714.0
26	607714.0
27	607714.0
28	607714.0
29	607714.0
30	173218.0
31	173218.0
32	173218.0
33	173218.0
34	173218.0
35	219899.0
36	219899.0
37	219899.0
38	219899.0
39	219899.0
40	430223.0
41	430223.0
42	430223.0
43	430223.0
44	430223.0
45	242233.0
46	242233.0
47	242233.0
48	242233.0
49	242233.0
50	553495.0
51	553495.0
52	553495.0
53	553495.0
54	553495.0
55	160114.0
56	160114.0
57	160114.0
58	160114.0
59	160114.0
60	23706.0
61	23706.0
62	23706.0
63	23706.0
64	23706.0
65	724455.0
66	724455.0
67	724455.0
68	724455.0
69	724455.0
70	30824.0
71	30824.0
72	30824.0
73	30824.0
74	30824.0
75	109048.0
76	109048.0
77	109048.0
78	109048.0
79	109048.0
80	639465.0
81	639465.0
82	639465.0
83	639465.0
84	639465.0
85	322801.0
86	322801.0
87	322801.0
88	322801.0
89	322801.0
90	245264.0
91	245264.0
92	245264.0
93	245264.0
94	245264.0
95	186255.0
96	186255.0
97	186255.0
98	186255.0
99	186255.0
100	381650.0
101	381650.0
102	381650.0
103	381650.0
104	381650.0
105	190602.0
106	190602.0
107	190602.0
108	190602.0
109	190602.0
110	310534.0
111	310534.0
112	310534.0
113	310534.0
114	310534.0
115	740907.0
116	740907.0
117	740907.0
118	740907.0
119	740907.0
120	290116.0
121	290116.0
122	290116.0
123	290116.0
124	290116.0
125	192533.0
126	192533.0
127	192533.0
128	192533.0
129	192533.0
130	351931.0
131	351931.0
132	351931.0
133	351931.0
134	351931.0
135	574294.0
136	574294.0
137	574294.0
138	574294.0
139	574294.0
140	157239.0
141	157239.0
142	157239.0
143	157239.0
144	157239.0
145	301529.0
146	301529.0
147	301529.0
148	301529.0
149	301529.0
150	708496.0
151	708496.0
152	708496.0
153	708496.0
154	708496.0
155	252908.0
156	252908.0
157	252908.0
158	252908.0
159	252908.0
160	320221.0
161	320221.0
162	320221.0
163	320221.0
164	320221.0
165	83947.0
166	83947.0
167	83947.0
168	83947.0
169	83947.0
170	484236.0
171	484236.0
172	484236.0
173	484236.0
174	484236.0
175	128851.0
176	128851.0
177	128851.0
178	128851.0
179	128851.0
180	203808.0
181	203808.0
182	203808.0
183	203808.0
184	203808.0
185	135512.0
186	135512.0
187	135512.0
188	135512.0
189	135512.0
190	301182.0
191	301182.0
192	301182.0
193	301182.0
194	301182.0
195	189862.0
196	189862.0
197	189862.0
198	189862.0
199	189862.0
200	478270.0
201	478270.0
202	478270.0
203	478270.0
204	478270.0
205	210648.0
206	210648.0
207	210648.0
208	210648.0
209	210648.0
210	40147.0
211	40147.0
212	40147.0
213	40147.0
214	40147.0
215	612669.0
216	612669.0
217	612669.0
218	612669.0
219	612669.0
220	245946.0
221	245946.0
222	245946.0
223	245946.0
224	245946.0
225	345328.0
226	345328.0
227	345328.0
228	345328.0
229	345328.0
230	334037.0
231	334037.0
232	334037.0
233	334037.0
234	334037.0
235	664990.0
236	664990.0
237	664990.0
238	664990.0
239	664990.0
240	48800.0
241	48800.0
242	48800.0
243	48800.0
244	48800.0
245	702394.0
246	702394.0
247	702394.0
248	702394.0
249	702394.0
