0	628622.0
1	628622.0
2	628622.0
3	628622.0
4	628622.0
5	603.0
6	603.0
7	603.0
8	603.0
9	603.0
10	413399.0
11	413399.0
12	413399.0
13	413399.0
14	413399.0
15	366099.0
16	366099.0
17	366099.0
18	366099.0
19	366099.0
20	555071.0
21	555071.0
22	555071.0
23	555071.0
24	555071.0
25	113034.0
26	113034.0
27	113034.0
28	113034.0
29	113034.0
30	462467.0
31	462467.0
32	462467.0
33	462467.0
34	462467.0
35	224857.0
36	224857.0
37	224857.0
38	224857.0
39	224857.0
40	396684.0
41	396684.0
42	396684.0
43	396684.0
44	396684.0
45	457588.0
46	457588.0
47	457588.0
48	457588.0
49	457588.0
50	494221.0
51	494221.0
52	494221.0
53	494221.0
54	494221.0
55	341598.0
56	341598.0
57	341598.0
58	341598.0
59	341598.0
60	146740.0
61	146740.0
62	146740.0
63	146740.0
64	146740.0
65	208757.0
66	208757.0
67	208757.0
68	208757.0
69	208757.0
70	17931.0
71	17931.0
72	17931.0
73	17931.0
74	17931.0
75	448876.0
76	448876.0
77	448876.0
78	448876.0
79	448876.0
80	387469.0
81	387469.0
82	387469.0
83	387469.0
84	387469.0
85	699239.0
86	699239.0
87	699239.0
88	699239.0
89	699239.0
90	447185.0
91	447185.0
92	447185.0
93	447185.0
94	447185.0
95	395031.0
96	395031.0
97	395031.0
98	395031.0
99	395031.0
100	219122.0
101	219122.0
102	219122.0
103	219122.0
104	219122.0
105	639003.0
106	639003.0
107	639003.0
108	639003.0
109	639003.0
110	255345.0
111	255345.0
112	255345.0
113	255345.0
114	255345.0
115	108502.0
116	108502.0
117	108502.0
118	108502.0
119	108502.0
120	542453.0
121	542453.0
122	542453.0
123	542453.0
124	542453.0
125	754239.0
126	754239.0
127	754239.0
128	754239.0
129	754239.0
130	467917.0
131	467917.0
132	467917.0
133	467917.0
134	467917.0
135	320179.0
136	320179.0
137	320179.0
138	320179.0
139	320179.0
140	175327.0
141	175327.0
142	175327.0
143	175327.0
144	175327.0
145	537975.0
146	537975.0
147	537975.0
148	537975.0
149	537975.0
150	188682.0
151	188682.0
152	188682.0
153	188682.0
154	188682.0
155	752988.0
156	752988.0
157	752988.0
158	752988.0
159	752988.0
160	660024.0
161	660024.0
162	660024.0
163	660024.0
164	660024.0
165	244004.0
166	244004.0
167	244004.0
168	244004.0
169	244004.0
170	393431.0
171	393431.0
172	393431.0
173	393431.0
174	393431.0
175	71000.0
176	71000.0
177	71000.0
178	71000.0
179	71000.0
180	297413.0
181	297413.0
182	297413.0
183	297413.0
184	297413.0
185	160110.0
186	160110.0
187	160110.0
188	160110.0
189	160110.0
190	742585.0
191	742585.0
192	742585.0
193	742585.0
194	742585.0
195	493783.0
196	493783.0
197	493783.0
198	493783.0
199	493783.0
200	605983.0
201	605983.0
202	605983.0
203	605983.0
204	605983.0
205	529988.0
206	529988.0
207	529988.0
208	529988.0
209	529988.0
210	158379.0
211	158379.0
212	158379.0
213	158379.0
214	158379.0
215	548315.0
216	548315.0
217	548315.0
218	548315.0
219	548315.0
220	269925.0
221	269925.0
222	269925.0
223	269925.0
224	269925.0
225	262760.0
226	262760.0
227	262760.0
228	262760.0
229	262760.0
230	442570.0
231	442570.0
232	442570.0
233	442570.0
234	442570.0
235	117736.0
236	117736.0
237	117736.0
238	117736.0
239	117736.0
240	83830.0
241	83830.0
242	83830.0
243	83830.0
244	83830.0
245	752724.0
246	752724.0
247	752724.0
248	752724.0
249	752724.0
