0	281629.0
1	281629.0
2	281629.0
3	281629.0
4	281629.0
5	101759.0
6	101759.0
7	101759.0
8	101759.0
9	101759.0
10	451025.0
11	451025.0
12	451025.0
13	451025.0
14	451025.0
15	390914.0
16	390914.0
17	390914.0
18	390914.0
19	390914.0
20	262210.0
21	262210.0
22	262210.0
23	262210.0
24	262210.0
25	165572.0
26	165572.0
27	165572.0
28	165572.0
29	165572.0
30	443618.0
31	443618.0
32	443618.0
33	443618.0
34	443618.0
35	706411.0
36	706411.0
37	706411.0
38	706411.0
39	706411.0
40	199433.0
41	199433.0
42	199433.0
43	199433.0
44	199433.0
45	549662.0
46	549662.0
47	549662.0
48	549662.0
49	549662.0
50	147198.0
51	147198.0
52	147198.0
53	147198.0
54	147198.0
55	485419.0
56	485419.0
57	485419.0
58	485419.0
59	485419.0
60	342824.0
61	342824.0
62	342824.0
63	342824.0
64	342824.0
65	565690.0
66	565690.0
67	565690.0
68	565690.0
69	565690.0
70	243809.0
71	243809.0
72	243809.0
73	243809.0
74	243809.0
75	182130.0
76	182130.0
77	182130.0
78	182130.0
79	182130.0
80	345596.0
81	345596.0
82	345596.0
83	345596.0
84	345596.0
85	389574.0
86	389574.0
87	389574.0
88	389574.0
89	389574.0
90	175239.0
91	175239.0
92	175239.0
93	175239.0
94	175239.0
95	322933.0
96	322933.0
97	322933.0
98	322933.0
99	322933.0
100	131980.0
101	131980.0
102	131980.0
103	131980.0
104	131980.0
105	755494.0
106	755494.0
107	755494.0
108	755494.0
109	755494.0
110	470190.0
111	470190.0
112	470190.0
113	470190.0
114	470190.0
115	407080.0
116	407080.0
117	407080.0
118	407080.0
119	407080.0
120	127727.0
121	127727.0
122	127727.0
123	127727.0
124	127727.0
125	146493.0
126	146493.0
127	146493.0
128	146493.0
129	146493.0
130	403467.0
131	403467.0
132	403467.0
133	403467.0
134	403467.0
135	277671.0
136	277671.0
137	277671.0
138	277671.0
139	277671.0
140	585566.0
141	585566.0
142	585566.0
143	585566.0
144	585566.0
145	43541.0
146	43541.0
147	43541.0
148	43541.0
149	43541.0
150	142168.0
151	142168.0
152	142168.0
153	142168.0
154	142168.0
155	275062.0
156	275062.0
157	275062.0
158	275062.0
159	275062.0
160	579494.0
161	579494.0
162	579494.0
163	579494.0
164	579494.0
165	620318.0
166	620318.0
167	620318.0
168	620318.0
169	620318.0
170	669229.0
171	669229.0
172	669229.0
173	669229.0
174	669229.0
175	610441.0
176	610441.0
177	610441.0
178	610441.0
179	610441.0
180	625352.0
181	625352.0
182	625352.0
183	625352.0
184	625352.0
185	675888.0
186	675888.0
187	675888.0
188	675888.0
189	675888.0
190	232389.0
191	232389.0
192	232389.0
193	232389.0
194	232389.0
195	754850.0
196	754850.0
197	754850.0
198	754850.0
199	754850.0
200	32187.0
201	32187.0
202	32187.0
203	32187.0
204	32187.0
205	52695.0
206	52695.0
207	52695.0
208	52695.0
209	52695.0
210	126938.0
211	126938.0
212	126938.0
213	126938.0
214	126938.0
215	215023.0
216	215023.0
217	215023.0
218	215023.0
219	215023.0
220	468988.0
221	468988.0
222	468988.0
223	468988.0
224	468988.0
225	472502.0
226	472502.0
227	472502.0
228	472502.0
229	472502.0
230	527519.0
231	527519.0
232	527519.0
233	527519.0
234	527519.0
235	591081.0
236	591081.0
237	591081.0
238	591081.0
239	591081.0
240	134700.0
241	134700.0
242	134700.0
243	134700.0
244	134700.0
245	89791.0
246	89791.0
247	89791.0
248	89791.0
249	89791.0
