0	36241.0
1	36241.0
2	36241.0
3	36241.0
4	36241.0
5	70363.0
6	70363.0
7	70363.0
8	70363.0
9	70363.0
10	507021.0
11	507021.0
12	507021.0
13	507021.0
14	507021.0
15	83562.0
16	83562.0
17	83562.0
18	83562.0
19	83562.0
20	239373.0
21	239373.0
22	239373.0
23	239373.0
24	239373.0
25	33934.0
26	33934.0
27	33934.0
28	33934.0
29	33934.0
30	669829.0
31	669829.0
32	669829.0
33	669829.0
34	669829.0
35	621746.0
36	621746.0
37	621746.0
38	621746.0
39	621746.0
40	972.0
41	972.0
42	972.0
43	972.0
44	972.0
45	83824.0
46	83824.0
47	83824.0
48	83824.0
49	83824.0
50	180434.0
51	180434.0
52	180434.0
53	180434.0
54	180434.0
55	618110.0
56	618110.0
57	618110.0
58	618110.0
59	618110.0
60	688223.0
61	688223.0
62	688223.0
63	688223.0
64	688223.0
65	501814.0
66	501814.0
67	501814.0
68	501814.0
69	501814.0
70	460106.0
71	460106.0
72	460106.0
73	460106.0
74	460106.0
75	405148.0
76	405148.0
77	405148.0
78	405148.0
79	405148.0
80	381528.0
81	381528.0
82	381528.0
83	381528.0
84	381528.0
85	325184.0
86	325184.0
87	325184.0
88	325184.0
89	325184.0
90	624253.0
91	624253.0
92	624253.0
93	624253.0
94	624253.0
95	578679.0
96	578679.0
97	578679.0
98	578679.0
99	578679.0
100	98394.0
101	98394.0
102	98394.0
103	98394.0
104	98394.0
105	133899.0
106	133899.0
107	133899.0
108	133899.0
109	133899.0
110	222009.0
111	222009.0
112	222009.0
113	222009.0
114	222009.0
115	154163.0
116	154163.0
117	154163.0
118	154163.0
119	154163.0
120	208337.0
121	208337.0
122	208337.0
123	208337.0
124	208337.0
125	632744.0
126	632744.0
127	632744.0
128	632744.0
129	632744.0
130	117593.0
131	117593.0
132	117593.0
133	117593.0
134	117593.0
135	587657.0
136	587657.0
137	587657.0
138	587657.0
139	587657.0
140	462733.0
141	462733.0
142	462733.0
143	462733.0
144	462733.0
145	464133.0
146	464133.0
147	464133.0
148	464133.0
149	464133.0
150	34728.0
151	34728.0
152	34728.0
153	34728.0
154	34728.0
155	381749.0
156	381749.0
157	381749.0
158	381749.0
159	381749.0
160	234343.0
161	234343.0
162	234343.0
163	234343.0
164	234343.0
165	645247.0
166	645247.0
167	645247.0
168	645247.0
169	645247.0
170	172028.0
171	172028.0
172	172028.0
173	172028.0
174	172028.0
175	687406.0
176	687406.0
177	687406.0
178	687406.0
179	687406.0
180	704122.0
181	704122.0
182	704122.0
183	704122.0
184	704122.0
185	282621.0
186	282621.0
187	282621.0
188	282621.0
189	282621.0
190	472143.0
191	472143.0
192	472143.0
193	472143.0
194	472143.0
195	74829.0
196	74829.0
197	74829.0
198	74829.0
199	74829.0
200	315438.0
201	315438.0
202	315438.0
203	315438.0
204	315438.0
205	63531.0
206	63531.0
207	63531.0
208	63531.0
209	63531.0
210	153616.0
211	153616.0
212	153616.0
213	153616.0
214	153616.0
215	463743.0
216	463743.0
217	463743.0
218	463743.0
219	463743.0
220	83535.0
221	83535.0
222	83535.0
223	83535.0
224	83535.0
225	357893.0
226	357893.0
227	357893.0
228	357893.0
229	357893.0
230	82077.0
231	82077.0
232	82077.0
233	82077.0
234	82077.0
235	204112.0
236	204112.0
237	204112.0
238	204112.0
239	204112.0
240	390016.0
241	390016.0
242	390016.0
243	390016.0
244	390016.0
245	1470.0
246	1470.0
247	1470.0
248	1470.0
249	1470.0
