0	206460.0
1	206460.0
2	206460.0
3	206460.0
4	206460.0
5	552696.0
6	552696.0
7	552696.0
8	552696.0
9	552696.0
10	197898.0
11	197898.0
12	197898.0
13	197898.0
14	197898.0
15	312316.0
16	312316.0
17	312316.0
18	312316.0
19	312316.0
20	523089.0
21	523089.0
22	523089.0
23	523089.0
24	523089.0
25	15026.0
26	15026.0
27	15026.0
28	15026.0
29	15026.0
30	730539.0
31	730539.0
32	730539.0
33	730539.0
34	730539.0
35	743161.0
36	743161.0
37	743161.0
38	743161.0
39	743161.0
40	176940.0
41	176940.0
42	176940.0
43	176940.0
44	176940.0
45	439626.0
46	439626.0
47	439626.0
48	439626.0
49	439626.0
50	584398.0
51	584398.0
52	584398.0
53	584398.0
54	584398.0
55	45078.0
56	45078.0
57	45078.0
58	45078.0
59	45078.0
60	418998.0
61	418998.0
62	418998.0
63	418998.0
64	418998.0
65	86884.0
66	86884.0
67	86884.0
68	86884.0
69	86884.0
70	421509.0
71	421509.0
72	421509.0
73	421509.0
74	421509.0
75	255908.0
76	255908.0
77	255908.0
78	255908.0
79	255908.0
80	241418.0
81	241418.0
82	241418.0
83	241418.0
84	241418.0
85	271153.0
86	271153.0
87	271153.0
88	271153.0
89	271153.0
90	54325.0
91	54325.0
92	54325.0
93	54325.0
94	54325.0
95	510981.0
96	510981.0
97	510981.0
98	510981.0
99	510981.0
100	343601.0
101	343601.0
102	343601.0
103	343601.0
104	343601.0
105	185625.0
106	185625.0
107	185625.0
108	185625.0
109	185625.0
110	144465.0
111	144465.0
112	144465.0
113	144465.0
114	144465.0
115	32851.0
116	32851.0
117	32851.0
118	32851.0
119	32851.0
120	88392.0
121	88392.0
122	88392.0
123	88392.0
124	88392.0
125	285109.0
126	285109.0
127	285109.0
128	285109.0
129	285109.0
130	555472.0
131	555472.0
132	555472.0
133	555472.0
134	555472.0
135	725679.0
136	725679.0
137	725679.0
138	725679.0
139	725679.0
140	577017.0
141	577017.0
142	577017.0
143	577017.0
144	577017.0
145	568489.0
146	568489.0
147	568489.0
148	568489.0
149	568489.0
150	218766.0
151	218766.0
152	218766.0
153	218766.0
154	218766.0
155	303088.0
156	303088.0
157	303088.0
158	303088.0
159	303088.0
160	99652.0
161	99652.0
162	99652.0
163	99652.0
164	99652.0
165	727539.0
166	727539.0
167	727539.0
168	727539.0
169	727539.0
170	569705.0
171	569705.0
172	569705.0
173	569705.0
174	569705.0
175	161989.0
176	161989.0
177	161989.0
178	161989.0
179	161989.0
180	13880.0
181	13880.0
182	13880.0
183	13880.0
184	13880.0
185	516850.0
186	516850.0
187	516850.0
188	516850.0
189	516850.0
190	213510.0
191	213510.0
192	213510.0
193	213510.0
194	213510.0
195	195851.0
196	195851.0
197	195851.0
198	195851.0
199	195851.0
200	69613.0
201	69613.0
202	69613.0
203	69613.0
204	69613.0
205	732232.0
206	732232.0
207	732232.0
208	732232.0
209	732232.0
210	510368.0
211	510368.0
212	510368.0
213	510368.0
214	510368.0
215	340319.0
216	340319.0
217	340319.0
218	340319.0
219	340319.0
220	448999.0
221	448999.0
222	448999.0
223	448999.0
224	448999.0
225	100794.0
226	100794.0
227	100794.0
228	100794.0
229	100794.0
230	648085.0
231	648085.0
232	648085.0
233	648085.0
234	648085.0
235	732544.0
236	732544.0
237	732544.0
238	732544.0
239	732544.0
240	66742.0
241	66742.0
242	66742.0
243	66742.0
244	66742.0
245	639950.0
246	639950.0
247	639950.0
248	639950.0
249	639950.0
