0	173105.0
1	173105.0
2	173105.0
3	173105.0
4	173105.0
5	378613.0
6	378613.0
7	378613.0
8	378613.0
9	378613.0
10	101103.0
11	101103.0
12	101103.0
13	101103.0
14	101103.0
15	638568.0
16	638568.0
17	638568.0
18	638568.0
19	638568.0
20	351734.0
21	351734.0
22	351734.0
23	351734.0
24	351734.0
25	677554.0
26	677554.0
27	677554.0
28	677554.0
29	677554.0
30	52882.0
31	52882.0
32	52882.0
33	52882.0
34	52882.0
35	92798.0
36	92798.0
37	92798.0
38	92798.0
39	92798.0
40	571224.0
41	571224.0
42	571224.0
43	571224.0
44	571224.0
45	242297.0
46	242297.0
47	242297.0
48	242297.0
49	242297.0
50	439235.0
51	439235.0
52	439235.0
53	439235.0
54	439235.0
55	383459.0
56	383459.0
57	383459.0
58	383459.0
59	383459.0
60	583348.0
61	583348.0
62	583348.0
63	583348.0
64	583348.0
65	239369.0
66	239369.0
67	239369.0
68	239369.0
69	239369.0
70	648899.0
71	648899.0
72	648899.0
73	648899.0
74	648899.0
75	492712.0
76	492712.0
77	492712.0
78	492712.0
79	492712.0
80	332603.0
81	332603.0
82	332603.0
83	332603.0
84	332603.0
85	690880.0
86	690880.0
87	690880.0
88	690880.0
89	690880.0
90	34101.0
91	34101.0
92	34101.0
93	34101.0
94	34101.0
95	644676.0
96	644676.0
97	644676.0
98	644676.0
99	644676.0
100	218887.0
101	218887.0
102	218887.0
103	218887.0
104	218887.0
105	535040.0
106	535040.0
107	535040.0
108	535040.0
109	535040.0
110	174355.0
111	174355.0
112	174355.0
113	174355.0
114	174355.0
115	559639.0
116	559639.0
117	559639.0
118	559639.0
119	559639.0
120	185874.0
121	185874.0
122	185874.0
123	185874.0
124	185874.0
125	126205.0
126	126205.0
127	126205.0
128	126205.0
129	126205.0
130	26951.0
131	26951.0
132	26951.0
133	26951.0
134	26951.0
135	156302.0
136	156302.0
137	156302.0
138	156302.0
139	156302.0
140	594596.0
141	594596.0
142	594596.0
143	594596.0
144	594596.0
145	279829.0
146	279829.0
147	279829.0
148	279829.0
149	279829.0
150	714972.0
151	714972.0
152	714972.0
153	714972.0
154	714972.0
155	685060.0
156	685060.0
157	685060.0
158	685060.0
159	685060.0
160	149864.0
161	149864.0
162	149864.0
163	149864.0
164	149864.0
165	324522.0
166	324522.0
167	324522.0
168	324522.0
169	324522.0
170	615289.0
171	615289.0
172	615289.0
173	615289.0
174	615289.0
175	533803.0
176	533803.0
177	533803.0
178	533803.0
179	533803.0
180	543643.0
181	543643.0
182	543643.0
183	543643.0
184	543643.0
185	725768.0
186	725768.0
187	725768.0
188	725768.0
189	725768.0
190	594243.0
191	594243.0
192	594243.0
193	594243.0
194	594243.0
195	640492.0
196	640492.0
197	640492.0
198	640492.0
199	640492.0
200	146910.0
201	146910.0
202	146910.0
203	146910.0
204	146910.0
205	447872.0
206	447872.0
207	447872.0
208	447872.0
209	447872.0
210	103561.0
211	103561.0
212	103561.0
213	103561.0
214	103561.0
215	282546.0
216	282546.0
217	282546.0
218	282546.0
219	282546.0
220	29009.0
221	29009.0
222	29009.0
223	29009.0
224	29009.0
225	328655.0
226	328655.0
227	328655.0
228	328655.0
229	328655.0
230	628516.0
231	628516.0
232	628516.0
233	628516.0
234	628516.0
235	529731.0
236	529731.0
237	529731.0
238	529731.0
239	529731.0
240	205129.0
241	205129.0
242	205129.0
243	205129.0
244	205129.0
245	229231.0
246	229231.0
247	229231.0
248	229231.0
249	229231.0
