0	63776.0
1	63776.0
2	63776.0
3	63776.0
4	63776.0
5	94400.0
6	94400.0
7	94400.0
8	94400.0
9	94400.0
10	610917.0
11	610917.0
12	610917.0
13	610917.0
14	610917.0
15	482571.0
16	482571.0
17	482571.0
18	482571.0
19	482571.0
20	475943.0
21	475943.0
22	475943.0
23	475943.0
24	475943.0
25	355900.0
26	355900.0
27	355900.0
28	355900.0
29	355900.0
30	732093.0
31	732093.0
32	732093.0
33	732093.0
34	732093.0
35	547469.0
36	547469.0
37	547469.0
38	547469.0
39	547469.0
40	440226.0
41	440226.0
42	440226.0
43	440226.0
44	440226.0
45	334471.0
46	334471.0
47	334471.0
48	334471.0
49	334471.0
50	326763.0
51	326763.0
52	326763.0
53	326763.0
54	326763.0
55	418241.0
56	418241.0
57	418241.0
58	418241.0
59	418241.0
60	481427.0
61	481427.0
62	481427.0
63	481427.0
64	481427.0
65	187315.0
66	187315.0
67	187315.0
68	187315.0
69	187315.0
70	37763.0
71	37763.0
72	37763.0
73	37763.0
74	37763.0
75	147511.0
76	147511.0
77	147511.0
78	147511.0
79	147511.0
80	513594.0
81	513594.0
82	513594.0
83	513594.0
84	513594.0
85	674055.0
86	674055.0
87	674055.0
88	674055.0
89	674055.0
90	402973.0
91	402973.0
92	402973.0
93	402973.0
94	402973.0
95	587034.0
96	587034.0
97	587034.0
98	587034.0
99	587034.0
100	126415.0
101	126415.0
102	126415.0
103	126415.0
104	126415.0
105	348629.0
106	348629.0
107	348629.0
108	348629.0
109	348629.0
110	468089.0
111	468089.0
112	468089.0
113	468089.0
114	468089.0
115	316108.0
116	316108.0
117	316108.0
118	316108.0
119	316108.0
120	665614.0
121	665614.0
122	665614.0
123	665614.0
124	665614.0
125	330921.0
126	330921.0
127	330921.0
128	330921.0
129	330921.0
130	576441.0
131	576441.0
132	576441.0
133	576441.0
134	576441.0
135	635440.0
136	635440.0
137	635440.0
138	635440.0
139	635440.0
140	484506.0
141	484506.0
142	484506.0
143	484506.0
144	484506.0
145	692751.0
146	692751.0
147	692751.0
148	692751.0
149	692751.0
150	727754.0
151	727754.0
152	727754.0
153	727754.0
154	727754.0
155	314344.0
156	314344.0
157	314344.0
158	314344.0
159	314344.0
160	3804.0
161	3804.0
162	3804.0
163	3804.0
164	3804.0
165	192509.0
166	192509.0
167	192509.0
168	192509.0
169	192509.0
170	613793.0
171	613793.0
172	613793.0
173	613793.0
174	613793.0
175	581283.0
176	581283.0
177	581283.0
178	581283.0
179	581283.0
180	171829.0
181	171829.0
182	171829.0
183	171829.0
184	171829.0
185	531571.0
186	531571.0
187	531571.0
188	531571.0
189	531571.0
190	84128.0
191	84128.0
192	84128.0
193	84128.0
194	84128.0
195	558481.0
196	558481.0
197	558481.0
198	558481.0
199	558481.0
200	662539.0
201	662539.0
202	662539.0
203	662539.0
204	662539.0
205	262205.0
206	262205.0
207	262205.0
208	262205.0
209	262205.0
210	614224.0
211	614224.0
212	614224.0
213	614224.0
214	614224.0
215	116239.0
216	116239.0
217	116239.0
218	116239.0
219	116239.0
220	554050.0
221	554050.0
222	554050.0
223	554050.0
224	554050.0
225	333077.0
226	333077.0
227	333077.0
228	333077.0
229	333077.0
230	427217.0
231	427217.0
232	427217.0
233	427217.0
234	427217.0
235	584018.0
236	584018.0
237	584018.0
238	584018.0
239	584018.0
240	339934.0
241	339934.0
242	339934.0
243	339934.0
244	339934.0
245	514704.0
246	514704.0
247	514704.0
248	514704.0
249	514704.0
