0	116649.0
1	116649.0
2	116649.0
3	116649.0
4	116649.0
5	206104.0
6	206104.0
7	206104.0
8	206104.0
9	206104.0
10	202806.0
11	202806.0
12	202806.0
13	202806.0
14	202806.0
15	179098.0
16	179098.0
17	179098.0
18	179098.0
19	179098.0
20	480063.0
21	480063.0
22	480063.0
23	480063.0
24	480063.0
25	463426.0
26	463426.0
27	463426.0
28	463426.0
29	463426.0
30	357734.0
31	357734.0
32	357734.0
33	357734.0
34	357734.0
35	629399.0
36	629399.0
37	629399.0
38	629399.0
39	629399.0
40	174205.0
41	174205.0
42	174205.0
43	174205.0
44	174205.0
45	213193.0
46	213193.0
47	213193.0
48	213193.0
49	213193.0
50	576849.0
51	576849.0
52	576849.0
53	576849.0
54	576849.0
55	135152.0
56	135152.0
57	135152.0
58	135152.0
59	135152.0
60	285820.0
61	285820.0
62	285820.0
63	285820.0
64	285820.0
65	302684.0
66	302684.0
67	302684.0
68	302684.0
69	302684.0
70	581350.0
71	581350.0
72	581350.0
73	581350.0
74	581350.0
75	352517.0
76	352517.0
77	352517.0
78	352517.0
79	352517.0
80	142002.0
81	142002.0
82	142002.0
83	142002.0
84	142002.0
85	364515.0
86	364515.0
87	364515.0
88	364515.0
89	364515.0
90	717609.0
91	717609.0
92	717609.0
93	717609.0
94	717609.0
95	283876.0
96	283876.0
97	283876.0
98	283876.0
99	283876.0
100	350337.0
101	350337.0
102	350337.0
103	350337.0
104	350337.0
105	741477.0
106	741477.0
107	741477.0
108	741477.0
109	741477.0
110	658150.0
111	658150.0
112	658150.0
113	658150.0
114	658150.0
115	57559.0
116	57559.0
117	57559.0
118	57559.0
119	57559.0
120	547508.0
121	547508.0
122	547508.0
123	547508.0
124	547508.0
125	738600.0
126	738600.0
127	738600.0
128	738600.0
129	738600.0
130	138086.0
131	138086.0
132	138086.0
133	138086.0
134	138086.0
135	38124.0
136	38124.0
137	38124.0
138	38124.0
139	38124.0
140	390351.0
141	390351.0
142	390351.0
143	390351.0
144	390351.0
145	64943.0
146	64943.0
147	64943.0
148	64943.0
149	64943.0
150	546485.0
151	546485.0
152	546485.0
153	546485.0
154	546485.0
155	190909.0
156	190909.0
157	190909.0
158	190909.0
159	190909.0
160	716972.0
161	716972.0
162	716972.0
163	716972.0
164	716972.0
165	27844.0
166	27844.0
167	27844.0
168	27844.0
169	27844.0
170	346995.0
171	346995.0
172	346995.0
173	346995.0
174	346995.0
175	170523.0
176	170523.0
177	170523.0
178	170523.0
179	170523.0
180	648052.0
181	648052.0
182	648052.0
183	648052.0
184	648052.0
185	541270.0
186	541270.0
187	541270.0
188	541270.0
189	541270.0
190	218976.0
191	218976.0
192	218976.0
193	218976.0
194	218976.0
195	340359.0
196	340359.0
197	340359.0
198	340359.0
199	340359.0
200	489588.0
201	489588.0
202	489588.0
203	489588.0
204	489588.0
205	300298.0
206	300298.0
207	300298.0
208	300298.0
209	300298.0
210	580611.0
211	580611.0
212	580611.0
213	580611.0
214	580611.0
215	620952.0
216	620952.0
217	620952.0
218	620952.0
219	620952.0
220	400481.0
221	400481.0
222	400481.0
223	400481.0
224	400481.0
225	109089.0
226	109089.0
227	109089.0
228	109089.0
229	109089.0
230	640306.0
231	640306.0
232	640306.0
233	640306.0
234	640306.0
235	6288.0
236	6288.0
237	6288.0
238	6288.0
239	6288.0
240	156057.0
241	156057.0
242	156057.0
243	156057.0
244	156057.0
245	170180.0
246	170180.0
247	170180.0
248	170180.0
249	170180.0
