0	60955.0
1	60955.0
2	60955.0
3	60955.0
4	60955.0
5	85099.0
6	85099.0
7	85099.0
8	85099.0
9	85099.0
10	66370.0
11	66370.0
12	66370.0
13	66370.0
14	66370.0
15	307812.0
16	307812.0
17	307812.0
18	307812.0
19	307812.0
20	317695.0
21	317695.0
22	317695.0
23	317695.0
24	317695.0
25	208341.0
26	208341.0
27	208341.0
28	208341.0
29	208341.0
30	255125.0
31	255125.0
32	255125.0
33	255125.0
34	255125.0
35	37551.0
36	37551.0
37	37551.0
38	37551.0
39	37551.0
40	132886.0
41	132886.0
42	132886.0
43	132886.0
44	132886.0
45	40664.0
46	40664.0
47	40664.0
48	40664.0
49	40664.0
50	329766.0
51	329766.0
52	329766.0
53	329766.0
54	329766.0
55	106785.0
56	106785.0
57	106785.0
58	106785.0
59	106785.0
60	151636.0
61	151636.0
62	151636.0
63	151636.0
64	151636.0
65	3425.0
66	3425.0
67	3425.0
68	3425.0
69	3425.0
70	263190.0
71	263190.0
72	263190.0
73	263190.0
74	263190.0
75	258647.0
76	258647.0
77	258647.0
78	258647.0
79	258647.0
80	68462.0
81	68462.0
82	68462.0
83	68462.0
84	68462.0
85	157831.0
86	157831.0
87	157831.0
88	157831.0
89	157831.0
90	30546.0
91	30546.0
92	30546.0
93	30546.0
94	30546.0
95	172415.0
96	172415.0
97	172415.0
98	172415.0
99	172415.0
100	286133.0
101	286133.0
102	286133.0
103	286133.0
104	286133.0
105	287810.0
106	287810.0
107	287810.0
108	287810.0
109	287810.0
110	41484.0
111	41484.0
112	41484.0
113	41484.0
114	41484.0
115	253571.0
116	253571.0
117	253571.0
118	253571.0
119	253571.0
120	187859.0
121	187859.0
122	187859.0
123	187859.0
124	187859.0
125	57223.0
126	57223.0
127	57223.0
128	57223.0
129	57223.0
130	29716.0
131	29716.0
132	29716.0
133	29716.0
134	29716.0
135	314918.0
136	314918.0
137	314918.0
138	314918.0
139	314918.0
140	158006.0
141	158006.0
142	158006.0
143	158006.0
144	158006.0
145	86420.0
146	86420.0
147	86420.0
148	86420.0
149	86420.0
150	247056.0
151	247056.0
152	247056.0
153	247056.0
154	247056.0
155	204528.0
156	204528.0
157	204528.0
158	204528.0
159	204528.0
160	157117.0
161	157117.0
162	157117.0
163	157117.0
164	157117.0
165	284885.0
166	284885.0
167	284885.0
168	284885.0
169	284885.0
170	330297.0
171	330297.0
172	330297.0
173	330297.0
174	330297.0
175	313674.0
176	313674.0
177	313674.0
178	313674.0
179	313674.0
180	309184.0
181	309184.0
182	309184.0
183	309184.0
184	309184.0
185	135421.0
186	135421.0
187	135421.0
188	135421.0
189	135421.0
190	217692.0
191	217692.0
192	217692.0
193	217692.0
194	217692.0
195	93339.0
196	93339.0
197	93339.0
198	93339.0
199	93339.0
200	296800.0
201	296800.0
202	296800.0
203	296800.0
204	296800.0
205	267666.0
206	267666.0
207	267666.0
208	267666.0
209	267666.0
210	221399.0
211	221399.0
212	221399.0
213	221399.0
214	221399.0
215	68804.0
216	68804.0
217	68804.0
218	68804.0
219	68804.0
220	295703.0
221	295703.0
222	295703.0
223	295703.0
224	295703.0
225	107442.0
226	107442.0
227	107442.0
228	107442.0
229	107442.0
230	329836.0
231	329836.0
232	329836.0
233	329836.0
234	329836.0
235	251423.0
236	251423.0
237	251423.0
238	251423.0
239	251423.0
240	234814.0
241	234814.0
242	234814.0
243	234814.0
244	234814.0
245	123884.0
246	123884.0
247	123884.0
248	123884.0
249	123884.0
