0	255056.0
1	255056.0
2	255056.0
3	255056.0
4	255056.0
5	163174.0
6	163174.0
7	163174.0
8	163174.0
9	163174.0
10	47441.0
11	47441.0
12	47441.0
13	47441.0
14	47441.0
15	280574.0
16	280574.0
17	280574.0
18	280574.0
19	280574.0
20	28652.0
21	28652.0
22	28652.0
23	28652.0
24	28652.0
25	256934.0
26	256934.0
27	256934.0
28	256934.0
29	256934.0
30	231190.0
31	231190.0
32	231190.0
33	231190.0
34	231190.0
35	217548.0
36	217548.0
37	217548.0
38	217548.0
39	217548.0
40	3139.0
41	3139.0
42	3139.0
43	3139.0
44	3139.0
45	135191.0
46	135191.0
47	135191.0
48	135191.0
49	135191.0
50	329263.0
51	329263.0
52	329263.0
53	329263.0
54	329263.0
55	132098.0
56	132098.0
57	132098.0
58	132098.0
59	132098.0
60	249926.0
61	249926.0
62	249926.0
63	249926.0
64	249926.0
65	295551.0
66	295551.0
67	295551.0
68	295551.0
69	295551.0
70	313796.0
71	313796.0
72	313796.0
73	313796.0
74	313796.0
75	29487.0
76	29487.0
77	29487.0
78	29487.0
79	29487.0
80	154747.0
81	154747.0
82	154747.0
83	154747.0
84	154747.0
85	293547.0
86	293547.0
87	293547.0
88	293547.0
89	293547.0
90	280644.0
91	280644.0
92	280644.0
93	280644.0
94	280644.0
95	265919.0
96	265919.0
97	265919.0
98	265919.0
99	265919.0
100	178323.0
101	178323.0
102	178323.0
103	178323.0
104	178323.0
105	39643.0
106	39643.0
107	39643.0
108	39643.0
109	39643.0
110	47596.0
111	47596.0
112	47596.0
113	47596.0
114	47596.0
115	114902.0
116	114902.0
117	114902.0
118	114902.0
119	114902.0
120	110869.0
121	110869.0
122	110869.0
123	110869.0
124	110869.0
125	100032.0
126	100032.0
127	100032.0
128	100032.0
129	100032.0
130	175535.0
131	175535.0
132	175535.0
133	175535.0
134	175535.0
135	47553.0
136	47553.0
137	47553.0
138	47553.0
139	47553.0
140	61652.0
141	61652.0
142	61652.0
143	61652.0
144	61652.0
145	265665.0
146	265665.0
147	265665.0
148	265665.0
149	265665.0
150	15260.0
151	15260.0
152	15260.0
153	15260.0
154	15260.0
155	131355.0
156	131355.0
157	131355.0
158	131355.0
159	131355.0
160	9172.0
161	9172.0
162	9172.0
163	9172.0
164	9172.0
165	110143.0
166	110143.0
167	110143.0
168	110143.0
169	110143.0
170	36341.0
171	36341.0
172	36341.0
173	36341.0
174	36341.0
175	1552.0
176	1552.0
177	1552.0
178	1552.0
179	1552.0
180	283610.0
181	283610.0
182	283610.0
183	283610.0
184	283610.0
185	67771.0
186	67771.0
187	67771.0
188	67771.0
189	67771.0
190	250347.0
191	250347.0
192	250347.0
193	250347.0
194	250347.0
195	230427.0
196	230427.0
197	230427.0
198	230427.0
199	230427.0
200	145422.0
201	145422.0
202	145422.0
203	145422.0
204	145422.0
205	71025.0
206	71025.0
207	71025.0
208	71025.0
209	71025.0
210	36594.0
211	36594.0
212	36594.0
213	36594.0
214	36594.0
215	153538.0
216	153538.0
217	153538.0
218	153538.0
219	153538.0
220	11122.0
221	11122.0
222	11122.0
223	11122.0
224	11122.0
225	277817.0
226	277817.0
227	277817.0
228	277817.0
229	277817.0
230	56556.0
231	56556.0
232	56556.0
233	56556.0
234	56556.0
235	167495.0
236	167495.0
237	167495.0
238	167495.0
239	167495.0
240	247923.0
241	247923.0
242	247923.0
243	247923.0
244	247923.0
245	299751.0
246	299751.0
247	299751.0
248	299751.0
249	299751.0
