0	172182.0
1	172182.0
2	172182.0
3	172182.0
4	172182.0
5	227828.0
6	227828.0
7	227828.0
8	227828.0
9	227828.0
10	285318.0
11	285318.0
12	285318.0
13	285318.0
14	285318.0
15	129606.0
16	129606.0
17	129606.0
18	129606.0
19	129606.0
20	330040.0
21	330040.0
22	330040.0
23	330040.0
24	330040.0
25	333674.0
26	333674.0
27	333674.0
28	333674.0
29	333674.0
30	169654.0
31	169654.0
32	169654.0
33	169654.0
34	169654.0
35	148457.0
36	148457.0
37	148457.0
38	148457.0
39	148457.0
40	219705.0
41	219705.0
42	219705.0
43	219705.0
44	219705.0
45	9403.0
46	9403.0
47	9403.0
48	9403.0
49	9403.0
50	273816.0
51	273816.0
52	273816.0
53	273816.0
54	273816.0
55	154177.0
56	154177.0
57	154177.0
58	154177.0
59	154177.0
60	129730.0
61	129730.0
62	129730.0
63	129730.0
64	129730.0
65	93360.0
66	93360.0
67	93360.0
68	93360.0
69	93360.0
70	186310.0
71	186310.0
72	186310.0
73	186310.0
74	186310.0
75	36058.0
76	36058.0
77	36058.0
78	36058.0
79	36058.0
80	89112.0
81	89112.0
82	89112.0
83	89112.0
84	89112.0
85	3983.0
86	3983.0
87	3983.0
88	3983.0
89	3983.0
90	243486.0
91	243486.0
92	243486.0
93	243486.0
94	243486.0
95	163332.0
96	163332.0
97	163332.0
98	163332.0
99	163332.0
100	106797.0
101	106797.0
102	106797.0
103	106797.0
104	106797.0
105	96877.0
106	96877.0
107	96877.0
108	96877.0
109	96877.0
110	171826.0
111	171826.0
112	171826.0
113	171826.0
114	171826.0
115	282634.0
116	282634.0
117	282634.0
118	282634.0
119	282634.0
120	184779.0
121	184779.0
122	184779.0
123	184779.0
124	184779.0
125	29634.0
126	29634.0
127	29634.0
128	29634.0
129	29634.0
130	183237.0
131	183237.0
132	183237.0
133	183237.0
134	183237.0
135	239053.0
136	239053.0
137	239053.0
138	239053.0
139	239053.0
140	262085.0
141	262085.0
142	262085.0
143	262085.0
144	262085.0
145	245951.0
146	245951.0
147	245951.0
148	245951.0
149	245951.0
150	102499.0
151	102499.0
152	102499.0
153	102499.0
154	102499.0
155	153649.0
156	153649.0
157	153649.0
158	153649.0
159	153649.0
160	197370.0
161	197370.0
162	197370.0
163	197370.0
164	197370.0
165	197516.0
166	197516.0
167	197516.0
168	197516.0
169	197516.0
170	278818.0
171	278818.0
172	278818.0
173	278818.0
174	278818.0
175	44643.0
176	44643.0
177	44643.0
178	44643.0
179	44643.0
180	291239.0
181	291239.0
182	291239.0
183	291239.0
184	291239.0
185	37643.0
186	37643.0
187	37643.0
188	37643.0
189	37643.0
190	183806.0
191	183806.0
192	183806.0
193	183806.0
194	183806.0
195	10998.0
196	10998.0
197	10998.0
198	10998.0
199	10998.0
200	112994.0
201	112994.0
202	112994.0
203	112994.0
204	112994.0
205	235701.0
206	235701.0
207	235701.0
208	235701.0
209	235701.0
210	328235.0
211	328235.0
212	328235.0
213	328235.0
214	328235.0
215	326068.0
216	326068.0
217	326068.0
218	326068.0
219	326068.0
220	218404.0
221	218404.0
222	218404.0
223	218404.0
224	218404.0
225	137547.0
226	137547.0
227	137547.0
228	137547.0
229	137547.0
230	271782.0
231	271782.0
232	271782.0
233	271782.0
234	271782.0
235	102544.0
236	102544.0
237	102544.0
238	102544.0
239	102544.0
240	298084.0
241	298084.0
242	298084.0
243	298084.0
244	298084.0
245	8566.0
246	8566.0
247	8566.0
248	8566.0
249	8566.0
