0	214314.0
1	214314.0
2	214314.0
3	214314.0
4	214314.0
5	308695.0
6	308695.0
7	308695.0
8	308695.0
9	308695.0
10	75844.0
11	75844.0
12	75844.0
13	75844.0
14	75844.0
15	118437.0
16	118437.0
17	118437.0
18	118437.0
19	118437.0
20	176555.0
21	176555.0
22	176555.0
23	176555.0
24	176555.0
25	137601.0
26	137601.0
27	137601.0
28	137601.0
29	137601.0
30	139011.0
31	139011.0
32	139011.0
33	139011.0
34	139011.0
35	318223.0
36	318223.0
37	318223.0
38	318223.0
39	318223.0
40	139307.0
41	139307.0
42	139307.0
43	139307.0
44	139307.0
45	115906.0
46	115906.0
47	115906.0
48	115906.0
49	115906.0
50	63933.0
51	63933.0
52	63933.0
53	63933.0
54	63933.0
55	76708.0
56	76708.0
57	76708.0
58	76708.0
59	76708.0
60	276313.0
61	276313.0
62	276313.0
63	276313.0
64	276313.0
65	17003.0
66	17003.0
67	17003.0
68	17003.0
69	17003.0
70	159090.0
71	159090.0
72	159090.0
73	159090.0
74	159090.0
75	213916.0
76	213916.0
77	213916.0
78	213916.0
79	213916.0
80	65949.0
81	65949.0
82	65949.0
83	65949.0
84	65949.0
85	153821.0
86	153821.0
87	153821.0
88	153821.0
89	153821.0
90	32743.0
91	32743.0
92	32743.0
93	32743.0
94	32743.0
95	199176.0
96	199176.0
97	199176.0
98	199176.0
99	199176.0
100	73497.0
101	73497.0
102	73497.0
103	73497.0
104	73497.0
105	14910.0
106	14910.0
107	14910.0
108	14910.0
109	14910.0
110	163288.0
111	163288.0
112	163288.0
113	163288.0
114	163288.0
115	42543.0
116	42543.0
117	42543.0
118	42543.0
119	42543.0
120	291287.0
121	291287.0
122	291287.0
123	291287.0
124	291287.0
125	97381.0
126	97381.0
127	97381.0
128	97381.0
129	97381.0
130	37084.0
131	37084.0
132	37084.0
133	37084.0
134	37084.0
135	236104.0
136	236104.0
137	236104.0
138	236104.0
139	236104.0
140	272744.0
141	272744.0
142	272744.0
143	272744.0
144	272744.0
145	79951.0
146	79951.0
147	79951.0
148	79951.0
149	79951.0
150	217563.0
151	217563.0
152	217563.0
153	217563.0
154	217563.0
155	238872.0
156	238872.0
157	238872.0
158	238872.0
159	238872.0
160	314118.0
161	314118.0
162	314118.0
163	314118.0
164	314118.0
165	213712.0
166	213712.0
167	213712.0
168	213712.0
169	213712.0
170	325176.0
171	325176.0
172	325176.0
173	325176.0
174	325176.0
175	132385.0
176	132385.0
177	132385.0
178	132385.0
179	132385.0
180	191141.0
181	191141.0
182	191141.0
183	191141.0
184	191141.0
185	210564.0
186	210564.0
187	210564.0
188	210564.0
189	210564.0
190	295073.0
191	295073.0
192	295073.0
193	295073.0
194	295073.0
195	294609.0
196	294609.0
197	294609.0
198	294609.0
199	294609.0
200	63184.0
201	63184.0
202	63184.0
203	63184.0
204	63184.0
205	239651.0
206	239651.0
207	239651.0
208	239651.0
209	239651.0
210	284498.0
211	284498.0
212	284498.0
213	284498.0
214	284498.0
215	257491.0
216	257491.0
217	257491.0
218	257491.0
219	257491.0
220	206693.0
221	206693.0
222	206693.0
223	206693.0
224	206693.0
225	38983.0
226	38983.0
227	38983.0
228	38983.0
229	38983.0
230	227132.0
231	227132.0
232	227132.0
233	227132.0
234	227132.0
235	44514.0
236	44514.0
237	44514.0
238	44514.0
239	44514.0
240	287331.0
241	287331.0
242	287331.0
243	287331.0
244	287331.0
245	41749.0
246	41749.0
247	41749.0
248	41749.0
249	41749.0
