0	326520.0
1	326520.0
2	326520.0
3	326520.0
4	326520.0
5	316724.0
6	316724.0
7	316724.0
8	316724.0
9	316724.0
10	94534.0
11	94534.0
12	94534.0
13	94534.0
14	94534.0
15	251300.0
16	251300.0
17	251300.0
18	251300.0
19	251300.0
20	117577.0
21	117577.0
22	117577.0
23	117577.0
24	117577.0
25	137523.0
26	137523.0
27	137523.0
28	137523.0
29	137523.0
30	159761.0
31	159761.0
32	159761.0
33	159761.0
34	159761.0
35	280836.0
36	280836.0
37	280836.0
38	280836.0
39	280836.0
40	164940.0
41	164940.0
42	164940.0
43	164940.0
44	164940.0
45	252858.0
46	252858.0
47	252858.0
48	252858.0
49	252858.0
50	273571.0
51	273571.0
52	273571.0
53	273571.0
54	273571.0
55	325251.0
56	325251.0
57	325251.0
58	325251.0
59	325251.0
60	29524.0
61	29524.0
62	29524.0
63	29524.0
64	29524.0
65	39733.0
66	39733.0
67	39733.0
68	39733.0
69	39733.0
70	274143.0
71	274143.0
72	274143.0
73	274143.0
74	274143.0
75	30072.0
76	30072.0
77	30072.0
78	30072.0
79	30072.0
80	169804.0
81	169804.0
82	169804.0
83	169804.0
84	169804.0
85	132182.0
86	132182.0
87	132182.0
88	132182.0
89	132182.0
90	85082.0
91	85082.0
92	85082.0
93	85082.0
94	85082.0
95	154811.0
96	154811.0
97	154811.0
98	154811.0
99	154811.0
100	147748.0
101	147748.0
102	147748.0
103	147748.0
104	147748.0
105	20977.0
106	20977.0
107	20977.0
108	20977.0
109	20977.0
110	40911.0
111	40911.0
112	40911.0
113	40911.0
114	40911.0
115	25237.0
116	25237.0
117	25237.0
118	25237.0
119	25237.0
120	77827.0
121	77827.0
122	77827.0
123	77827.0
124	77827.0
125	183371.0
126	183371.0
127	183371.0
128	183371.0
129	183371.0
130	295120.0
131	295120.0
132	295120.0
133	295120.0
134	295120.0
135	146019.0
136	146019.0
137	146019.0
138	146019.0
139	146019.0
140	65884.0
141	65884.0
142	65884.0
143	65884.0
144	65884.0
145	137312.0
146	137312.0
147	137312.0
148	137312.0
149	137312.0
150	176676.0
151	176676.0
152	176676.0
153	176676.0
154	176676.0
155	315326.0
156	315326.0
157	315326.0
158	315326.0
159	315326.0
160	171758.0
161	171758.0
162	171758.0
163	171758.0
164	171758.0
165	224686.0
166	224686.0
167	224686.0
168	224686.0
169	224686.0
170	46919.0
171	46919.0
172	46919.0
173	46919.0
174	46919.0
175	117383.0
176	117383.0
177	117383.0
178	117383.0
179	117383.0
180	155013.0
181	155013.0
182	155013.0
183	155013.0
184	155013.0
185	271697.0
186	271697.0
187	271697.0
188	271697.0
189	271697.0
190	172958.0
191	172958.0
192	172958.0
193	172958.0
194	172958.0
195	108826.0
196	108826.0
197	108826.0
198	108826.0
199	108826.0
200	153286.0
201	153286.0
202	153286.0
203	153286.0
204	153286.0
205	250190.0
206	250190.0
207	250190.0
208	250190.0
209	250190.0
210	191017.0
211	191017.0
212	191017.0
213	191017.0
214	191017.0
215	243641.0
216	243641.0
217	243641.0
218	243641.0
219	243641.0
220	185479.0
221	185479.0
222	185479.0
223	185479.0
224	185479.0
225	199604.0
226	199604.0
227	199604.0
228	199604.0
229	199604.0
230	117963.0
231	117963.0
232	117963.0
233	117963.0
234	117963.0
235	65679.0
236	65679.0
237	65679.0
238	65679.0
239	65679.0
240	164550.0
241	164550.0
242	164550.0
243	164550.0
244	164550.0
245	255754.0
246	255754.0
247	255754.0
248	255754.0
249	255754.0
