0	258134.0
1	258134.0
2	258134.0
3	258134.0
4	258134.0
5	239465.0
6	239465.0
7	239465.0
8	239465.0
9	239465.0
10	293469.0
11	293469.0
12	293469.0
13	293469.0
14	293469.0
15	208308.0
16	208308.0
17	208308.0
18	208308.0
19	208308.0
20	129855.0
21	129855.0
22	129855.0
23	129855.0
24	129855.0
25	128565.0
26	128565.0
27	128565.0
28	128565.0
29	128565.0
30	14294.0
31	14294.0
32	14294.0
33	14294.0
34	14294.0
35	199409.0
36	199409.0
37	199409.0
38	199409.0
39	199409.0
40	290839.0
41	290839.0
42	290839.0
43	290839.0
44	290839.0
45	111785.0
46	111785.0
47	111785.0
48	111785.0
49	111785.0
50	72682.0
51	72682.0
52	72682.0
53	72682.0
54	72682.0
55	276622.0
56	276622.0
57	276622.0
58	276622.0
59	276622.0
60	192329.0
61	192329.0
62	192329.0
63	192329.0
64	192329.0
65	264588.0
66	264588.0
67	264588.0
68	264588.0
69	264588.0
70	23578.0
71	23578.0
72	23578.0
73	23578.0
74	23578.0
75	6781.0
76	6781.0
77	6781.0
78	6781.0
79	6781.0
80	293124.0
81	293124.0
82	293124.0
83	293124.0
84	293124.0
85	287656.0
86	287656.0
87	287656.0
88	287656.0
89	287656.0
90	122884.0
91	122884.0
92	122884.0
93	122884.0
94	122884.0
95	311565.0
96	311565.0
97	311565.0
98	311565.0
99	311565.0
100	214999.0
101	214999.0
102	214999.0
103	214999.0
104	214999.0
105	253774.0
106	253774.0
107	253774.0
108	253774.0
109	253774.0
110	177797.0
111	177797.0
112	177797.0
113	177797.0
114	177797.0
115	158698.0
116	158698.0
117	158698.0
118	158698.0
119	158698.0
120	243420.0
121	243420.0
122	243420.0
123	243420.0
124	243420.0
125	194841.0
126	194841.0
127	194841.0
128	194841.0
129	194841.0
130	261661.0
131	261661.0
132	261661.0
133	261661.0
134	261661.0
135	253158.0
136	253158.0
137	253158.0
138	253158.0
139	253158.0
140	288764.0
141	288764.0
142	288764.0
143	288764.0
144	288764.0
145	328199.0
146	328199.0
147	328199.0
148	328199.0
149	328199.0
150	132166.0
151	132166.0
152	132166.0
153	132166.0
154	132166.0
155	252519.0
156	252519.0
157	252519.0
158	252519.0
159	252519.0
160	56736.0
161	56736.0
162	56736.0
163	56736.0
164	56736.0
165	167553.0
166	167553.0
167	167553.0
168	167553.0
169	167553.0
170	71801.0
171	71801.0
172	71801.0
173	71801.0
174	71801.0
175	96842.0
176	96842.0
177	96842.0
178	96842.0
179	96842.0
180	250726.0
181	250726.0
182	250726.0
183	250726.0
184	250726.0
185	95617.0
186	95617.0
187	95617.0
188	95617.0
189	95617.0
190	316327.0
191	316327.0
192	316327.0
193	316327.0
194	316327.0
195	44007.0
196	44007.0
197	44007.0
198	44007.0
199	44007.0
200	45045.0
201	45045.0
202	45045.0
203	45045.0
204	45045.0
205	159989.0
206	159989.0
207	159989.0
208	159989.0
209	159989.0
210	110434.0
211	110434.0
212	110434.0
213	110434.0
214	110434.0
215	42036.0
216	42036.0
217	42036.0
218	42036.0
219	42036.0
220	53041.0
221	53041.0
222	53041.0
223	53041.0
224	53041.0
225	297858.0
226	297858.0
227	297858.0
228	297858.0
229	297858.0
230	248363.0
231	248363.0
232	248363.0
233	248363.0
234	248363.0
235	217745.0
236	217745.0
237	217745.0
238	217745.0
239	217745.0
240	231718.0
241	231718.0
242	231718.0
243	231718.0
244	231718.0
245	149924.0
246	149924.0
247	149924.0
248	149924.0
249	149924.0
