0	313691.0
1	313691.0
2	313691.0
3	313691.0
4	313691.0
5	70622.0
6	70622.0
7	70622.0
8	70622.0
9	70622.0
10	4931.0
11	4931.0
12	4931.0
13	4931.0
14	4931.0
15	266198.0
16	266198.0
17	266198.0
18	266198.0
19	266198.0
20	193708.0
21	193708.0
22	193708.0
23	193708.0
24	193708.0
25	230402.0
26	230402.0
27	230402.0
28	230402.0
29	230402.0
30	218281.0
31	218281.0
32	218281.0
33	218281.0
34	218281.0
35	221444.0
36	221444.0
37	221444.0
38	221444.0
39	221444.0
40	310534.0
41	310534.0
42	310534.0
43	310534.0
44	310534.0
45	27363.0
46	27363.0
47	27363.0
48	27363.0
49	27363.0
50	52011.0
51	52011.0
52	52011.0
53	52011.0
54	52011.0
55	13811.0
56	13811.0
57	13811.0
58	13811.0
59	13811.0
60	111386.0
61	111386.0
62	111386.0
63	111386.0
64	111386.0
65	67199.0
66	67199.0
67	67199.0
68	67199.0
69	67199.0
70	94649.0
71	94649.0
72	94649.0
73	94649.0
74	94649.0
75	10603.0
76	10603.0
77	10603.0
78	10603.0
79	10603.0
80	258187.0
81	258187.0
82	258187.0
83	258187.0
84	258187.0
85	79430.0
86	79430.0
87	79430.0
88	79430.0
89	79430.0
90	145058.0
91	145058.0
92	145058.0
93	145058.0
94	145058.0
95	154769.0
96	154769.0
97	154769.0
98	154769.0
99	154769.0
100	90989.0
101	90989.0
102	90989.0
103	90989.0
104	90989.0
105	163660.0
106	163660.0
107	163660.0
108	163660.0
109	163660.0
110	54317.0
111	54317.0
112	54317.0
113	54317.0
114	54317.0
115	108912.0
116	108912.0
117	108912.0
118	108912.0
119	108912.0
120	56156.0
121	56156.0
122	56156.0
123	56156.0
124	56156.0
125	80367.0
126	80367.0
127	80367.0
128	80367.0
129	80367.0
130	330405.0
131	330405.0
132	330405.0
133	330405.0
134	330405.0
135	318620.0
136	318620.0
137	318620.0
138	318620.0
139	318620.0
140	136471.0
141	136471.0
142	136471.0
143	136471.0
144	136471.0
145	103652.0
146	103652.0
147	103652.0
148	103652.0
149	103652.0
150	176414.0
151	176414.0
152	176414.0
153	176414.0
154	176414.0
155	146788.0
156	146788.0
157	146788.0
158	146788.0
159	146788.0
160	92651.0
161	92651.0
162	92651.0
163	92651.0
164	92651.0
165	306271.0
166	306271.0
167	306271.0
168	306271.0
169	306271.0
170	95754.0
171	95754.0
172	95754.0
173	95754.0
174	95754.0
175	146778.0
176	146778.0
177	146778.0
178	146778.0
179	146778.0
180	158325.0
181	158325.0
182	158325.0
183	158325.0
184	158325.0
185	71219.0
186	71219.0
187	71219.0
188	71219.0
189	71219.0
190	310505.0
191	310505.0
192	310505.0
193	310505.0
194	310505.0
195	122487.0
196	122487.0
197	122487.0
198	122487.0
199	122487.0
200	139906.0
201	139906.0
202	139906.0
203	139906.0
204	139906.0
205	44953.0
206	44953.0
207	44953.0
208	44953.0
209	44953.0
210	287215.0
211	287215.0
212	287215.0
213	287215.0
214	287215.0
215	197009.0
216	197009.0
217	197009.0
218	197009.0
219	197009.0
220	200252.0
221	200252.0
222	200252.0
223	200252.0
224	200252.0
225	259062.0
226	259062.0
227	259062.0
228	259062.0
229	259062.0
230	227805.0
231	227805.0
232	227805.0
233	227805.0
234	227805.0
235	227591.0
236	227591.0
237	227591.0
238	227591.0
239	227591.0
240	182500.0
241	182500.0
242	182500.0
243	182500.0
244	182500.0
245	319490.0
246	319490.0
247	319490.0
248	319490.0
249	319490.0
