0	287856.0
1	287856.0
2	287856.0
3	287856.0
4	287856.0
5	328622.0
6	328622.0
7	328622.0
8	328622.0
9	328622.0
10	256499.0
11	256499.0
12	256499.0
13	256499.0
14	256499.0
15	186950.0
16	186950.0
17	186950.0
18	186950.0
19	186950.0
20	672.0
21	672.0
22	672.0
23	672.0
24	672.0
25	238505.0
26	238505.0
27	238505.0
28	238505.0
29	238505.0
30	73735.0
31	73735.0
32	73735.0
33	73735.0
34	73735.0
35	316680.0
36	316680.0
37	316680.0
38	316680.0
39	316680.0
40	163943.0
41	163943.0
42	163943.0
43	163943.0
44	163943.0
45	190110.0
46	190110.0
47	190110.0
48	190110.0
49	190110.0
50	188898.0
51	188898.0
52	188898.0
53	188898.0
54	188898.0
55	174938.0
56	174938.0
57	174938.0
58	174938.0
59	174938.0
60	149775.0
61	149775.0
62	149775.0
63	149775.0
64	149775.0
65	263902.0
66	263902.0
67	263902.0
68	263902.0
69	263902.0
70	191860.0
71	191860.0
72	191860.0
73	191860.0
74	191860.0
75	251482.0
76	251482.0
77	251482.0
78	251482.0
79	251482.0
80	229389.0
81	229389.0
82	229389.0
83	229389.0
84	229389.0
85	168983.0
86	168983.0
87	168983.0
88	168983.0
89	168983.0
90	155765.0
91	155765.0
92	155765.0
93	155765.0
94	155765.0
95	210.0
96	210.0
97	210.0
98	210.0
99	210.0
100	185985.0
101	185985.0
102	185985.0
103	185985.0
104	185985.0
105	306648.0
106	306648.0
107	306648.0
108	306648.0
109	306648.0
110	271647.0
111	271647.0
112	271647.0
113	271647.0
114	271647.0
115	22828.0
116	22828.0
117	22828.0
118	22828.0
119	22828.0
120	251800.0
121	251800.0
122	251800.0
123	251800.0
124	251800.0
125	190536.0
126	190536.0
127	190536.0
128	190536.0
129	190536.0
130	256586.0
131	256586.0
132	256586.0
133	256586.0
134	256586.0
135	238535.0
136	238535.0
137	238535.0
138	238535.0
139	238535.0
140	238742.0
141	238742.0
142	238742.0
143	238742.0
144	238742.0
145	138719.0
146	138719.0
147	138719.0
148	138719.0
149	138719.0
150	257403.0
151	257403.0
152	257403.0
153	257403.0
154	257403.0
155	130368.0
156	130368.0
157	130368.0
158	130368.0
159	130368.0
160	33813.0
161	33813.0
162	33813.0
163	33813.0
164	33813.0
165	239917.0
166	239917.0
167	239917.0
168	239917.0
169	239917.0
170	32828.0
171	32828.0
172	32828.0
173	32828.0
174	32828.0
175	130287.0
176	130287.0
177	130287.0
178	130287.0
179	130287.0
180	30761.0
181	30761.0
182	30761.0
183	30761.0
184	30761.0
185	191340.0
186	191340.0
187	191340.0
188	191340.0
189	191340.0
190	227524.0
191	227524.0
192	227524.0
193	227524.0
194	227524.0
195	193203.0
196	193203.0
197	193203.0
198	193203.0
199	193203.0
200	212561.0
201	212561.0
202	212561.0
203	212561.0
204	212561.0
205	147489.0
206	147489.0
207	147489.0
208	147489.0
209	147489.0
210	223859.0
211	223859.0
212	223859.0
213	223859.0
214	223859.0
215	68311.0
216	68311.0
217	68311.0
218	68311.0
219	68311.0
220	179113.0
221	179113.0
222	179113.0
223	179113.0
224	179113.0
225	218662.0
226	218662.0
227	218662.0
228	218662.0
229	218662.0
230	254379.0
231	254379.0
232	254379.0
233	254379.0
234	254379.0
235	287820.0
236	287820.0
237	287820.0
238	287820.0
239	287820.0
240	81582.0
241	81582.0
242	81582.0
243	81582.0
244	81582.0
245	46945.0
246	46945.0
247	46945.0
248	46945.0
249	46945.0
