0	4962.0
1	4962.0
2	4962.0
3	4962.0
4	4962.0
5	8613.0
6	8613.0
7	8613.0
8	8613.0
9	8613.0
10	1766.0
11	1766.0
12	1766.0
13	1766.0
14	1766.0
15	7887.0
16	7887.0
17	7887.0
18	7887.0
19	7887.0
20	4274.0
21	4274.0
22	4274.0
23	4274.0
24	4274.0
25	8976.0
26	8976.0
27	8976.0
28	8976.0
29	8976.0
30	5525.0
31	5525.0
32	5525.0
33	5525.0
34	5525.0
35	2437.0
36	2437.0
37	2437.0
38	2437.0
39	2437.0
40	3330.0
41	3330.0
42	3330.0
43	3330.0
44	3330.0
45	8874.0
46	8874.0
47	8874.0
48	8874.0
49	8874.0
50	3049.0
51	3049.0
52	3049.0
53	3049.0
54	3049.0
55	9318.0
56	9318.0
57	9318.0
58	9318.0
59	9318.0
60	4581.0
61	4581.0
62	4581.0
63	4581.0
64	4581.0
65	1024.0
66	1024.0
67	1024.0
68	1024.0
69	1024.0
70	8209.0
71	8209.0
72	8209.0
73	8209.0
74	8209.0
75	8948.0
76	8948.0
77	8948.0
78	8948.0
79	8948.0
80	6345.0
81	6345.0
82	6345.0
83	6345.0
84	6345.0
85	3980.0
86	3980.0
87	3980.0
88	3980.0
89	3980.0
90	3120.0
91	3120.0
92	3120.0
93	3120.0
94	3120.0
95	4418.0
96	4418.0
97	4418.0
98	4418.0
99	4418.0
100	1073.0
101	1073.0
102	1073.0
103	1073.0
104	1073.0
105	8345.0
106	8345.0
107	8345.0
108	8345.0
109	8345.0
110	5883.0
111	5883.0
112	5883.0
113	5883.0
114	5883.0
115	9030.0
116	9030.0
117	9030.0
118	9030.0
119	9030.0
120	5241.0
121	5241.0
122	5241.0
123	5241.0
124	5241.0
125	4054.0
126	4054.0
127	4054.0
128	4054.0
129	4054.0
130	362.0
131	362.0
132	362.0
133	362.0
134	362.0
135	1409.0
136	1409.0
137	1409.0
138	1409.0
139	1409.0
140	315.0
141	315.0
142	315.0
143	315.0
144	315.0
145	4780.0
146	4780.0
147	4780.0
148	4780.0
149	4780.0
150	8458.0
151	8458.0
152	8458.0
153	8458.0
154	8458.0
155	1584.0
156	1584.0
157	1584.0
158	1584.0
159	1584.0
160	4136.0
161	4136.0
162	4136.0
163	4136.0
164	4136.0
165	1291.0
166	1291.0
167	1291.0
168	1291.0
169	1291.0
170	706.0
171	706.0
172	706.0
173	706.0
174	706.0
175	6575.0
176	6575.0
177	6575.0
178	6575.0
179	6575.0
180	4240.0
181	4240.0
182	4240.0
183	4240.0
184	4240.0
185	8431.0
186	8431.0
187	8431.0
188	8431.0
189	8431.0
190	3428.0
191	3428.0
192	3428.0
193	3428.0
194	3428.0
195	3242.0
196	3242.0
197	3242.0
198	3242.0
199	3242.0
200	5179.0
201	5179.0
202	5179.0
203	5179.0
204	5179.0
205	3216.0
206	3216.0
207	3216.0
208	3216.0
209	3216.0
210	6770.0
211	6770.0
212	6770.0
213	6770.0
214	6770.0
215	919.0
216	919.0
217	919.0
218	919.0
219	919.0
220	3733.0
221	3733.0
222	3733.0
223	3733.0
224	3733.0
225	2440.0
226	2440.0
227	2440.0
228	2440.0
229	2440.0
230	8263.0
231	8263.0
232	8263.0
233	8263.0
234	8263.0
235	4695.0
236	4695.0
237	4695.0
238	4695.0
239	4695.0
240	6163.0
241	6163.0
242	6163.0
243	6163.0
244	6163.0
245	4332.0
246	4332.0
247	4332.0
248	4332.0
249	4332.0
