0	3312.0
1	3312.0
2	3312.0
3	3312.0
4	3312.0
5	4135.0
6	4135.0
7	4135.0
8	4135.0
9	4135.0
10	1223.0
11	1223.0
12	1223.0
13	1223.0
14	1223.0
15	223.0
16	223.0
17	223.0
18	223.0
19	223.0
20	2594.0
21	2594.0
22	2594.0
23	2594.0
24	2594.0
25	1285.0
26	1285.0
27	1285.0
28	1285.0
29	1285.0
30	4204.0
31	4204.0
32	4204.0
33	4204.0
34	4204.0
35	4865.0
36	4865.0
37	4865.0
38	4865.0
39	4865.0
40	567.0
41	567.0
42	567.0
43	567.0
44	567.0
45	804.0
46	804.0
47	804.0
48	804.0
49	804.0
50	6507.0
51	6507.0
52	6507.0
53	6507.0
54	6507.0
55	4525.0
56	4525.0
57	4525.0
58	4525.0
59	4525.0
60	4184.0
61	4184.0
62	4184.0
63	4184.0
64	4184.0
65	2061.0
66	2061.0
67	2061.0
68	2061.0
69	2061.0
70	3090.0
71	3090.0
72	3090.0
73	3090.0
74	3090.0
75	3620.0
76	3620.0
77	3620.0
78	3620.0
79	3620.0
80	3616.0
81	3616.0
82	3616.0
83	3616.0
84	3616.0
85	1360.0
86	1360.0
87	1360.0
88	1360.0
89	1360.0
90	1112.0
91	1112.0
92	1112.0
93	1112.0
94	1112.0
95	1912.0
96	1912.0
97	1912.0
98	1912.0
99	1912.0
100	1736.0
101	1736.0
102	1736.0
103	1736.0
104	1736.0
105	4778.0
106	4778.0
107	4778.0
108	4778.0
109	4778.0
110	5414.0
111	5414.0
112	5414.0
113	5414.0
114	5414.0
115	3842.0
116	3842.0
117	3842.0
118	3842.0
119	3842.0
120	1822.0
121	1822.0
122	1822.0
123	1822.0
124	1822.0
125	784.0
126	784.0
127	784.0
128	784.0
129	784.0
130	4528.0
131	4528.0
132	4528.0
133	4528.0
134	4528.0
135	3652.0
136	3652.0
137	3652.0
138	3652.0
139	3652.0
140	4367.0
141	4367.0
142	4367.0
143	4367.0
144	4367.0
145	5848.0
146	5848.0
147	5848.0
148	5848.0
149	5848.0
150	1636.0
151	1636.0
152	1636.0
153	1636.0
154	1636.0
155	6562.0
156	6562.0
157	6562.0
158	6562.0
159	6562.0
160	6859.0
161	6859.0
162	6859.0
163	6859.0
164	6859.0
165	5996.0
166	5996.0
167	5996.0
168	5996.0
169	5996.0
170	1308.0
171	1308.0
172	1308.0
173	1308.0
174	1308.0
175	986.0
176	986.0
177	986.0
178	986.0
179	986.0
180	2255.0
181	2255.0
182	2255.0
183	2255.0
184	2255.0
185	24.0
186	24.0
187	24.0
188	24.0
189	24.0
190	5951.0
191	5951.0
192	5951.0
193	5951.0
194	5951.0
195	2437.0
196	2437.0
197	2437.0
198	2437.0
199	2437.0
200	2825.0
201	2825.0
202	2825.0
203	2825.0
204	2825.0
205	1569.0
206	1569.0
207	1569.0
208	1569.0
209	1569.0
210	1757.0
211	1757.0
212	1757.0
213	1757.0
214	1757.0
215	6788.0
216	6788.0
217	6788.0
218	6788.0
219	6788.0
220	5246.0
221	5246.0
222	5246.0
223	5246.0
224	5246.0
225	5318.0
226	5318.0
227	5318.0
228	5318.0
229	5318.0
230	2878.0
231	2878.0
232	2878.0
233	2878.0
234	2878.0
235	3620.0
236	3620.0
237	3620.0
238	3620.0
239	3620.0
240	6570.0
241	6570.0
242	6570.0
243	6570.0
244	6570.0
245	3773.0
246	3773.0
247	3773.0
248	3773.0
249	3773.0
