0	895.0
1	895.0
2	895.0
3	895.0
4	895.0
5	2322.0
6	2322.0
7	2322.0
8	2322.0
9	2322.0
10	4460.0
11	4460.0
12	4460.0
13	4460.0
14	4460.0
15	2362.0
16	2362.0
17	2362.0
18	2362.0
19	2362.0
20	3920.0
21	3920.0
22	3920.0
23	3920.0
24	3920.0
25	438.0
26	438.0
27	438.0
28	438.0
29	438.0
30	2256.0
31	2256.0
32	2256.0
33	2256.0
34	2256.0
35	5722.0
36	5722.0
37	5722.0
38	5722.0
39	5722.0
40	814.0
41	814.0
42	814.0
43	814.0
44	814.0
45	1286.0
46	1286.0
47	1286.0
48	1286.0
49	1286.0
50	1289.0
51	1289.0
52	1289.0
53	1289.0
54	1289.0
55	3461.0
56	3461.0
57	3461.0
58	3461.0
59	3461.0
60	846.0
61	846.0
62	846.0
63	846.0
64	846.0
65	4713.0
66	4713.0
67	4713.0
68	4713.0
69	4713.0
70	5501.0
71	5501.0
72	5501.0
73	5501.0
74	5501.0
75	1886.0
76	1886.0
77	1886.0
78	1886.0
79	1886.0
80	4711.0
81	4711.0
82	4711.0
83	4711.0
84	4711.0
85	4229.0
86	4229.0
87	4229.0
88	4229.0
89	4229.0
90	3036.0
91	3036.0
92	3036.0
93	3036.0
94	3036.0
95	592.0
96	592.0
97	592.0
98	592.0
99	592.0
100	713.0
101	713.0
102	713.0
103	713.0
104	713.0
105	5233.0
106	5233.0
107	5233.0
108	5233.0
109	5233.0
110	2657.0
111	2657.0
112	2657.0
113	2657.0
114	2657.0
115	558.0
116	558.0
117	558.0
118	558.0
119	558.0
120	5385.0
121	5385.0
122	5385.0
123	5385.0
124	5385.0
125	532.0
126	532.0
127	532.0
128	532.0
129	532.0
130	5069.0
131	5069.0
132	5069.0
133	5069.0
134	5069.0
135	1388.0
136	1388.0
137	1388.0
138	1388.0
139	1388.0
140	1060.0
141	1060.0
142	1060.0
143	1060.0
144	1060.0
145	2459.0
146	2459.0
147	2459.0
148	2459.0
149	2459.0
150	4720.0
151	4720.0
152	4720.0
153	4720.0
154	4720.0
155	1847.0
156	1847.0
157	1847.0
158	1847.0
159	1847.0
160	784.0
161	784.0
162	784.0
163	784.0
164	784.0
165	144.0
166	144.0
167	144.0
168	144.0
169	144.0
170	2531.0
171	2531.0
172	2531.0
173	2531.0
174	2531.0
175	5210.0
176	5210.0
177	5210.0
178	5210.0
179	5210.0
180	395.0
181	395.0
182	395.0
183	395.0
184	395.0
185	5049.0
186	5049.0
187	5049.0
188	5049.0
189	5049.0
190	96.0
191	96.0
192	96.0
193	96.0
194	96.0
195	2665.0
196	2665.0
197	2665.0
198	2665.0
199	2665.0
200	3165.0
201	3165.0
202	3165.0
203	3165.0
204	3165.0
205	5736.0
206	5736.0
207	5736.0
208	5736.0
209	5736.0
210	3420.0
211	3420.0
212	3420.0
213	3420.0
214	3420.0
215	3063.0
216	3063.0
217	3063.0
218	3063.0
219	3063.0
220	2517.0
221	2517.0
222	2517.0
223	2517.0
224	2517.0
225	3098.0
226	3098.0
227	3098.0
228	3098.0
229	3098.0
230	3955.0
231	3955.0
232	3955.0
233	3955.0
234	3955.0
235	3161.0
236	3161.0
237	3161.0
238	3161.0
239	3161.0
240	1714.0
241	1714.0
242	1714.0
243	1714.0
244	1714.0
245	5524.0
246	5524.0
247	5524.0
248	5524.0
249	5524.0
