0	233.0
1	233.0
2	233.0
3	233.0
4	233.0
5	4275.0
6	4275.0
7	4275.0
8	4275.0
9	4275.0
10	6500.0
11	6500.0
12	6500.0
13	6500.0
14	6500.0
15	5537.0
16	5537.0
17	5537.0
18	5537.0
19	5537.0
20	7818.0
21	7818.0
22	7818.0
23	7818.0
24	7818.0
25	5134.0
26	5134.0
27	5134.0
28	5134.0
29	5134.0
30	8218.0
31	8218.0
32	8218.0
33	8218.0
34	8218.0
35	4040.0
36	4040.0
37	4040.0
38	4040.0
39	4040.0
40	1597.0
41	1597.0
42	1597.0
43	1597.0
44	1597.0
45	6793.0
46	6793.0
47	6793.0
48	6793.0
49	6793.0
50	4312.0
51	4312.0
52	4312.0
53	4312.0
54	4312.0
55	5488.0
56	5488.0
57	5488.0
58	5488.0
59	5488.0
60	49.0
61	49.0
62	49.0
63	49.0
64	49.0
65	4013.0
66	4013.0
67	4013.0
68	4013.0
69	4013.0
70	5109.0
71	5109.0
72	5109.0
73	5109.0
74	5109.0
75	2924.0
76	2924.0
77	2924.0
78	2924.0
79	2924.0
80	5608.0
81	5608.0
82	5608.0
83	5608.0
84	5608.0
85	8315.0
86	8315.0
87	8315.0
88	8315.0
89	8315.0
90	3257.0
91	3257.0
92	3257.0
93	3257.0
94	3257.0
95	1637.0
96	1637.0
97	1637.0
98	1637.0
99	1637.0
100	3853.0
101	3853.0
102	3853.0
103	3853.0
104	3853.0
105	6468.0
106	6468.0
107	6468.0
108	6468.0
109	6468.0
110	7318.0
111	7318.0
112	7318.0
113	7318.0
114	7318.0
115	7282.0
116	7282.0
117	7282.0
118	7282.0
119	7282.0
120	4181.0
121	4181.0
122	4181.0
123	4181.0
124	4181.0
125	4358.0
126	4358.0
127	4358.0
128	4358.0
129	4358.0
130	6350.0
131	6350.0
132	6350.0
133	6350.0
134	6350.0
135	3251.0
136	3251.0
137	3251.0
138	3251.0
139	3251.0
140	572.0
141	572.0
142	572.0
143	572.0
144	572.0
145	5063.0
146	5063.0
147	5063.0
148	5063.0
149	5063.0
150	3985.0
151	3985.0
152	3985.0
153	3985.0
154	3985.0
155	2810.0
156	2810.0
157	2810.0
158	2810.0
159	2810.0
160	8536.0
161	8536.0
162	8536.0
163	8536.0
164	8536.0
165	6600.0
166	6600.0
167	6600.0
168	6600.0
169	6600.0
170	3281.0
171	3281.0
172	3281.0
173	3281.0
174	3281.0
175	3444.0
176	3444.0
177	3444.0
178	3444.0
179	3444.0
180	6640.0
181	6640.0
182	6640.0
183	6640.0
184	6640.0
185	3933.0
186	3933.0
187	3933.0
188	3933.0
189	3933.0
190	4007.0
191	4007.0
192	4007.0
193	4007.0
194	4007.0
195	5404.0
196	5404.0
197	5404.0
198	5404.0
199	5404.0
200	7077.0
201	7077.0
202	7077.0
203	7077.0
204	7077.0
205	311.0
206	311.0
207	311.0
208	311.0
209	311.0
210	6473.0
211	6473.0
212	6473.0
213	6473.0
214	6473.0
215	3117.0
216	3117.0
217	3117.0
218	3117.0
219	3117.0
220	4033.0
221	4033.0
222	4033.0
223	4033.0
224	4033.0
225	7193.0
226	7193.0
227	7193.0
228	7193.0
229	7193.0
230	4150.0
231	4150.0
232	4150.0
233	4150.0
234	4150.0
235	2091.0
236	2091.0
237	2091.0
238	2091.0
239	2091.0
240	5991.0
241	5991.0
242	5991.0
243	5991.0
244	5991.0
245	209.0
246	209.0
247	209.0
248	209.0
249	209.0
