0	7378.0
1	7378.0
2	7378.0
3	7378.0
4	7378.0
5	8652.0
6	8652.0
7	8652.0
8	8652.0
9	8652.0
10	212.0
11	212.0
12	212.0
13	212.0
14	212.0
15	7708.0
16	7708.0
17	7708.0
18	7708.0
19	7708.0
20	8795.0
21	8795.0
22	8795.0
23	8795.0
24	8795.0
25	3297.0
26	3297.0
27	3297.0
28	3297.0
29	3297.0
30	3539.0
31	3539.0
32	3539.0
33	3539.0
34	3539.0
35	2124.0
36	2124.0
37	2124.0
38	2124.0
39	2124.0
40	9135.0
41	9135.0
42	9135.0
43	9135.0
44	9135.0
45	6300.0
46	6300.0
47	6300.0
48	6300.0
49	6300.0
50	6575.0
51	6575.0
52	6575.0
53	6575.0
54	6575.0
55	3131.0
56	3131.0
57	3131.0
58	3131.0
59	3131.0
60	4554.0
61	4554.0
62	4554.0
63	4554.0
64	4554.0
65	99.0
66	99.0
67	99.0
68	99.0
69	99.0
70	1989.0
71	1989.0
72	1989.0
73	1989.0
74	1989.0
75	151.0
76	151.0
77	151.0
78	151.0
79	151.0
80	2945.0
81	2945.0
82	2945.0
83	2945.0
84	2945.0
85	2338.0
86	2338.0
87	2338.0
88	2338.0
89	2338.0
90	7908.0
91	7908.0
92	7908.0
93	7908.0
94	7908.0
95	5360.0
96	5360.0
97	5360.0
98	5360.0
99	5360.0
100	1961.0
101	1961.0
102	1961.0
103	1961.0
104	1961.0
105	7557.0
106	7557.0
107	7557.0
108	7557.0
109	7557.0
110	5586.0
111	5586.0
112	5586.0
113	5586.0
114	5586.0
115	2141.0
116	2141.0
117	2141.0
118	2141.0
119	2141.0
120	1993.0
121	1993.0
122	1993.0
123	1993.0
124	1993.0
125	3956.0
126	3956.0
127	3956.0
128	3956.0
129	3956.0
130	4369.0
131	4369.0
132	4369.0
133	4369.0
134	4369.0
135	3749.0
136	3749.0
137	3749.0
138	3749.0
139	3749.0
140	5017.0
141	5017.0
142	5017.0
143	5017.0
144	5017.0
145	6825.0
146	6825.0
147	6825.0
148	6825.0
149	6825.0
150	163.0
151	163.0
152	163.0
153	163.0
154	163.0
155	5472.0
156	5472.0
157	5472.0
158	5472.0
159	5472.0
160	6843.0
161	6843.0
162	6843.0
163	6843.0
164	6843.0
165	5787.0
166	5787.0
167	5787.0
168	5787.0
169	5787.0
170	8955.0
171	8955.0
172	8955.0
173	8955.0
174	8955.0
175	1748.0
176	1748.0
177	1748.0
178	1748.0
179	1748.0
180	2240.0
181	2240.0
182	2240.0
183	2240.0
184	2240.0
185	2500.0
186	2500.0
187	2500.0
188	2500.0
189	2500.0
190	1962.0
191	1962.0
192	1962.0
193	1962.0
194	1962.0
195	5162.0
196	5162.0
197	5162.0
198	5162.0
199	5162.0
200	1448.0
201	1448.0
202	1448.0
203	1448.0
204	1448.0
205	6918.0
206	6918.0
207	6918.0
208	6918.0
209	6918.0
210	7539.0
211	7539.0
212	7539.0
213	7539.0
214	7539.0
215	3863.0
216	3863.0
217	3863.0
218	3863.0
219	3863.0
220	3092.0
221	3092.0
222	3092.0
223	3092.0
224	3092.0
225	1841.0
226	1841.0
227	1841.0
228	1841.0
229	1841.0
230	4255.0
231	4255.0
232	4255.0
233	4255.0
234	4255.0
235	6411.0
236	6411.0
237	6411.0
238	6411.0
239	6411.0
240	8900.0
241	8900.0
242	8900.0
243	8900.0
244	8900.0
245	7225.0
246	7225.0
247	7225.0
248	7225.0
249	7225.0
