0	3062.0
1	3062.0
2	3062.0
3	3062.0
4	3062.0
5	1058.0
6	1058.0
7	1058.0
8	1058.0
9	1058.0
10	1507.0
11	1507.0
12	1507.0
13	1507.0
14	1507.0
15	6313.0
16	6313.0
17	6313.0
18	6313.0
19	6313.0
20	5780.0
21	5780.0
22	5780.0
23	5780.0
24	5780.0
25	5512.0
26	5512.0
27	5512.0
28	5512.0
29	5512.0
30	4351.0
31	4351.0
32	4351.0
33	4351.0
34	4351.0
35	1405.0
36	1405.0
37	1405.0
38	1405.0
39	1405.0
40	6195.0
41	6195.0
42	6195.0
43	6195.0
44	6195.0
45	1444.0
46	1444.0
47	1444.0
48	1444.0
49	1444.0
50	2688.0
51	2688.0
52	2688.0
53	2688.0
54	2688.0
55	6531.0
56	6531.0
57	6531.0
58	6531.0
59	6531.0
60	4405.0
61	4405.0
62	4405.0
63	4405.0
64	4405.0
65	3061.0
66	3061.0
67	3061.0
68	3061.0
69	3061.0
70	3507.0
71	3507.0
72	3507.0
73	3507.0
74	3507.0
75	769.0
76	769.0
77	769.0
78	769.0
79	769.0
80	421.0
81	421.0
82	421.0
83	421.0
84	421.0
85	42.0
86	42.0
87	42.0
88	42.0
89	42.0
90	4757.0
91	4757.0
92	4757.0
93	4757.0
94	4757.0
95	3309.0
96	3309.0
97	3309.0
98	3309.0
99	3309.0
100	5082.0
101	5082.0
102	5082.0
103	5082.0
104	5082.0
105	1767.0
106	1767.0
107	1767.0
108	1767.0
109	1767.0
110	56.0
111	56.0
112	56.0
113	56.0
114	56.0
115	3490.0
116	3490.0
117	3490.0
118	3490.0
119	3490.0
120	5790.0
121	5790.0
122	5790.0
123	5790.0
124	5790.0
125	5947.0
126	5947.0
127	5947.0
128	5947.0
129	5947.0
130	4790.0
131	4790.0
132	4790.0
133	4790.0
134	4790.0
135	3717.0
136	3717.0
137	3717.0
138	3717.0
139	3717.0
140	1506.0
141	1506.0
142	1506.0
143	1506.0
144	1506.0
145	1080.0
146	1080.0
147	1080.0
148	1080.0
149	1080.0
150	910.0
151	910.0
152	910.0
153	910.0
154	910.0
155	4464.0
156	4464.0
157	4464.0
158	4464.0
159	4464.0
160	5545.0
161	5545.0
162	5545.0
163	5545.0
164	5545.0
165	3578.0
166	3578.0
167	3578.0
168	3578.0
169	3578.0
170	1920.0
171	1920.0
172	1920.0
173	1920.0
174	1920.0
175	2108.0
176	2108.0
177	2108.0
178	2108.0
179	2108.0
180	2133.0
181	2133.0
182	2133.0
183	2133.0
184	2133.0
185	1772.0
186	1772.0
187	1772.0
188	1772.0
189	1772.0
190	2958.0
191	2958.0
192	2958.0
193	2958.0
194	2958.0
195	4411.0
196	4411.0
197	4411.0
198	4411.0
199	4411.0
200	5914.0
201	5914.0
202	5914.0
203	5914.0
204	5914.0
205	1997.0
206	1997.0
207	1997.0
208	1997.0
209	1997.0
210	3650.0
211	3650.0
212	3650.0
213	3650.0
214	3650.0
215	1497.0
216	1497.0
217	1497.0
218	1497.0
219	1497.0
220	5080.0
221	5080.0
222	5080.0
223	5080.0
224	5080.0
225	2154.0
226	2154.0
227	2154.0
228	2154.0
229	2154.0
230	6047.0
231	6047.0
232	6047.0
233	6047.0
234	6047.0
235	2316.0
236	2316.0
237	2316.0
238	2316.0
239	2316.0
240	1871.0
241	1871.0
242	1871.0
243	1871.0
244	1871.0
245	1672.0
246	1672.0
247	1672.0
248	1672.0
249	1672.0
