0	217.0
1	217.0
2	217.0
3	217.0
4	217.0
5	2683.0
6	2683.0
7	2683.0
8	2683.0
9	2683.0
10	1794.0
11	1794.0
12	1794.0
13	1794.0
14	1794.0
15	2222.0
16	2222.0
17	2222.0
18	2222.0
19	2222.0
20	5668.0
21	5668.0
22	5668.0
23	5668.0
24	5668.0
25	3406.0
26	3406.0
27	3406.0
28	3406.0
29	3406.0
30	1785.0
31	1785.0
32	1785.0
33	1785.0
34	1785.0
35	5209.0
36	5209.0
37	5209.0
38	5209.0
39	5209.0
40	5572.0
41	5572.0
42	5572.0
43	5572.0
44	5572.0
45	1135.0
46	1135.0
47	1135.0
48	1135.0
49	1135.0
50	4939.0
51	4939.0
52	4939.0
53	4939.0
54	4939.0
55	5360.0
56	5360.0
57	5360.0
58	5360.0
59	5360.0
60	2341.0
61	2341.0
62	2341.0
63	2341.0
64	2341.0
65	5683.0
66	5683.0
67	5683.0
68	5683.0
69	5683.0
70	5373.0
71	5373.0
72	5373.0
73	5373.0
74	5373.0
75	415.0
76	415.0
77	415.0
78	415.0
79	415.0
80	553.0
81	553.0
82	553.0
83	553.0
84	553.0
85	4322.0
86	4322.0
87	4322.0
88	4322.0
89	4322.0
90	91.0
91	91.0
92	91.0
93	91.0
94	91.0
95	4492.0
96	4492.0
97	4492.0
98	4492.0
99	4492.0
100	2947.0
101	2947.0
102	2947.0
103	2947.0
104	2947.0
105	4173.0
106	4173.0
107	4173.0
108	4173.0
109	4173.0
110	932.0
111	932.0
112	932.0
113	932.0
114	932.0
115	151.0
116	151.0
117	151.0
118	151.0
119	151.0
120	4304.0
121	4304.0
122	4304.0
123	4304.0
124	4304.0
125	1492.0
126	1492.0
127	1492.0
128	1492.0
129	1492.0
130	2327.0
131	2327.0
132	2327.0
133	2327.0
134	2327.0
135	3070.0
136	3070.0
137	3070.0
138	3070.0
139	3070.0
140	1646.0
141	1646.0
142	1646.0
143	1646.0
144	1646.0
145	2157.0
146	2157.0
147	2157.0
148	2157.0
149	2157.0
150	5607.0
151	5607.0
152	5607.0
153	5607.0
154	5607.0
155	4258.0
156	4258.0
157	4258.0
158	4258.0
159	4258.0
160	3642.0
161	3642.0
162	3642.0
163	3642.0
164	3642.0
165	5413.0
166	5413.0
167	5413.0
168	5413.0
169	5413.0
170	5574.0
171	5574.0
172	5574.0
173	5574.0
174	5574.0
175	4350.0
176	4350.0
177	4350.0
178	4350.0
179	4350.0
180	1015.0
181	1015.0
182	1015.0
183	1015.0
184	1015.0
185	2987.0
186	2987.0
187	2987.0
188	2987.0
189	2987.0
190	3492.0
191	3492.0
192	3492.0
193	3492.0
194	3492.0
195	1740.0
196	1740.0
197	1740.0
198	1740.0
199	1740.0
200	3633.0
201	3633.0
202	3633.0
203	3633.0
204	3633.0
205	6308.0
206	6308.0
207	6308.0
208	6308.0
209	6308.0
210	2847.0
211	2847.0
212	2847.0
213	2847.0
214	2847.0
215	5009.0
216	5009.0
217	5009.0
218	5009.0
219	5009.0
220	676.0
221	676.0
222	676.0
223	676.0
224	676.0
225	4198.0
226	4198.0
227	4198.0
228	4198.0
229	4198.0
230	3093.0
231	3093.0
232	3093.0
233	3093.0
234	3093.0
235	821.0
236	821.0
237	821.0
238	821.0
239	821.0
240	1176.0
241	1176.0
242	1176.0
243	1176.0
244	1176.0
245	1461.0
246	1461.0
247	1461.0
248	1461.0
249	1461.0
