0	48998.0
1	48998.0
2	48998.0
3	48998.0
4	48998.0
5	375496.0
6	375496.0
7	375496.0
8	375496.0
9	375496.0
10	235846.0
11	235846.0
12	235846.0
13	235846.0
14	235846.0
15	171077.0
16	171077.0
17	171077.0
18	171077.0
19	171077.0
20	453451.0
21	453451.0
22	453451.0
23	453451.0
24	453451.0
25	285755.0
26	285755.0
27	285755.0
28	285755.0
29	285755.0
30	180583.0
31	180583.0
32	180583.0
33	180583.0
34	180583.0
35	198832.0
36	198832.0
37	198832.0
38	198832.0
39	198832.0
40	52466.0
41	52466.0
42	52466.0
43	52466.0
44	52466.0
45	417456.0
46	417456.0
47	417456.0
48	417456.0
49	417456.0
50	264184.0
51	264184.0
52	264184.0
53	264184.0
54	264184.0
55	330632.0
56	330632.0
57	330632.0
58	330632.0
59	330632.0
60	309134.0
61	309134.0
62	309134.0
63	309134.0
64	309134.0
65	50599.0
66	50599.0
67	50599.0
68	50599.0
69	50599.0
70	257634.0
71	257634.0
72	257634.0
73	257634.0
74	257634.0
75	231236.0
76	231236.0
77	231236.0
78	231236.0
79	231236.0
80	426419.0
81	426419.0
82	426419.0
83	426419.0
84	426419.0
85	441836.0
86	441836.0
87	441836.0
88	441836.0
89	441836.0
90	426461.0
91	426461.0
92	426461.0
93	426461.0
94	426461.0
95	50822.0
96	50822.0
97	50822.0
98	50822.0
99	50822.0
100	444174.0
101	444174.0
102	444174.0
103	444174.0
104	444174.0
105	252288.0
106	252288.0
107	252288.0
108	252288.0
109	252288.0
110	66740.0
111	66740.0
112	66740.0
113	66740.0
114	66740.0
115	302771.0
116	302771.0
117	302771.0
118	302771.0
119	302771.0
120	161787.0
121	161787.0
122	161787.0
123	161787.0
124	161787.0
125	398421.0
126	398421.0
127	398421.0
128	398421.0
129	398421.0
130	99595.0
131	99595.0
132	99595.0
133	99595.0
134	99595.0
135	361286.0
136	361286.0
137	361286.0
138	361286.0
139	361286.0
140	27637.0
141	27637.0
142	27637.0
143	27637.0
144	27637.0
145	229509.0
146	229509.0
147	229509.0
148	229509.0
149	229509.0
150	464979.0
151	464979.0
152	464979.0
153	464979.0
154	464979.0
155	374420.0
156	374420.0
157	374420.0
158	374420.0
159	374420.0
160	19122.0
161	19122.0
162	19122.0
163	19122.0
164	19122.0
165	55795.0
166	55795.0
167	55795.0
168	55795.0
169	55795.0
170	407469.0
171	407469.0
172	407469.0
173	407469.0
174	407469.0
175	376076.0
176	376076.0
177	376076.0
178	376076.0
179	376076.0
180	463904.0
181	463904.0
182	463904.0
183	463904.0
184	463904.0
185	74577.0
186	74577.0
187	74577.0
188	74577.0
189	74577.0
190	37623.0
191	37623.0
192	37623.0
193	37623.0
194	37623.0
195	415381.0
196	415381.0
197	415381.0
198	415381.0
199	415381.0
200	131377.0
201	131377.0
202	131377.0
203	131377.0
204	131377.0
205	67885.0
206	67885.0
207	67885.0
208	67885.0
209	67885.0
210	429580.0
211	429580.0
212	429580.0
213	429580.0
214	429580.0
215	46107.0
216	46107.0
217	46107.0
218	46107.0
219	46107.0
220	59560.0
221	59560.0
222	59560.0
223	59560.0
224	59560.0
225	311088.0
226	311088.0
227	311088.0
228	311088.0
229	311088.0
230	69485.0
231	69485.0
232	69485.0
233	69485.0
234	69485.0
235	353875.0
236	353875.0
237	353875.0
238	353875.0
239	353875.0
240	72578.0
241	72578.0
242	72578.0
243	72578.0
244	72578.0
245	380581.0
246	380581.0
247	380581.0
248	380581.0
249	380581.0
