0	93405.0
1	93405.0
2	93405.0
3	93405.0
4	93405.0
5	15867.0
6	15867.0
7	15867.0
8	15867.0
9	15867.0
10	277681.0
11	277681.0
12	277681.0
13	277681.0
14	277681.0
15	158814.0
16	158814.0
17	158814.0
18	158814.0
19	158814.0
20	42025.0
21	42025.0
22	42025.0
23	42025.0
24	42025.0
25	268265.0
26	268265.0
27	268265.0
28	268265.0
29	268265.0
30	429594.0
31	429594.0
32	429594.0
33	429594.0
34	429594.0
35	71305.0
36	71305.0
37	71305.0
38	71305.0
39	71305.0
40	390525.0
41	390525.0
42	390525.0
43	390525.0
44	390525.0
45	66966.0
46	66966.0
47	66966.0
48	66966.0
49	66966.0
50	156080.0
51	156080.0
52	156080.0
53	156080.0
54	156080.0
55	302889.0
56	302889.0
57	302889.0
58	302889.0
59	302889.0
60	81926.0
61	81926.0
62	81926.0
63	81926.0
64	81926.0
65	338360.0
66	338360.0
67	338360.0
68	338360.0
69	338360.0
70	115484.0
71	115484.0
72	115484.0
73	115484.0
74	115484.0
75	300919.0
76	300919.0
77	300919.0
78	300919.0
79	300919.0
80	205211.0
81	205211.0
82	205211.0
83	205211.0
84	205211.0
85	108513.0
86	108513.0
87	108513.0
88	108513.0
89	108513.0
90	438506.0
91	438506.0
92	438506.0
93	438506.0
94	438506.0
95	376747.0
96	376747.0
97	376747.0
98	376747.0
99	376747.0
100	84079.0
101	84079.0
102	84079.0
103	84079.0
104	84079.0
105	38920.0
106	38920.0
107	38920.0
108	38920.0
109	38920.0
110	349519.0
111	349519.0
112	349519.0
113	349519.0
114	349519.0
115	447365.0
116	447365.0
117	447365.0
118	447365.0
119	447365.0
120	334990.0
121	334990.0
122	334990.0
123	334990.0
124	334990.0
125	191794.0
126	191794.0
127	191794.0
128	191794.0
129	191794.0
130	35570.0
131	35570.0
132	35570.0
133	35570.0
134	35570.0
135	321864.0
136	321864.0
137	321864.0
138	321864.0
139	321864.0
140	163559.0
141	163559.0
142	163559.0
143	163559.0
144	163559.0
145	383009.0
146	383009.0
147	383009.0
148	383009.0
149	383009.0
150	302455.0
151	302455.0
152	302455.0
153	302455.0
154	302455.0
155	279017.0
156	279017.0
157	279017.0
158	279017.0
159	279017.0
160	42422.0
161	42422.0
162	42422.0
163	42422.0
164	42422.0
165	290618.0
166	290618.0
167	290618.0
168	290618.0
169	290618.0
170	294847.0
171	294847.0
172	294847.0
173	294847.0
174	294847.0
175	286982.0
176	286982.0
177	286982.0
178	286982.0
179	286982.0
180	284155.0
181	284155.0
182	284155.0
183	284155.0
184	284155.0
185	74135.0
186	74135.0
187	74135.0
188	74135.0
189	74135.0
190	96740.0
191	96740.0
192	96740.0
193	96740.0
194	96740.0
195	330020.0
196	330020.0
197	330020.0
198	330020.0
199	330020.0
200	173681.0
201	173681.0
202	173681.0
203	173681.0
204	173681.0
205	218531.0
206	218531.0
207	218531.0
208	218531.0
209	218531.0
210	33279.0
211	33279.0
212	33279.0
213	33279.0
214	33279.0
215	327838.0
216	327838.0
217	327838.0
218	327838.0
219	327838.0
220	339371.0
221	339371.0
222	339371.0
223	339371.0
224	339371.0
225	204665.0
226	204665.0
227	204665.0
228	204665.0
229	204665.0
230	402340.0
231	402340.0
232	402340.0
233	402340.0
234	402340.0
235	169608.0
236	169608.0
237	169608.0
238	169608.0
239	169608.0
240	254797.0
241	254797.0
242	254797.0
243	254797.0
244	254797.0
245	57659.0
246	57659.0
247	57659.0
248	57659.0
249	57659.0
