0	463258.0
1	463258.0
2	463258.0
3	463258.0
4	463258.0
5	476210.0
6	476210.0
7	476210.0
8	476210.0
9	476210.0
10	219748.0
11	219748.0
12	219748.0
13	219748.0
14	219748.0
15	360949.0
16	360949.0
17	360949.0
18	360949.0
19	360949.0
20	316938.0
21	316938.0
22	316938.0
23	316938.0
24	316938.0
25	195864.0
26	195864.0
27	195864.0
28	195864.0
29	195864.0
30	473936.0
31	473936.0
32	473936.0
33	473936.0
34	473936.0
35	426459.0
36	426459.0
37	426459.0
38	426459.0
39	426459.0
40	249695.0
41	249695.0
42	249695.0
43	249695.0
44	249695.0
45	473655.0
46	473655.0
47	473655.0
48	473655.0
49	473655.0
50	408605.0
51	408605.0
52	408605.0
53	408605.0
54	408605.0
55	449507.0
56	449507.0
57	449507.0
58	449507.0
59	449507.0
60	401593.0
61	401593.0
62	401593.0
63	401593.0
64	401593.0
65	117782.0
66	117782.0
67	117782.0
68	117782.0
69	117782.0
70	199974.0
71	199974.0
72	199974.0
73	199974.0
74	199974.0
75	63010.0
76	63010.0
77	63010.0
78	63010.0
79	63010.0
80	392361.0
81	392361.0
82	392361.0
83	392361.0
84	392361.0
85	189885.0
86	189885.0
87	189885.0
88	189885.0
89	189885.0
90	399246.0
91	399246.0
92	399246.0
93	399246.0
94	399246.0
95	135437.0
96	135437.0
97	135437.0
98	135437.0
99	135437.0
100	473584.0
101	473584.0
102	473584.0
103	473584.0
104	473584.0
105	484797.0
106	484797.0
107	484797.0
108	484797.0
109	484797.0
110	351534.0
111	351534.0
112	351534.0
113	351534.0
114	351534.0
115	115065.0
116	115065.0
117	115065.0
118	115065.0
119	115065.0
120	438952.0
121	438952.0
122	438952.0
123	438952.0
124	438952.0
125	192286.0
126	192286.0
127	192286.0
128	192286.0
129	192286.0
130	188739.0
131	188739.0
132	188739.0
133	188739.0
134	188739.0
135	464154.0
136	464154.0
137	464154.0
138	464154.0
139	464154.0
140	296636.0
141	296636.0
142	296636.0
143	296636.0
144	296636.0
145	216754.0
146	216754.0
147	216754.0
148	216754.0
149	216754.0
150	435428.0
151	435428.0
152	435428.0
153	435428.0
154	435428.0
155	247017.0
156	247017.0
157	247017.0
158	247017.0
159	247017.0
160	165865.0
161	165865.0
162	165865.0
163	165865.0
164	165865.0
165	157709.0
166	157709.0
167	157709.0
168	157709.0
169	157709.0
170	134792.0
171	134792.0
172	134792.0
173	134792.0
174	134792.0
175	235648.0
176	235648.0
177	235648.0
178	235648.0
179	235648.0
180	391289.0
181	391289.0
182	391289.0
183	391289.0
184	391289.0
185	455382.0
186	455382.0
187	455382.0
188	455382.0
189	455382.0
190	225338.0
191	225338.0
192	225338.0
193	225338.0
194	225338.0
195	208964.0
196	208964.0
197	208964.0
198	208964.0
199	208964.0
200	263031.0
201	263031.0
202	263031.0
203	263031.0
204	263031.0
205	83064.0
206	83064.0
207	83064.0
208	83064.0
209	83064.0
210	138236.0
211	138236.0
212	138236.0
213	138236.0
214	138236.0
215	114867.0
216	114867.0
217	114867.0
218	114867.0
219	114867.0
220	391192.0
221	391192.0
222	391192.0
223	391192.0
224	391192.0
225	125856.0
226	125856.0
227	125856.0
228	125856.0
229	125856.0
230	72135.0
231	72135.0
232	72135.0
233	72135.0
234	72135.0
235	475303.0
236	475303.0
237	475303.0
238	475303.0
239	475303.0
240	468900.0
241	468900.0
242	468900.0
243	468900.0
244	468900.0
245	414855.0
246	414855.0
247	414855.0
248	414855.0
249	414855.0
