0	172725.0
1	172725.0
2	172725.0
3	172725.0
4	172725.0
5	155305.0
6	155305.0
7	155305.0
8	155305.0
9	155305.0
10	134568.0
11	134568.0
12	134568.0
13	134568.0
14	134568.0
15	2068.0
16	2068.0
17	2068.0
18	2068.0
19	2068.0
20	118795.0
21	118795.0
22	118795.0
23	118795.0
24	118795.0
25	88757.0
26	88757.0
27	88757.0
28	88757.0
29	88757.0
30	117791.0
31	117791.0
32	117791.0
33	117791.0
34	117791.0
35	440192.0
36	440192.0
37	440192.0
38	440192.0
39	440192.0
40	148901.0
41	148901.0
42	148901.0
43	148901.0
44	148901.0
45	5948.0
46	5948.0
47	5948.0
48	5948.0
49	5948.0
50	111073.0
51	111073.0
52	111073.0
53	111073.0
54	111073.0
55	307057.0
56	307057.0
57	307057.0
58	307057.0
59	307057.0
60	83049.0
61	83049.0
62	83049.0
63	83049.0
64	83049.0
65	447798.0
66	447798.0
67	447798.0
68	447798.0
69	447798.0
70	11299.0
71	11299.0
72	11299.0
73	11299.0
74	11299.0
75	120049.0
76	120049.0
77	120049.0
78	120049.0
79	120049.0
80	151200.0
81	151200.0
82	151200.0
83	151200.0
84	151200.0
85	172299.0
86	172299.0
87	172299.0
88	172299.0
89	172299.0
90	142798.0
91	142798.0
92	142798.0
93	142798.0
94	142798.0
95	248070.0
96	248070.0
97	248070.0
98	248070.0
99	248070.0
100	335788.0
101	335788.0
102	335788.0
103	335788.0
104	335788.0
105	133329.0
106	133329.0
107	133329.0
108	133329.0
109	133329.0
110	429403.0
111	429403.0
112	429403.0
113	429403.0
114	429403.0
115	184724.0
116	184724.0
117	184724.0
118	184724.0
119	184724.0
120	24260.0
121	24260.0
122	24260.0
123	24260.0
124	24260.0
125	298140.0
126	298140.0
127	298140.0
128	298140.0
129	298140.0
130	373739.0
131	373739.0
132	373739.0
133	373739.0
134	373739.0
135	129953.0
136	129953.0
137	129953.0
138	129953.0
139	129953.0
140	37656.0
141	37656.0
142	37656.0
143	37656.0
144	37656.0
145	199735.0
146	199735.0
147	199735.0
148	199735.0
149	199735.0
150	451951.0
151	451951.0
152	451951.0
153	451951.0
154	451951.0
155	477849.0
156	477849.0
157	477849.0
158	477849.0
159	477849.0
160	145137.0
161	145137.0
162	145137.0
163	145137.0
164	145137.0
165	393639.0
166	393639.0
167	393639.0
168	393639.0
169	393639.0
170	65265.0
171	65265.0
172	65265.0
173	65265.0
174	65265.0
175	333912.0
176	333912.0
177	333912.0
178	333912.0
179	333912.0
180	283632.0
181	283632.0
182	283632.0
183	283632.0
184	283632.0
185	417006.0
186	417006.0
187	417006.0
188	417006.0
189	417006.0
190	460282.0
191	460282.0
192	460282.0
193	460282.0
194	460282.0
195	20726.0
196	20726.0
197	20726.0
198	20726.0
199	20726.0
200	457277.0
201	457277.0
202	457277.0
203	457277.0
204	457277.0
205	191363.0
206	191363.0
207	191363.0
208	191363.0
209	191363.0
210	173924.0
211	173924.0
212	173924.0
213	173924.0
214	173924.0
215	26062.0
216	26062.0
217	26062.0
218	26062.0
219	26062.0
220	387200.0
221	387200.0
222	387200.0
223	387200.0
224	387200.0
225	480855.0
226	480855.0
227	480855.0
228	480855.0
229	480855.0
230	314786.0
231	314786.0
232	314786.0
233	314786.0
234	314786.0
235	140999.0
236	140999.0
237	140999.0
238	140999.0
239	140999.0
240	263073.0
241	263073.0
242	263073.0
243	263073.0
244	263073.0
245	259635.0
246	259635.0
247	259635.0
248	259635.0
249	259635.0
