0	3378.0
1	3378.0
2	3378.0
3	3378.0
4	3378.0
5	1600.0
6	1600.0
7	1600.0
8	1600.0
9	1600.0
10	4470.0
11	4470.0
12	4470.0
13	4470.0
14	4470.0
15	10999.0
16	10999.0
17	10999.0
18	10999.0
19	10999.0
20	8557.0
21	8557.0
22	8557.0
23	8557.0
24	8557.0
25	7489.0
26	7489.0
27	7489.0
28	7489.0
29	7489.0
30	1629.0
31	1629.0
32	1629.0
33	1629.0
34	1629.0
35	3674.0
36	3674.0
37	3674.0
38	3674.0
39	3674.0
40	860.0
41	860.0
42	860.0
43	860.0
44	860.0
45	10618.0
46	10618.0
47	10618.0
48	10618.0
49	10618.0
50	6911.0
51	6911.0
52	6911.0
53	6911.0
54	6911.0
55	11282.0
56	11282.0
57	11282.0
58	11282.0
59	11282.0
60	4645.0
61	4645.0
62	4645.0
63	4645.0
64	4645.0
65	3065.0
66	3065.0
67	3065.0
68	3065.0
69	3065.0
70	7537.0
71	7537.0
72	7537.0
73	7537.0
74	7537.0
75	10073.0
76	10073.0
77	10073.0
78	10073.0
79	10073.0
80	419.0
81	419.0
82	419.0
83	419.0
84	419.0
85	1859.0
86	1859.0
87	1859.0
88	1859.0
89	1859.0
90	2781.0
91	2781.0
92	2781.0
93	2781.0
94	2781.0
95	5293.0
96	5293.0
97	5293.0
98	5293.0
99	5293.0
100	5286.0
101	5286.0
102	5286.0
103	5286.0
104	5286.0
105	8734.0
106	8734.0
107	8734.0
108	8734.0
109	8734.0
110	5895.0
111	5895.0
112	5895.0
113	5895.0
114	5895.0
115	11434.0
116	11434.0
117	11434.0
118	11434.0
119	11434.0
120	2067.0
121	2067.0
122	2067.0
123	2067.0
124	2067.0
125	1207.0
126	1207.0
127	1207.0
128	1207.0
129	1207.0
130	2650.0
131	2650.0
132	2650.0
133	2650.0
134	2650.0
135	1757.0
136	1757.0
137	1757.0
138	1757.0
139	1757.0
140	444.0
141	444.0
142	444.0
143	444.0
144	444.0
145	592.0
146	592.0
147	592.0
148	592.0
149	592.0
150	7780.0
151	7780.0
152	7780.0
153	7780.0
154	7780.0
155	10662.0
156	10662.0
157	10662.0
158	10662.0
159	10662.0
160	7336.0
161	7336.0
162	7336.0
163	7336.0
164	7336.0
165	10890.0
166	10890.0
167	10890.0
168	10890.0
169	10890.0
170	2531.0
171	2531.0
172	2531.0
173	2531.0
174	2531.0
175	2933.0
176	2933.0
177	2933.0
178	2933.0
179	2933.0
180	3280.0
181	3280.0
182	3280.0
183	3280.0
184	3280.0
185	3654.0
186	3654.0
187	3654.0
188	3654.0
189	3654.0
190	11013.0
191	11013.0
192	11013.0
193	11013.0
194	11013.0
195	8561.0
196	8561.0
197	8561.0
198	8561.0
199	8561.0
200	3097.0
201	3097.0
202	3097.0
203	3097.0
204	3097.0
205	3246.0
206	3246.0
207	3246.0
208	3246.0
209	3246.0
210	8799.0
211	8799.0
212	8799.0
213	8799.0
214	8799.0
215	1083.0
216	1083.0
217	1083.0
218	1083.0
219	1083.0
220	10100.0
221	10100.0
222	10100.0
223	10100.0
224	10100.0
225	8436.0
226	8436.0
227	8436.0
228	8436.0
229	8436.0
230	6648.0
231	6648.0
232	6648.0
233	6648.0
234	6648.0
235	9775.0
236	9775.0
237	9775.0
238	9775.0
239	9775.0
240	6858.0
241	6858.0
242	6858.0
243	6858.0
244	6858.0
245	11513.0
246	11513.0
247	11513.0
248	11513.0
249	11513.0
