0	1889.0
1	1889.0
2	1889.0
3	1889.0
4	1889.0
5	5779.0
6	5779.0
7	5779.0
8	5779.0
9	5779.0
10	881.0
11	881.0
12	881.0
13	881.0
14	881.0
15	5021.0
16	5021.0
17	5021.0
18	5021.0
19	5021.0
20	2504.0
21	2504.0
22	2504.0
23	2504.0
24	2504.0
25	14215.0
26	14215.0
27	14215.0
28	14215.0
29	14215.0
30	2468.0
31	2468.0
32	2468.0
33	2468.0
34	2468.0
35	4960.0
36	4960.0
37	4960.0
38	4960.0
39	4960.0
40	6622.0
41	6622.0
42	6622.0
43	6622.0
44	6622.0
45	13432.0
46	13432.0
47	13432.0
48	13432.0
49	13432.0
50	13769.0
51	13769.0
52	13769.0
53	13769.0
54	13769.0
55	5284.0
56	5284.0
57	5284.0
58	5284.0
59	5284.0
60	9643.0
61	9643.0
62	9643.0
63	9643.0
64	9643.0
65	1227.0
66	1227.0
67	1227.0
68	1227.0
69	1227.0
70	6276.0
71	6276.0
72	6276.0
73	6276.0
74	6276.0
75	8805.0
76	8805.0
77	8805.0
78	8805.0
79	8805.0
80	10017.0
81	10017.0
82	10017.0
83	10017.0
84	10017.0
85	13943.0
86	13943.0
87	13943.0
88	13943.0
89	13943.0
90	10046.0
91	10046.0
92	10046.0
93	10046.0
94	10046.0
95	3268.0
96	3268.0
97	3268.0
98	3268.0
99	3268.0
100	9557.0
101	9557.0
102	9557.0
103	9557.0
104	9557.0
105	13005.0
106	13005.0
107	13005.0
108	13005.0
109	13005.0
110	13733.0
111	13733.0
112	13733.0
113	13733.0
114	13733.0
115	9380.0
116	9380.0
117	9380.0
118	9380.0
119	9380.0
120	5017.0
121	5017.0
122	5017.0
123	5017.0
124	5017.0
125	9682.0
126	9682.0
127	9682.0
128	9682.0
129	9682.0
130	12570.0
131	12570.0
132	12570.0
133	12570.0
134	12570.0
135	3534.0
136	3534.0
137	3534.0
138	3534.0
139	3534.0
140	361.0
141	361.0
142	361.0
143	361.0
144	361.0
145	10555.0
146	10555.0
147	10555.0
148	10555.0
149	10555.0
150	12534.0
151	12534.0
152	12534.0
153	12534.0
154	12534.0
155	14199.0
156	14199.0
157	14199.0
158	14199.0
159	14199.0
160	796.0
161	796.0
162	796.0
163	796.0
164	796.0
165	14369.0
166	14369.0
167	14369.0
168	14369.0
169	14369.0
170	14042.0
171	14042.0
172	14042.0
173	14042.0
174	14042.0
175	3415.0
176	3415.0
177	3415.0
178	3415.0
179	3415.0
180	6276.0
181	6276.0
182	6276.0
183	6276.0
184	6276.0
185	7864.0
186	7864.0
187	7864.0
188	7864.0
189	7864.0
190	10103.0
191	10103.0
192	10103.0
193	10103.0
194	10103.0
195	10598.0
196	10598.0
197	10598.0
198	10598.0
199	10598.0
200	6897.0
201	6897.0
202	6897.0
203	6897.0
204	6897.0
205	2070.0
206	2070.0
207	2070.0
208	2070.0
209	2070.0
210	13855.0
211	13855.0
212	13855.0
213	13855.0
214	13855.0
215	8469.0
216	8469.0
217	8469.0
218	8469.0
219	8469.0
220	7733.0
221	7733.0
222	7733.0
223	7733.0
224	7733.0
225	1417.0
226	1417.0
227	1417.0
228	1417.0
229	1417.0
230	7528.0
231	7528.0
232	7528.0
233	7528.0
234	7528.0
235	5629.0
236	5629.0
237	5629.0
238	5629.0
239	5629.0
240	5423.0
241	5423.0
242	5423.0
243	5423.0
244	5423.0
245	6051.0
246	6051.0
247	6051.0
248	6051.0
249	6051.0
