0	8472.0
1	8472.0
2	8472.0
3	8472.0
4	8472.0
5	2039.0
6	2039.0
7	2039.0
8	2039.0
9	2039.0
10	1593.0
11	1593.0
12	1593.0
13	1593.0
14	1593.0
15	13599.0
16	13599.0
17	13599.0
18	13599.0
19	13599.0
20	4925.0
21	4925.0
22	4925.0
23	4925.0
24	4925.0
25	9866.0
26	9866.0
27	9866.0
28	9866.0
29	9866.0
30	12867.0
31	12867.0
32	12867.0
33	12867.0
34	12867.0
35	9696.0
36	9696.0
37	9696.0
38	9696.0
39	9696.0
40	2811.0
41	2811.0
42	2811.0
43	2811.0
44	2811.0
45	3258.0
46	3258.0
47	3258.0
48	3258.0
49	3258.0
50	9887.0
51	9887.0
52	9887.0
53	9887.0
54	9887.0
55	366.0
56	366.0
57	366.0
58	366.0
59	366.0
60	9451.0
61	9451.0
62	9451.0
63	9451.0
64	9451.0
65	8870.0
66	8870.0
67	8870.0
68	8870.0
69	8870.0
70	993.0
71	993.0
72	993.0
73	993.0
74	993.0
75	8722.0
76	8722.0
77	8722.0
78	8722.0
79	8722.0
80	2590.0
81	2590.0
82	2590.0
83	2590.0
84	2590.0
85	13596.0
86	13596.0
87	13596.0
88	13596.0
89	13596.0
90	5889.0
91	5889.0
92	5889.0
93	5889.0
94	5889.0
95	520.0
96	520.0
97	520.0
98	520.0
99	520.0
100	147.0
101	147.0
102	147.0
103	147.0
104	147.0
105	6446.0
106	6446.0
107	6446.0
108	6446.0
109	6446.0
110	220.0
111	220.0
112	220.0
113	220.0
114	220.0
115	6607.0
116	6607.0
117	6607.0
118	6607.0
119	6607.0
120	7656.0
121	7656.0
122	7656.0
123	7656.0
124	7656.0
125	495.0
126	495.0
127	495.0
128	495.0
129	495.0
130	7074.0
131	7074.0
132	7074.0
133	7074.0
134	7074.0
135	606.0
136	606.0
137	606.0
138	606.0
139	606.0
140	13677.0
141	13677.0
142	13677.0
143	13677.0
144	13677.0
145	5869.0
146	5869.0
147	5869.0
148	5869.0
149	5869.0
150	10400.0
151	10400.0
152	10400.0
153	10400.0
154	10400.0
155	577.0
156	577.0
157	577.0
158	577.0
159	577.0
160	7196.0
161	7196.0
162	7196.0
163	7196.0
164	7196.0
165	4003.0
166	4003.0
167	4003.0
168	4003.0
169	4003.0
170	12072.0
171	12072.0
172	12072.0
173	12072.0
174	12072.0
175	4041.0
176	4041.0
177	4041.0
178	4041.0
179	4041.0
180	4111.0
181	4111.0
182	4111.0
183	4111.0
184	4111.0
185	9182.0
186	9182.0
187	9182.0
188	9182.0
189	9182.0
190	10404.0
191	10404.0
192	10404.0
193	10404.0
194	10404.0
195	9515.0
196	9515.0
197	9515.0
198	9515.0
199	9515.0
200	895.0
201	895.0
202	895.0
203	895.0
204	895.0
205	9752.0
206	9752.0
207	9752.0
208	9752.0
209	9752.0
210	1798.0
211	1798.0
212	1798.0
213	1798.0
214	1798.0
215	10442.0
216	10442.0
217	10442.0
218	10442.0
219	10442.0
220	5534.0
221	5534.0
222	5534.0
223	5534.0
224	5534.0
225	1400.0
226	1400.0
227	1400.0
228	1400.0
229	1400.0
230	10095.0
231	10095.0
232	10095.0
233	10095.0
234	10095.0
235	5575.0
236	5575.0
237	5575.0
238	5575.0
239	5575.0
240	13322.0
241	13322.0
242	13322.0
243	13322.0
244	13322.0
245	6332.0
246	6332.0
247	6332.0
248	6332.0
249	6332.0
