0	3809.0
1	3809.0
2	3809.0
3	3809.0
4	3809.0
5	3095.0
6	3095.0
7	3095.0
8	3095.0
9	3095.0
10	5309.0
11	5309.0
12	5309.0
13	5309.0
14	5309.0
15	1657.0
16	1657.0
17	1657.0
18	1657.0
19	1657.0
20	4080.0
21	4080.0
22	4080.0
23	4080.0
24	4080.0
25	9281.0
26	9281.0
27	9281.0
28	9281.0
29	9281.0
30	1557.0
31	1557.0
32	1557.0
33	1557.0
34	1557.0
35	10666.0
36	10666.0
37	10666.0
38	10666.0
39	10666.0
40	7511.0
41	7511.0
42	7511.0
43	7511.0
44	7511.0
45	2130.0
46	2130.0
47	2130.0
48	2130.0
49	2130.0
50	10863.0
51	10863.0
52	10863.0
53	10863.0
54	10863.0
55	4885.0
56	4885.0
57	4885.0
58	4885.0
59	4885.0
60	8761.0
61	8761.0
62	8761.0
63	8761.0
64	8761.0
65	1337.0
66	1337.0
67	1337.0
68	1337.0
69	1337.0
70	10125.0
71	10125.0
72	10125.0
73	10125.0
74	10125.0
75	10776.0
76	10776.0
77	10776.0
78	10776.0
79	10776.0
80	2665.0
81	2665.0
82	2665.0
83	2665.0
84	2665.0
85	10965.0
86	10965.0
87	10965.0
88	10965.0
89	10965.0
90	6009.0
91	6009.0
92	6009.0
93	6009.0
94	6009.0
95	9105.0
96	9105.0
97	9105.0
98	9105.0
99	9105.0
100	3663.0
101	3663.0
102	3663.0
103	3663.0
104	3663.0
105	5762.0
106	5762.0
107	5762.0
108	5762.0
109	5762.0
110	8983.0
111	8983.0
112	8983.0
113	8983.0
114	8983.0
115	10184.0
116	10184.0
117	10184.0
118	10184.0
119	10184.0
120	2521.0
121	2521.0
122	2521.0
123	2521.0
124	2521.0
125	616.0
126	616.0
127	616.0
128	616.0
129	616.0
130	5575.0
131	5575.0
132	5575.0
133	5575.0
134	5575.0
135	8728.0
136	8728.0
137	8728.0
138	8728.0
139	8728.0
140	9229.0
141	9229.0
142	9229.0
143	9229.0
144	9229.0
145	7652.0
146	7652.0
147	7652.0
148	7652.0
149	7652.0
150	9707.0
151	9707.0
152	9707.0
153	9707.0
154	9707.0
155	6120.0
156	6120.0
157	6120.0
158	6120.0
159	6120.0
160	10135.0
161	10135.0
162	10135.0
163	10135.0
164	10135.0
165	10659.0
166	10659.0
167	10659.0
168	10659.0
169	10659.0
170	7527.0
171	7527.0
172	7527.0
173	7527.0
174	7527.0
175	8030.0
176	8030.0
177	8030.0
178	8030.0
179	8030.0
180	158.0
181	158.0
182	158.0
183	158.0
184	158.0
185	3609.0
186	3609.0
187	3609.0
188	3609.0
189	3609.0
190	3221.0
191	3221.0
192	3221.0
193	3221.0
194	3221.0
195	4426.0
196	4426.0
197	4426.0
198	4426.0
199	4426.0
200	8005.0
201	8005.0
202	8005.0
203	8005.0
204	8005.0
205	1121.0
206	1121.0
207	1121.0
208	1121.0
209	1121.0
210	7242.0
211	7242.0
212	7242.0
213	7242.0
214	7242.0
215	8057.0
216	8057.0
217	8057.0
218	8057.0
219	8057.0
220	10637.0
221	10637.0
222	10637.0
223	10637.0
224	10637.0
225	186.0
226	186.0
227	186.0
228	186.0
229	186.0
230	2745.0
231	2745.0
232	2745.0
233	2745.0
234	2745.0
235	5191.0
236	5191.0
237	5191.0
238	5191.0
239	5191.0
240	3585.0
241	3585.0
242	3585.0
243	3585.0
244	3585.0
245	769.0
246	769.0
247	769.0
248	769.0
249	769.0
