0	2824.0
1	2824.0
2	2824.0
3	2824.0
4	2824.0
5	9629.0
6	9629.0
7	9629.0
8	9629.0
9	9629.0
10	4014.0
11	4014.0
12	4014.0
13	4014.0
14	4014.0
15	6671.0
16	6671.0
17	6671.0
18	6671.0
19	6671.0
20	8566.0
21	8566.0
22	8566.0
23	8566.0
24	8566.0
25	9472.0
26	9472.0
27	9472.0
28	9472.0
29	9472.0
30	10819.0
31	10819.0
32	10819.0
33	10819.0
34	10819.0
35	1385.0
36	1385.0
37	1385.0
38	1385.0
39	1385.0
40	10213.0
41	10213.0
42	10213.0
43	10213.0
44	10213.0
45	3708.0
46	3708.0
47	3708.0
48	3708.0
49	3708.0
50	8583.0
51	8583.0
52	8583.0
53	8583.0
54	8583.0
55	1981.0
56	1981.0
57	1981.0
58	1981.0
59	1981.0
60	3012.0
61	3012.0
62	3012.0
63	3012.0
64	3012.0
65	6681.0
66	6681.0
67	6681.0
68	6681.0
69	6681.0
70	9114.0
71	9114.0
72	9114.0
73	9114.0
74	9114.0
75	5316.0
76	5316.0
77	5316.0
78	5316.0
79	5316.0
80	1011.0
81	1011.0
82	1011.0
83	1011.0
84	1011.0
85	8036.0
86	8036.0
87	8036.0
88	8036.0
89	8036.0
90	5970.0
91	5970.0
92	5970.0
93	5970.0
94	5970.0
95	7549.0
96	7549.0
97	7549.0
98	7549.0
99	7549.0
100	836.0
101	836.0
102	836.0
103	836.0
104	836.0
105	8024.0
106	8024.0
107	8024.0
108	8024.0
109	8024.0
110	9792.0
111	9792.0
112	9792.0
113	9792.0
114	9792.0
115	2951.0
116	2951.0
117	2951.0
118	2951.0
119	2951.0
120	2086.0
121	2086.0
122	2086.0
123	2086.0
124	2086.0
125	7676.0
126	7676.0
127	7676.0
128	7676.0
129	7676.0
130	77.0
131	77.0
132	77.0
133	77.0
134	77.0
135	376.0
136	376.0
137	376.0
138	376.0
139	376.0
140	5747.0
141	5747.0
142	5747.0
143	5747.0
144	5747.0
145	9532.0
146	9532.0
147	9532.0
148	9532.0
149	9532.0
150	995.0
151	995.0
152	995.0
153	995.0
154	995.0
155	4345.0
156	4345.0
157	4345.0
158	4345.0
159	4345.0
160	6075.0
161	6075.0
162	6075.0
163	6075.0
164	6075.0
165	10071.0
166	10071.0
167	10071.0
168	10071.0
169	10071.0
170	6603.0
171	6603.0
172	6603.0
173	6603.0
174	6603.0
175	704.0
176	704.0
177	704.0
178	704.0
179	704.0
180	10485.0
181	10485.0
182	10485.0
183	10485.0
184	10485.0
185	3168.0
186	3168.0
187	3168.0
188	3168.0
189	3168.0
190	702.0
191	702.0
192	702.0
193	702.0
194	702.0
195	10724.0
196	10724.0
197	10724.0
198	10724.0
199	10724.0
200	5724.0
201	5724.0
202	5724.0
203	5724.0
204	5724.0
205	6799.0
206	6799.0
207	6799.0
208	6799.0
209	6799.0
210	2213.0
211	2213.0
212	2213.0
213	2213.0
214	2213.0
215	8235.0
216	8235.0
217	8235.0
218	8235.0
219	8235.0
220	1568.0
221	1568.0
222	1568.0
223	1568.0
224	1568.0
225	7071.0
226	7071.0
227	7071.0
228	7071.0
229	7071.0
230	112.0
231	112.0
232	112.0
233	112.0
234	112.0
235	829.0
236	829.0
237	829.0
238	829.0
239	829.0
240	7003.0
241	7003.0
242	7003.0
243	7003.0
244	7003.0
245	5802.0
246	5802.0
247	5802.0
248	5802.0
249	5802.0
