0	612196.0
1	612196.0
2	612196.0
3	612196.0
4	612196.0
5	682755.0
6	682755.0
7	682755.0
8	682755.0
9	682755.0
10	278014.0
11	278014.0
12	278014.0
13	278014.0
14	278014.0
15	197871.0
16	197871.0
17	197871.0
18	197871.0
19	197871.0
20	22131.0
21	22131.0
22	22131.0
23	22131.0
24	22131.0
25	59919.0
26	59919.0
27	59919.0
28	59919.0
29	59919.0
30	141053.0
31	141053.0
32	141053.0
33	141053.0
34	141053.0
35	213150.0
36	213150.0
37	213150.0
38	213150.0
39	213150.0
40	75147.0
41	75147.0
42	75147.0
43	75147.0
44	75147.0
45	671112.0
46	671112.0
47	671112.0
48	671112.0
49	671112.0
50	693571.0
51	693571.0
52	693571.0
53	693571.0
54	693571.0
55	478752.0
56	478752.0
57	478752.0
58	478752.0
59	478752.0
60	117726.0
61	117726.0
62	117726.0
63	117726.0
64	117726.0
65	631441.0
66	631441.0
67	631441.0
68	631441.0
69	631441.0
70	503605.0
71	503605.0
72	503605.0
73	503605.0
74	503605.0
75	480152.0
76	480152.0
77	480152.0
78	480152.0
79	480152.0
80	558647.0
81	558647.0
82	558647.0
83	558647.0
84	558647.0
85	86415.0
86	86415.0
87	86415.0
88	86415.0
89	86415.0
90	254539.0
91	254539.0
92	254539.0
93	254539.0
94	254539.0
95	30637.0
96	30637.0
97	30637.0
98	30637.0
99	30637.0
100	460758.0
101	460758.0
102	460758.0
103	460758.0
104	460758.0
105	170849.0
106	170849.0
107	170849.0
108	170849.0
109	170849.0
110	352968.0
111	352968.0
112	352968.0
113	352968.0
114	352968.0
115	144071.0
116	144071.0
117	144071.0
118	144071.0
119	144071.0
120	665405.0
121	665405.0
122	665405.0
123	665405.0
124	665405.0
125	684621.0
126	684621.0
127	684621.0
128	684621.0
129	684621.0
130	18332.0
131	18332.0
132	18332.0
133	18332.0
134	18332.0
135	281155.0
136	281155.0
137	281155.0
138	281155.0
139	281155.0
140	283315.0
141	283315.0
142	283315.0
143	283315.0
144	283315.0
145	364702.0
146	364702.0
147	364702.0
148	364702.0
149	364702.0
150	540329.0
151	540329.0
152	540329.0
153	540329.0
154	540329.0
155	223306.0
156	223306.0
157	223306.0
158	223306.0
159	223306.0
160	445094.0
161	445094.0
162	445094.0
163	445094.0
164	445094.0
165	493151.0
166	493151.0
167	493151.0
168	493151.0
169	493151.0
170	489835.0
171	489835.0
172	489835.0
173	489835.0
174	489835.0
175	155242.0
176	155242.0
177	155242.0
178	155242.0
179	155242.0
180	595110.0
181	595110.0
182	595110.0
183	595110.0
184	595110.0
185	581712.0
186	581712.0
187	581712.0
188	581712.0
189	581712.0
190	676766.0
191	676766.0
192	676766.0
193	676766.0
194	676766.0
195	7665.0
196	7665.0
197	7665.0
198	7665.0
199	7665.0
200	545239.0
201	545239.0
202	545239.0
203	545239.0
204	545239.0
205	359211.0
206	359211.0
207	359211.0
208	359211.0
209	359211.0
210	380101.0
211	380101.0
212	380101.0
213	380101.0
214	380101.0
215	566277.0
216	566277.0
217	566277.0
218	566277.0
219	566277.0
220	81002.0
221	81002.0
222	81002.0
223	81002.0
224	81002.0
225	241498.0
226	241498.0
227	241498.0
228	241498.0
229	241498.0
230	536109.0
231	536109.0
232	536109.0
233	536109.0
234	536109.0
235	10706.0
236	10706.0
237	10706.0
238	10706.0
239	10706.0
240	66631.0
241	66631.0
242	66631.0
243	66631.0
244	66631.0
245	26019.0
246	26019.0
247	26019.0
248	26019.0
249	26019.0
