0	533638.0
1	533638.0
2	533638.0
3	533638.0
4	533638.0
5	375599.0
6	375599.0
7	375599.0
8	375599.0
9	375599.0
10	632366.0
11	632366.0
12	632366.0
13	632366.0
14	632366.0
15	512121.0
16	512121.0
17	512121.0
18	512121.0
19	512121.0
20	71404.0
21	71404.0
22	71404.0
23	71404.0
24	71404.0
25	611796.0
26	611796.0
27	611796.0
28	611796.0
29	611796.0
30	483186.0
31	483186.0
32	483186.0
33	483186.0
34	483186.0
35	438220.0
36	438220.0
37	438220.0
38	438220.0
39	438220.0
40	314711.0
41	314711.0
42	314711.0
43	314711.0
44	314711.0
45	395092.0
46	395092.0
47	395092.0
48	395092.0
49	395092.0
50	637020.0
51	637020.0
52	637020.0
53	637020.0
54	637020.0
55	710046.0
56	710046.0
57	710046.0
58	710046.0
59	710046.0
60	389070.0
61	389070.0
62	389070.0
63	389070.0
64	389070.0
65	105033.0
66	105033.0
67	105033.0
68	105033.0
69	105033.0
70	416661.0
71	416661.0
72	416661.0
73	416661.0
74	416661.0
75	60305.0
76	60305.0
77	60305.0
78	60305.0
79	60305.0
80	659869.0
81	659869.0
82	659869.0
83	659869.0
84	659869.0
85	552846.0
86	552846.0
87	552846.0
88	552846.0
89	552846.0
90	413092.0
91	413092.0
92	413092.0
93	413092.0
94	413092.0
95	121052.0
96	121052.0
97	121052.0
98	121052.0
99	121052.0
100	458272.0
101	458272.0
102	458272.0
103	458272.0
104	458272.0
105	639062.0
106	639062.0
107	639062.0
108	639062.0
109	639062.0
110	184692.0
111	184692.0
112	184692.0
113	184692.0
114	184692.0
115	54168.0
116	54168.0
117	54168.0
118	54168.0
119	54168.0
120	11882.0
121	11882.0
122	11882.0
123	11882.0
124	11882.0
125	232567.0
126	232567.0
127	232567.0
128	232567.0
129	232567.0
130	277246.0
131	277246.0
132	277246.0
133	277246.0
134	277246.0
135	697269.0
136	697269.0
137	697269.0
138	697269.0
139	697269.0
140	348888.0
141	348888.0
142	348888.0
143	348888.0
144	348888.0
145	195486.0
146	195486.0
147	195486.0
148	195486.0
149	195486.0
150	157102.0
151	157102.0
152	157102.0
153	157102.0
154	157102.0
155	191583.0
156	191583.0
157	191583.0
158	191583.0
159	191583.0
160	682619.0
161	682619.0
162	682619.0
163	682619.0
164	682619.0
165	380699.0
166	380699.0
167	380699.0
168	380699.0
169	380699.0
170	188393.0
171	188393.0
172	188393.0
173	188393.0
174	188393.0
175	594296.0
176	594296.0
177	594296.0
178	594296.0
179	594296.0
180	525709.0
181	525709.0
182	525709.0
183	525709.0
184	525709.0
185	169335.0
186	169335.0
187	169335.0
188	169335.0
189	169335.0
190	642055.0
191	642055.0
192	642055.0
193	642055.0
194	642055.0
195	510092.0
196	510092.0
197	510092.0
198	510092.0
199	510092.0
200	647300.0
201	647300.0
202	647300.0
203	647300.0
204	647300.0
205	208020.0
206	208020.0
207	208020.0
208	208020.0
209	208020.0
210	471225.0
211	471225.0
212	471225.0
213	471225.0
214	471225.0
215	40316.0
216	40316.0
217	40316.0
218	40316.0
219	40316.0
220	36479.0
221	36479.0
222	36479.0
223	36479.0
224	36479.0
225	356772.0
226	356772.0
227	356772.0
228	356772.0
229	356772.0
230	172974.0
231	172974.0
232	172974.0
233	172974.0
234	172974.0
235	119982.0
236	119982.0
237	119982.0
238	119982.0
239	119982.0
240	550458.0
241	550458.0
242	550458.0
243	550458.0
244	550458.0
245	267796.0
246	267796.0
247	267796.0
248	267796.0
249	267796.0
