0	19682.0
1	19682.0
2	19682.0
3	19682.0
4	19682.0
5	172254.0
6	172254.0
7	172254.0
8	172254.0
9	172254.0
10	362024.0
11	362024.0
12	362024.0
13	362024.0
14	362024.0
15	517206.0
16	517206.0
17	517206.0
18	517206.0
19	517206.0
20	450461.0
21	450461.0
22	450461.0
23	450461.0
24	450461.0
25	217457.0
26	217457.0
27	217457.0
28	217457.0
29	217457.0
30	190024.0
31	190024.0
32	190024.0
33	190024.0
34	190024.0
35	670422.0
36	670422.0
37	670422.0
38	670422.0
39	670422.0
40	1027.0
41	1027.0
42	1027.0
43	1027.0
44	1027.0
45	495918.0
46	495918.0
47	495918.0
48	495918.0
49	495918.0
50	15038.0
51	15038.0
52	15038.0
53	15038.0
54	15038.0
55	352164.0
56	352164.0
57	352164.0
58	352164.0
59	352164.0
60	446257.0
61	446257.0
62	446257.0
63	446257.0
64	446257.0
65	670421.0
66	670421.0
67	670421.0
68	670421.0
69	670421.0
70	257293.0
71	257293.0
72	257293.0
73	257293.0
74	257293.0
75	298294.0
76	298294.0
77	298294.0
78	298294.0
79	298294.0
80	320494.0
81	320494.0
82	320494.0
83	320494.0
84	320494.0
85	714491.0
86	714491.0
87	714491.0
88	714491.0
89	714491.0
90	162515.0
91	162515.0
92	162515.0
93	162515.0
94	162515.0
95	446547.0
96	446547.0
97	446547.0
98	446547.0
99	446547.0
100	426194.0
101	426194.0
102	426194.0
103	426194.0
104	426194.0
105	222424.0
106	222424.0
107	222424.0
108	222424.0
109	222424.0
110	59984.0
111	59984.0
112	59984.0
113	59984.0
114	59984.0
115	347512.0
116	347512.0
117	347512.0
118	347512.0
119	347512.0
120	635000.0
121	635000.0
122	635000.0
123	635000.0
124	635000.0
125	472296.0
126	472296.0
127	472296.0
128	472296.0
129	472296.0
130	374538.0
131	374538.0
132	374538.0
133	374538.0
134	374538.0
135	196747.0
136	196747.0
137	196747.0
138	196747.0
139	196747.0
140	590649.0
141	590649.0
142	590649.0
143	590649.0
144	590649.0
145	106450.0
146	106450.0
147	106450.0
148	106450.0
149	106450.0
150	225528.0
151	225528.0
152	225528.0
153	225528.0
154	225528.0
155	678066.0
156	678066.0
157	678066.0
158	678066.0
159	678066.0
160	7166.0
161	7166.0
162	7166.0
163	7166.0
164	7166.0
165	445147.0
166	445147.0
167	445147.0
168	445147.0
169	445147.0
170	610715.0
171	610715.0
172	610715.0
173	610715.0
174	610715.0
175	524523.0
176	524523.0
177	524523.0
178	524523.0
179	524523.0
180	484977.0
181	484977.0
182	484977.0
183	484977.0
184	484977.0
185	212328.0
186	212328.0
187	212328.0
188	212328.0
189	212328.0
190	279725.0
191	279725.0
192	279725.0
193	279725.0
194	279725.0
195	171421.0
196	171421.0
197	171421.0
198	171421.0
199	171421.0
200	718642.0
201	718642.0
202	718642.0
203	718642.0
204	718642.0
205	574528.0
206	574528.0
207	574528.0
208	574528.0
209	574528.0
210	82517.0
211	82517.0
212	82517.0
213	82517.0
214	82517.0
215	320882.0
216	320882.0
217	320882.0
218	320882.0
219	320882.0
220	352640.0
221	352640.0
222	352640.0
223	352640.0
224	352640.0
225	201343.0
226	201343.0
227	201343.0
228	201343.0
229	201343.0
230	274294.0
231	274294.0
232	274294.0
233	274294.0
234	274294.0
235	309183.0
236	309183.0
237	309183.0
238	309183.0
239	309183.0
240	340051.0
241	340051.0
242	340051.0
243	340051.0
244	340051.0
245	336528.0
246	336528.0
247	336528.0
248	336528.0
249	336528.0
