0	23200.0
1	23200.0
2	23200.0
3	23200.0
4	23200.0
5	686305.0
6	686305.0
7	686305.0
8	686305.0
9	686305.0
10	314162.0
11	314162.0
12	314162.0
13	314162.0
14	314162.0
15	375145.0
16	375145.0
17	375145.0
18	375145.0
19	375145.0
20	581304.0
21	581304.0
22	581304.0
23	581304.0
24	581304.0
25	122555.0
26	122555.0
27	122555.0
28	122555.0
29	122555.0
30	418186.0
31	418186.0
32	418186.0
33	418186.0
34	418186.0
35	192574.0
36	192574.0
37	192574.0
38	192574.0
39	192574.0
40	24163.0
41	24163.0
42	24163.0
43	24163.0
44	24163.0
45	439924.0
46	439924.0
47	439924.0
48	439924.0
49	439924.0
50	676837.0
51	676837.0
52	676837.0
53	676837.0
54	676837.0
55	442302.0
56	442302.0
57	442302.0
58	442302.0
59	442302.0
60	112243.0
61	112243.0
62	112243.0
63	112243.0
64	112243.0
65	114902.0
66	114902.0
67	114902.0
68	114902.0
69	114902.0
70	437851.0
71	437851.0
72	437851.0
73	437851.0
74	437851.0
75	641360.0
76	641360.0
77	641360.0
78	641360.0
79	641360.0
80	271605.0
81	271605.0
82	271605.0
83	271605.0
84	271605.0
85	638129.0
86	638129.0
87	638129.0
88	638129.0
89	638129.0
90	650834.0
91	650834.0
92	650834.0
93	650834.0
94	650834.0
95	514642.0
96	514642.0
97	514642.0
98	514642.0
99	514642.0
100	421848.0
101	421848.0
102	421848.0
103	421848.0
104	421848.0
105	530550.0
106	530550.0
107	530550.0
108	530550.0
109	530550.0
110	276830.0
111	276830.0
112	276830.0
113	276830.0
114	276830.0
115	466216.0
116	466216.0
117	466216.0
118	466216.0
119	466216.0
120	106571.0
121	106571.0
122	106571.0
123	106571.0
124	106571.0
125	281159.0
126	281159.0
127	281159.0
128	281159.0
129	281159.0
130	231409.0
131	231409.0
132	231409.0
133	231409.0
134	231409.0
135	159949.0
136	159949.0
137	159949.0
138	159949.0
139	159949.0
140	445030.0
141	445030.0
142	445030.0
143	445030.0
144	445030.0
145	599794.0
146	599794.0
147	599794.0
148	599794.0
149	599794.0
150	587022.0
151	587022.0
152	587022.0
153	587022.0
154	587022.0
155	544917.0
156	544917.0
157	544917.0
158	544917.0
159	544917.0
160	358896.0
161	358896.0
162	358896.0
163	358896.0
164	358896.0
165	83759.0
166	83759.0
167	83759.0
168	83759.0
169	83759.0
170	189158.0
171	189158.0
172	189158.0
173	189158.0
174	189158.0
175	257754.0
176	257754.0
177	257754.0
178	257754.0
179	257754.0
180	695302.0
181	695302.0
182	695302.0
183	695302.0
184	695302.0
185	32960.0
186	32960.0
187	32960.0
188	32960.0
189	32960.0
190	518684.0
191	518684.0
192	518684.0
193	518684.0
194	518684.0
195	328273.0
196	328273.0
197	328273.0
198	328273.0
199	328273.0
200	411800.0
201	411800.0
202	411800.0
203	411800.0
204	411800.0
205	218776.0
206	218776.0
207	218776.0
208	218776.0
209	218776.0
210	678193.0
211	678193.0
212	678193.0
213	678193.0
214	678193.0
215	401593.0
216	401593.0
217	401593.0
218	401593.0
219	401593.0
220	575538.0
221	575538.0
222	575538.0
223	575538.0
224	575538.0
225	71654.0
226	71654.0
227	71654.0
228	71654.0
229	71654.0
230	247445.0
231	247445.0
232	247445.0
233	247445.0
234	247445.0
235	524120.0
236	524120.0
237	524120.0
238	524120.0
239	524120.0
240	68712.0
241	68712.0
242	68712.0
243	68712.0
244	68712.0
245	96326.0
246	96326.0
247	96326.0
248	96326.0
249	96326.0
