0	147515.0
1	147515.0
2	147515.0
3	147515.0
4	147515.0
5	221945.0
6	221945.0
7	221945.0
8	221945.0
9	221945.0
10	73670.0
11	73670.0
12	73670.0
13	73670.0
14	73670.0
15	195449.0
16	195449.0
17	195449.0
18	195449.0
19	195449.0
20	127642.0
21	127642.0
22	127642.0
23	127642.0
24	127642.0
25	217596.0
26	217596.0
27	217596.0
28	217596.0
29	217596.0
30	385374.0
31	385374.0
32	385374.0
33	385374.0
34	385374.0
35	67020.0
36	67020.0
37	67020.0
38	67020.0
39	67020.0
40	85646.0
41	85646.0
42	85646.0
43	85646.0
44	85646.0
45	242412.0
46	242412.0
47	242412.0
48	242412.0
49	242412.0
50	273747.0
51	273747.0
52	273747.0
53	273747.0
54	273747.0
55	55042.0
56	55042.0
57	55042.0
58	55042.0
59	55042.0
60	342210.0
61	342210.0
62	342210.0
63	342210.0
64	342210.0
65	284764.0
66	284764.0
67	284764.0
68	284764.0
69	284764.0
70	152883.0
71	152883.0
72	152883.0
73	152883.0
74	152883.0
75	201876.0
76	201876.0
77	201876.0
78	201876.0
79	201876.0
80	99701.0
81	99701.0
82	99701.0
83	99701.0
84	99701.0
85	278606.0
86	278606.0
87	278606.0
88	278606.0
89	278606.0
90	157378.0
91	157378.0
92	157378.0
93	157378.0
94	157378.0
95	278469.0
96	278469.0
97	278469.0
98	278469.0
99	278469.0
100	323558.0
101	323558.0
102	323558.0
103	323558.0
104	323558.0
105	64826.0
106	64826.0
107	64826.0
108	64826.0
109	64826.0
110	285099.0
111	285099.0
112	285099.0
113	285099.0
114	285099.0
115	228527.0
116	228527.0
117	228527.0
118	228527.0
119	228527.0
120	3824.0
121	3824.0
122	3824.0
123	3824.0
124	3824.0
125	64447.0
126	64447.0
127	64447.0
128	64447.0
129	64447.0
130	16988.0
131	16988.0
132	16988.0
133	16988.0
134	16988.0
135	321184.0
136	321184.0
137	321184.0
138	321184.0
139	321184.0
140	324459.0
141	324459.0
142	324459.0
143	324459.0
144	324459.0
145	297253.0
146	297253.0
147	297253.0
148	297253.0
149	297253.0
150	170354.0
151	170354.0
152	170354.0
153	170354.0
154	170354.0
155	24472.0
156	24472.0
157	24472.0
158	24472.0
159	24472.0
160	366191.0
161	366191.0
162	366191.0
163	366191.0
164	366191.0
165	55873.0
166	55873.0
167	55873.0
168	55873.0
169	55873.0
170	33984.0
171	33984.0
172	33984.0
173	33984.0
174	33984.0
175	22827.0
176	22827.0
177	22827.0
178	22827.0
179	22827.0
180	272300.0
181	272300.0
182	272300.0
183	272300.0
184	272300.0
185	296741.0
186	296741.0
187	296741.0
188	296741.0
189	296741.0
190	234182.0
191	234182.0
192	234182.0
193	234182.0
194	234182.0
195	272898.0
196	272898.0
197	272898.0
198	272898.0
199	272898.0
200	34505.0
201	34505.0
202	34505.0
203	34505.0
204	34505.0
205	287233.0
206	287233.0
207	287233.0
208	287233.0
209	287233.0
210	351978.0
211	351978.0
212	351978.0
213	351978.0
214	351978.0
215	118550.0
216	118550.0
217	118550.0
218	118550.0
219	118550.0
220	245532.0
221	245532.0
222	245532.0
223	245532.0
224	245532.0
225	4395.0
226	4395.0
227	4395.0
228	4395.0
229	4395.0
230	246636.0
231	246636.0
232	246636.0
233	246636.0
234	246636.0
235	380074.0
236	380074.0
237	380074.0
238	380074.0
239	380074.0
240	260330.0
241	260330.0
242	260330.0
243	260330.0
244	260330.0
245	278191.0
246	278191.0
247	278191.0
248	278191.0
249	278191.0
