0	254827.0
1	254827.0
2	254827.0
3	254827.0
4	254827.0
5	166642.0
6	166642.0
7	166642.0
8	166642.0
9	166642.0
10	68494.0
11	68494.0
12	68494.0
13	68494.0
14	68494.0
15	232259.0
16	232259.0
17	232259.0
18	232259.0
19	232259.0
20	203910.0
21	203910.0
22	203910.0
23	203910.0
24	203910.0
25	323560.0
26	323560.0
27	323560.0
28	323560.0
29	323560.0
30	260749.0
31	260749.0
32	260749.0
33	260749.0
34	260749.0
35	305826.0
36	305826.0
37	305826.0
38	305826.0
39	305826.0
40	224835.0
41	224835.0
42	224835.0
43	224835.0
44	224835.0
45	156690.0
46	156690.0
47	156690.0
48	156690.0
49	156690.0
50	284027.0
51	284027.0
52	284027.0
53	284027.0
54	284027.0
55	204820.0
56	204820.0
57	204820.0
58	204820.0
59	204820.0
60	271374.0
61	271374.0
62	271374.0
63	271374.0
64	271374.0
65	334054.0
66	334054.0
67	334054.0
68	334054.0
69	334054.0
70	112001.0
71	112001.0
72	112001.0
73	112001.0
74	112001.0
75	177276.0
76	177276.0
77	177276.0
78	177276.0
79	177276.0
80	45316.0
81	45316.0
82	45316.0
83	45316.0
84	45316.0
85	123912.0
86	123912.0
87	123912.0
88	123912.0
89	123912.0
90	129503.0
91	129503.0
92	129503.0
93	129503.0
94	129503.0
95	132053.0
96	132053.0
97	132053.0
98	132053.0
99	132053.0
100	91568.0
101	91568.0
102	91568.0
103	91568.0
104	91568.0
105	328887.0
106	328887.0
107	328887.0
108	328887.0
109	328887.0
110	26408.0
111	26408.0
112	26408.0
113	26408.0
114	26408.0
115	81980.0
116	81980.0
117	81980.0
118	81980.0
119	81980.0
120	18362.0
121	18362.0
122	18362.0
123	18362.0
124	18362.0
125	12872.0
126	12872.0
127	12872.0
128	12872.0
129	12872.0
130	74568.0
131	74568.0
132	74568.0
133	74568.0
134	74568.0
135	317690.0
136	317690.0
137	317690.0
138	317690.0
139	317690.0
140	108382.0
141	108382.0
142	108382.0
143	108382.0
144	108382.0
145	208417.0
146	208417.0
147	208417.0
148	208417.0
149	208417.0
150	35811.0
151	35811.0
152	35811.0
153	35811.0
154	35811.0
155	251856.0
156	251856.0
157	251856.0
158	251856.0
159	251856.0
160	16009.0
161	16009.0
162	16009.0
163	16009.0
164	16009.0
165	92879.0
166	92879.0
167	92879.0
168	92879.0
169	92879.0
170	43136.0
171	43136.0
172	43136.0
173	43136.0
174	43136.0
175	278279.0
176	278279.0
177	278279.0
178	278279.0
179	278279.0
180	112577.0
181	112577.0
182	112577.0
183	112577.0
184	112577.0
185	138191.0
186	138191.0
187	138191.0
188	138191.0
189	138191.0
190	380982.0
191	380982.0
192	380982.0
193	380982.0
194	380982.0
195	179869.0
196	179869.0
197	179869.0
198	179869.0
199	179869.0
200	140819.0
201	140819.0
202	140819.0
203	140819.0
204	140819.0
205	344215.0
206	344215.0
207	344215.0
208	344215.0
209	344215.0
210	322126.0
211	322126.0
212	322126.0
213	322126.0
214	322126.0
215	237239.0
216	237239.0
217	237239.0
218	237239.0
219	237239.0
220	124847.0
221	124847.0
222	124847.0
223	124847.0
224	124847.0
225	2747.0
226	2747.0
227	2747.0
228	2747.0
229	2747.0
230	53007.0
231	53007.0
232	53007.0
233	53007.0
234	53007.0
235	389781.0
236	389781.0
237	389781.0
238	389781.0
239	389781.0
240	258535.0
241	258535.0
242	258535.0
243	258535.0
244	258535.0
245	383498.0
246	383498.0
247	383498.0
248	383498.0
249	383498.0
