0	2518.0
1	2518.0
2	2518.0
3	2518.0
4	2518.0
5	133359.0
6	133359.0
7	133359.0
8	133359.0
9	133359.0
10	388510.0
11	388510.0
12	388510.0
13	388510.0
14	388510.0
15	367030.0
16	367030.0
17	367030.0
18	367030.0
19	367030.0
20	383858.0
21	383858.0
22	383858.0
23	383858.0
24	383858.0
25	183570.0
26	183570.0
27	183570.0
28	183570.0
29	183570.0
30	385852.0
31	385852.0
32	385852.0
33	385852.0
34	385852.0
35	261235.0
36	261235.0
37	261235.0
38	261235.0
39	261235.0
40	177839.0
41	177839.0
42	177839.0
43	177839.0
44	177839.0
45	384104.0
46	384104.0
47	384104.0
48	384104.0
49	384104.0
50	271188.0
51	271188.0
52	271188.0
53	271188.0
54	271188.0
55	30559.0
56	30559.0
57	30559.0
58	30559.0
59	30559.0
60	360789.0
61	360789.0
62	360789.0
63	360789.0
64	360789.0
65	166255.0
66	166255.0
67	166255.0
68	166255.0
69	166255.0
70	162981.0
71	162981.0
72	162981.0
73	162981.0
74	162981.0
75	387571.0
76	387571.0
77	387571.0
78	387571.0
79	387571.0
80	15051.0
81	15051.0
82	15051.0
83	15051.0
84	15051.0
85	361323.0
86	361323.0
87	361323.0
88	361323.0
89	361323.0
90	240415.0
91	240415.0
92	240415.0
93	240415.0
94	240415.0
95	124046.0
96	124046.0
97	124046.0
98	124046.0
99	124046.0
100	120668.0
101	120668.0
102	120668.0
103	120668.0
104	120668.0
105	310433.0
106	310433.0
107	310433.0
108	310433.0
109	310433.0
110	55071.0
111	55071.0
112	55071.0
113	55071.0
114	55071.0
115	123639.0
116	123639.0
117	123639.0
118	123639.0
119	123639.0
120	2759.0
121	2759.0
122	2759.0
123	2759.0
124	2759.0
125	32910.0
126	32910.0
127	32910.0
128	32910.0
129	32910.0
130	93637.0
131	93637.0
132	93637.0
133	93637.0
134	93637.0
135	93137.0
136	93137.0
137	93137.0
138	93137.0
139	93137.0
140	73941.0
141	73941.0
142	73941.0
143	73941.0
144	73941.0
145	390936.0
146	390936.0
147	390936.0
148	390936.0
149	390936.0
150	86624.0
151	86624.0
152	86624.0
153	86624.0
154	86624.0
155	257989.0
156	257989.0
157	257989.0
158	257989.0
159	257989.0
160	356915.0
161	356915.0
162	356915.0
163	356915.0
164	356915.0
165	92706.0
166	92706.0
167	92706.0
168	92706.0
169	92706.0
170	186647.0
171	186647.0
172	186647.0
173	186647.0
174	186647.0
175	120685.0
176	120685.0
177	120685.0
178	120685.0
179	120685.0
180	308822.0
181	308822.0
182	308822.0
183	308822.0
184	308822.0
185	123812.0
186	123812.0
187	123812.0
188	123812.0
189	123812.0
190	291315.0
191	291315.0
192	291315.0
193	291315.0
194	291315.0
195	320304.0
196	320304.0
197	320304.0
198	320304.0
199	320304.0
200	197519.0
201	197519.0
202	197519.0
203	197519.0
204	197519.0
205	199617.0
206	199617.0
207	199617.0
208	199617.0
209	199617.0
210	386095.0
211	386095.0
212	386095.0
213	386095.0
214	386095.0
215	371100.0
216	371100.0
217	371100.0
218	371100.0
219	371100.0
220	301066.0
221	301066.0
222	301066.0
223	301066.0
224	301066.0
225	239490.0
226	239490.0
227	239490.0
228	239490.0
229	239490.0
230	254317.0
231	254317.0
232	254317.0
233	254317.0
234	254317.0
235	141315.0
236	141315.0
237	141315.0
238	141315.0
239	141315.0
240	284231.0
241	284231.0
242	284231.0
243	284231.0
244	284231.0
245	85692.0
246	85692.0
247	85692.0
248	85692.0
249	85692.0
