0	93953.0
1	93953.0
2	93953.0
3	93953.0
4	93953.0
5	372609.0
6	372609.0
7	372609.0
8	372609.0
9	372609.0
10	200253.0
11	200253.0
12	200253.0
13	200253.0
14	200253.0
15	211008.0
16	211008.0
17	211008.0
18	211008.0
19	211008.0
20	64641.0
21	64641.0
22	64641.0
23	64641.0
24	64641.0
25	95449.0
26	95449.0
27	95449.0
28	95449.0
29	95449.0
30	330681.0
31	330681.0
32	330681.0
33	330681.0
34	330681.0
35	192628.0
36	192628.0
37	192628.0
38	192628.0
39	192628.0
40	153584.0
41	153584.0
42	153584.0
43	153584.0
44	153584.0
45	151538.0
46	151538.0
47	151538.0
48	151538.0
49	151538.0
50	284867.0
51	284867.0
52	284867.0
53	284867.0
54	284867.0
55	48468.0
56	48468.0
57	48468.0
58	48468.0
59	48468.0
60	34243.0
61	34243.0
62	34243.0
63	34243.0
64	34243.0
65	329593.0
66	329593.0
67	329593.0
68	329593.0
69	329593.0
70	22558.0
71	22558.0
72	22558.0
73	22558.0
74	22558.0
75	185991.0
76	185991.0
77	185991.0
78	185991.0
79	185991.0
80	16810.0
81	16810.0
82	16810.0
83	16810.0
84	16810.0
85	147446.0
86	147446.0
87	147446.0
88	147446.0
89	147446.0
90	22349.0
91	22349.0
92	22349.0
93	22349.0
94	22349.0
95	61436.0
96	61436.0
97	61436.0
98	61436.0
99	61436.0
100	367826.0
101	367826.0
102	367826.0
103	367826.0
104	367826.0
105	252554.0
106	252554.0
107	252554.0
108	252554.0
109	252554.0
110	140652.0
111	140652.0
112	140652.0
113	140652.0
114	140652.0
115	232587.0
116	232587.0
117	232587.0
118	232587.0
119	232587.0
120	178403.0
121	178403.0
122	178403.0
123	178403.0
124	178403.0
125	88437.0
126	88437.0
127	88437.0
128	88437.0
129	88437.0
130	261075.0
131	261075.0
132	261075.0
133	261075.0
134	261075.0
135	161850.0
136	161850.0
137	161850.0
138	161850.0
139	161850.0
140	41590.0
141	41590.0
142	41590.0
143	41590.0
144	41590.0
145	203061.0
146	203061.0
147	203061.0
148	203061.0
149	203061.0
150	216294.0
151	216294.0
152	216294.0
153	216294.0
154	216294.0
155	128560.0
156	128560.0
157	128560.0
158	128560.0
159	128560.0
160	206491.0
161	206491.0
162	206491.0
163	206491.0
164	206491.0
165	40244.0
166	40244.0
167	40244.0
168	40244.0
169	40244.0
170	152183.0
171	152183.0
172	152183.0
173	152183.0
174	152183.0
175	153537.0
176	153537.0
177	153537.0
178	153537.0
179	153537.0
180	356230.0
181	356230.0
182	356230.0
183	356230.0
184	356230.0
185	180951.0
186	180951.0
187	180951.0
188	180951.0
189	180951.0
190	48505.0
191	48505.0
192	48505.0
193	48505.0
194	48505.0
195	91142.0
196	91142.0
197	91142.0
198	91142.0
199	91142.0
200	351827.0
201	351827.0
202	351827.0
203	351827.0
204	351827.0
205	311425.0
206	311425.0
207	311425.0
208	311425.0
209	311425.0
210	258294.0
211	258294.0
212	258294.0
213	258294.0
214	258294.0
215	75729.0
216	75729.0
217	75729.0
218	75729.0
219	75729.0
220	152814.0
221	152814.0
222	152814.0
223	152814.0
224	152814.0
225	22269.0
226	22269.0
227	22269.0
228	22269.0
229	22269.0
230	260025.0
231	260025.0
232	260025.0
233	260025.0
234	260025.0
235	214102.0
236	214102.0
237	214102.0
238	214102.0
239	214102.0
240	365172.0
241	365172.0
242	365172.0
243	365172.0
244	365172.0
245	207673.0
246	207673.0
247	207673.0
248	207673.0
249	207673.0
