0	316240.0
1	316240.0
2	316240.0
3	316240.0
4	316240.0
5	272944.0
6	272944.0
7	272944.0
8	272944.0
9	272944.0
10	43952.0
11	43952.0
12	43952.0
13	43952.0
14	43952.0
15	280578.0
16	280578.0
17	280578.0
18	280578.0
19	280578.0
20	330668.0
21	330668.0
22	330668.0
23	330668.0
24	330668.0
25	204734.0
26	204734.0
27	204734.0
28	204734.0
29	204734.0
30	66468.0
31	66468.0
32	66468.0
33	66468.0
34	66468.0
35	115987.0
36	115987.0
37	115987.0
38	115987.0
39	115987.0
40	246914.0
41	246914.0
42	246914.0
43	246914.0
44	246914.0
45	28972.0
46	28972.0
47	28972.0
48	28972.0
49	28972.0
50	235864.0
51	235864.0
52	235864.0
53	235864.0
54	235864.0
55	107176.0
56	107176.0
57	107176.0
58	107176.0
59	107176.0
60	109632.0
61	109632.0
62	109632.0
63	109632.0
64	109632.0
65	353596.0
66	353596.0
67	353596.0
68	353596.0
69	353596.0
70	194102.0
71	194102.0
72	194102.0
73	194102.0
74	194102.0
75	53256.0
76	53256.0
77	53256.0
78	53256.0
79	53256.0
80	308507.0
81	308507.0
82	308507.0
83	308507.0
84	308507.0
85	375560.0
86	375560.0
87	375560.0
88	375560.0
89	375560.0
90	323109.0
91	323109.0
92	323109.0
93	323109.0
94	323109.0
95	353995.0
96	353995.0
97	353995.0
98	353995.0
99	353995.0
100	357604.0
101	357604.0
102	357604.0
103	357604.0
104	357604.0
105	32550.0
106	32550.0
107	32550.0
108	32550.0
109	32550.0
110	209139.0
111	209139.0
112	209139.0
113	209139.0
114	209139.0
115	30330.0
116	30330.0
117	30330.0
118	30330.0
119	30330.0
120	180135.0
121	180135.0
122	180135.0
123	180135.0
124	180135.0
125	129618.0
126	129618.0
127	129618.0
128	129618.0
129	129618.0
130	379274.0
131	379274.0
132	379274.0
133	379274.0
134	379274.0
135	162837.0
136	162837.0
137	162837.0
138	162837.0
139	162837.0
140	42024.0
141	42024.0
142	42024.0
143	42024.0
144	42024.0
145	288572.0
146	288572.0
147	288572.0
148	288572.0
149	288572.0
150	133749.0
151	133749.0
152	133749.0
153	133749.0
154	133749.0
155	327081.0
156	327081.0
157	327081.0
158	327081.0
159	327081.0
160	337900.0
161	337900.0
162	337900.0
163	337900.0
164	337900.0
165	86487.0
166	86487.0
167	86487.0
168	86487.0
169	86487.0
170	340406.0
171	340406.0
172	340406.0
173	340406.0
174	340406.0
175	8633.0
176	8633.0
177	8633.0
178	8633.0
179	8633.0
180	16139.0
181	16139.0
182	16139.0
183	16139.0
184	16139.0
185	351037.0
186	351037.0
187	351037.0
188	351037.0
189	351037.0
190	385613.0
191	385613.0
192	385613.0
193	385613.0
194	385613.0
195	89084.0
196	89084.0
197	89084.0
198	89084.0
199	89084.0
200	284100.0
201	284100.0
202	284100.0
203	284100.0
204	284100.0
205	254561.0
206	254561.0
207	254561.0
208	254561.0
209	254561.0
210	361612.0
211	361612.0
212	361612.0
213	361612.0
214	361612.0
215	232884.0
216	232884.0
217	232884.0
218	232884.0
219	232884.0
220	198345.0
221	198345.0
222	198345.0
223	198345.0
224	198345.0
225	387230.0
226	387230.0
227	387230.0
228	387230.0
229	387230.0
230	163572.0
231	163572.0
232	163572.0
233	163572.0
234	163572.0
235	203420.0
236	203420.0
237	203420.0
238	203420.0
239	203420.0
240	17499.0
241	17499.0
242	17499.0
243	17499.0
244	17499.0
245	367262.0
246	367262.0
247	367262.0
248	367262.0
249	367262.0
