0	411597.0
1	411597.0
2	411597.0
3	411597.0
4	411597.0
5	205768.0
6	205768.0
7	205768.0
8	205768.0
9	205768.0
10	407898.0
11	407898.0
12	407898.0
13	407898.0
14	407898.0
15	251960.0
16	251960.0
17	251960.0
18	251960.0
19	251960.0
20	147483.0
21	147483.0
22	147483.0
23	147483.0
24	147483.0
25	344404.0
26	344404.0
27	344404.0
28	344404.0
29	344404.0
30	357921.0
31	357921.0
32	357921.0
33	357921.0
34	357921.0
35	268671.0
36	268671.0
37	268671.0
38	268671.0
39	268671.0
40	319751.0
41	319751.0
42	319751.0
43	319751.0
44	319751.0
45	313341.0
46	313341.0
47	313341.0
48	313341.0
49	313341.0
50	16859.0
51	16859.0
52	16859.0
53	16859.0
54	16859.0
55	11965.0
56	11965.0
57	11965.0
58	11965.0
59	11965.0
60	56979.0
61	56979.0
62	56979.0
63	56979.0
64	56979.0
65	32253.0
66	32253.0
67	32253.0
68	32253.0
69	32253.0
70	420375.0
71	420375.0
72	420375.0
73	420375.0
74	420375.0
75	29597.0
76	29597.0
77	29597.0
78	29597.0
79	29597.0
80	373148.0
81	373148.0
82	373148.0
83	373148.0
84	373148.0
85	309201.0
86	309201.0
87	309201.0
88	309201.0
89	309201.0
90	101018.0
91	101018.0
92	101018.0
93	101018.0
94	101018.0
95	483283.0
96	483283.0
97	483283.0
98	483283.0
99	483283.0
100	221517.0
101	221517.0
102	221517.0
103	221517.0
104	221517.0
105	476634.0
106	476634.0
107	476634.0
108	476634.0
109	476634.0
110	396890.0
111	396890.0
112	396890.0
113	396890.0
114	396890.0
115	503111.0
116	503111.0
117	503111.0
118	503111.0
119	503111.0
120	542417.0
121	542417.0
122	542417.0
123	542417.0
124	542417.0
125	303975.0
126	303975.0
127	303975.0
128	303975.0
129	303975.0
130	168346.0
131	168346.0
132	168346.0
133	168346.0
134	168346.0
135	370707.0
136	370707.0
137	370707.0
138	370707.0
139	370707.0
140	163112.0
141	163112.0
142	163112.0
143	163112.0
144	163112.0
145	207712.0
146	207712.0
147	207712.0
148	207712.0
149	207712.0
150	514474.0
151	514474.0
152	514474.0
153	514474.0
154	514474.0
155	391285.0
156	391285.0
157	391285.0
158	391285.0
159	391285.0
160	388089.0
161	388089.0
162	388089.0
163	388089.0
164	388089.0
165	458955.0
166	458955.0
167	458955.0
168	458955.0
169	458955.0
170	138422.0
171	138422.0
172	138422.0
173	138422.0
174	138422.0
175	108993.0
176	108993.0
177	108993.0
178	108993.0
179	108993.0
180	262703.0
181	262703.0
182	262703.0
183	262703.0
184	262703.0
185	539574.0
186	539574.0
187	539574.0
188	539574.0
189	539574.0
190	566098.0
191	566098.0
192	566098.0
193	566098.0
194	566098.0
195	545073.0
196	545073.0
197	545073.0
198	545073.0
199	545073.0
200	277118.0
201	277118.0
202	277118.0
203	277118.0
204	277118.0
205	334339.0
206	334339.0
207	334339.0
208	334339.0
209	334339.0
210	342849.0
211	342849.0
212	342849.0
213	342849.0
214	342849.0
215	299900.0
216	299900.0
217	299900.0
218	299900.0
219	299900.0
220	394277.0
221	394277.0
222	394277.0
223	394277.0
224	394277.0
225	253206.0
226	253206.0
227	253206.0
228	253206.0
229	253206.0
230	455472.0
231	455472.0
232	455472.0
233	455472.0
234	455472.0
235	245113.0
236	245113.0
237	245113.0
238	245113.0
239	245113.0
240	305207.0
241	305207.0
242	305207.0
243	305207.0
244	305207.0
245	189562.0
246	189562.0
247	189562.0
248	189562.0
249	189562.0
