0	327726.0
1	327726.0
2	327726.0
3	327726.0
4	327726.0
5	130900.0
6	130900.0
7	130900.0
8	130900.0
9	130900.0
10	144310.0
11	144310.0
12	144310.0
13	144310.0
14	144310.0
15	67894.0
16	67894.0
17	67894.0
18	67894.0
19	67894.0
20	323521.0
21	323521.0
22	323521.0
23	323521.0
24	323521.0
25	83037.0
26	83037.0
27	83037.0
28	83037.0
29	83037.0
30	252490.0
31	252490.0
32	252490.0
33	252490.0
34	252490.0
35	92153.0
36	92153.0
37	92153.0
38	92153.0
39	92153.0
40	491613.0
41	491613.0
42	491613.0
43	491613.0
44	491613.0
45	364637.0
46	364637.0
47	364637.0
48	364637.0
49	364637.0
50	176081.0
51	176081.0
52	176081.0
53	176081.0
54	176081.0
55	387589.0
56	387589.0
57	387589.0
58	387589.0
59	387589.0
60	139484.0
61	139484.0
62	139484.0
63	139484.0
64	139484.0
65	556214.0
66	556214.0
67	556214.0
68	556214.0
69	556214.0
70	406015.0
71	406015.0
72	406015.0
73	406015.0
74	406015.0
75	543768.0
76	543768.0
77	543768.0
78	543768.0
79	543768.0
80	304931.0
81	304931.0
82	304931.0
83	304931.0
84	304931.0
85	533324.0
86	533324.0
87	533324.0
88	533324.0
89	533324.0
90	9565.0
91	9565.0
92	9565.0
93	9565.0
94	9565.0
95	469068.0
96	469068.0
97	469068.0
98	469068.0
99	469068.0
100	420272.0
101	420272.0
102	420272.0
103	420272.0
104	420272.0
105	106500.0
106	106500.0
107	106500.0
108	106500.0
109	106500.0
110	426301.0
111	426301.0
112	426301.0
113	426301.0
114	426301.0
115	74470.0
116	74470.0
117	74470.0
118	74470.0
119	74470.0
120	456294.0
121	456294.0
122	456294.0
123	456294.0
124	456294.0
125	378272.0
126	378272.0
127	378272.0
128	378272.0
129	378272.0
130	399705.0
131	399705.0
132	399705.0
133	399705.0
134	399705.0
135	135996.0
136	135996.0
137	135996.0
138	135996.0
139	135996.0
140	299137.0
141	299137.0
142	299137.0
143	299137.0
144	299137.0
145	291145.0
146	291145.0
147	291145.0
148	291145.0
149	291145.0
150	54016.0
151	54016.0
152	54016.0
153	54016.0
154	54016.0
155	364493.0
156	364493.0
157	364493.0
158	364493.0
159	364493.0
160	152380.0
161	152380.0
162	152380.0
163	152380.0
164	152380.0
165	200741.0
166	200741.0
167	200741.0
168	200741.0
169	200741.0
170	108745.0
171	108745.0
172	108745.0
173	108745.0
174	108745.0
175	359297.0
176	359297.0
177	359297.0
178	359297.0
179	359297.0
180	230397.0
181	230397.0
182	230397.0
183	230397.0
184	230397.0
185	123785.0
186	123785.0
187	123785.0
188	123785.0
189	123785.0
190	33554.0
191	33554.0
192	33554.0
193	33554.0
194	33554.0
195	546683.0
196	546683.0
197	546683.0
198	546683.0
199	546683.0
200	447231.0
201	447231.0
202	447231.0
203	447231.0
204	447231.0
205	546912.0
206	546912.0
207	546912.0
208	546912.0
209	546912.0
210	213497.0
211	213497.0
212	213497.0
213	213497.0
214	213497.0
215	262207.0
216	262207.0
217	262207.0
218	262207.0
219	262207.0
220	301758.0
221	301758.0
222	301758.0
223	301758.0
224	301758.0
225	39576.0
226	39576.0
227	39576.0
228	39576.0
229	39576.0
230	241997.0
231	241997.0
232	241997.0
233	241997.0
234	241997.0
235	32010.0
236	32010.0
237	32010.0
238	32010.0
239	32010.0
240	518711.0
241	518711.0
242	518711.0
243	518711.0
244	518711.0
245	344727.0
246	344727.0
247	344727.0
248	344727.0
249	344727.0
