0	322587.0
1	322587.0
2	322587.0
3	322587.0
4	322587.0
5	456558.0
6	456558.0
7	456558.0
8	456558.0
9	456558.0
10	345216.0
11	345216.0
12	345216.0
13	345216.0
14	345216.0
15	114522.0
16	114522.0
17	114522.0
18	114522.0
19	114522.0
20	282580.0
21	282580.0
22	282580.0
23	282580.0
24	282580.0
25	240650.0
26	240650.0
27	240650.0
28	240650.0
29	240650.0
30	324484.0
31	324484.0
32	324484.0
33	324484.0
34	324484.0
35	120132.0
36	120132.0
37	120132.0
38	120132.0
39	120132.0
40	300301.0
41	300301.0
42	300301.0
43	300301.0
44	300301.0
45	425662.0
46	425662.0
47	425662.0
48	425662.0
49	425662.0
50	499606.0
51	499606.0
52	499606.0
53	499606.0
54	499606.0
55	507568.0
56	507568.0
57	507568.0
58	507568.0
59	507568.0
60	107252.0
61	107252.0
62	107252.0
63	107252.0
64	107252.0
65	215120.0
66	215120.0
67	215120.0
68	215120.0
69	215120.0
70	247465.0
71	247465.0
72	247465.0
73	247465.0
74	247465.0
75	390842.0
76	390842.0
77	390842.0
78	390842.0
79	390842.0
80	387192.0
81	387192.0
82	387192.0
83	387192.0
84	387192.0
85	326467.0
86	326467.0
87	326467.0
88	326467.0
89	326467.0
90	287148.0
91	287148.0
92	287148.0
93	287148.0
94	287148.0
95	497893.0
96	497893.0
97	497893.0
98	497893.0
99	497893.0
100	170480.0
101	170480.0
102	170480.0
103	170480.0
104	170480.0
105	12779.0
106	12779.0
107	12779.0
108	12779.0
109	12779.0
110	180328.0
111	180328.0
112	180328.0
113	180328.0
114	180328.0
115	250779.0
116	250779.0
117	250779.0
118	250779.0
119	250779.0
120	109644.0
121	109644.0
122	109644.0
123	109644.0
124	109644.0
125	540922.0
126	540922.0
127	540922.0
128	540922.0
129	540922.0
130	173918.0
131	173918.0
132	173918.0
133	173918.0
134	173918.0
135	311531.0
136	311531.0
137	311531.0
138	311531.0
139	311531.0
140	95326.0
141	95326.0
142	95326.0
143	95326.0
144	95326.0
145	327374.0
146	327374.0
147	327374.0
148	327374.0
149	327374.0
150	66448.0
151	66448.0
152	66448.0
153	66448.0
154	66448.0
155	185422.0
156	185422.0
157	185422.0
158	185422.0
159	185422.0
160	88816.0
161	88816.0
162	88816.0
163	88816.0
164	88816.0
165	253249.0
166	253249.0
167	253249.0
168	253249.0
169	253249.0
170	205855.0
171	205855.0
172	205855.0
173	205855.0
174	205855.0
175	385015.0
176	385015.0
177	385015.0
178	385015.0
179	385015.0
180	49050.0
181	49050.0
182	49050.0
183	49050.0
184	49050.0
185	430220.0
186	430220.0
187	430220.0
188	430220.0
189	430220.0
190	146624.0
191	146624.0
192	146624.0
193	146624.0
194	146624.0
195	57681.0
196	57681.0
197	57681.0
198	57681.0
199	57681.0
200	476515.0
201	476515.0
202	476515.0
203	476515.0
204	476515.0
205	218363.0
206	218363.0
207	218363.0
208	218363.0
209	218363.0
210	461769.0
211	461769.0
212	461769.0
213	461769.0
214	461769.0
215	526473.0
216	526473.0
217	526473.0
218	526473.0
219	526473.0
220	154163.0
221	154163.0
222	154163.0
223	154163.0
224	154163.0
225	203260.0
226	203260.0
227	203260.0
228	203260.0
229	203260.0
230	168347.0
231	168347.0
232	168347.0
233	168347.0
234	168347.0
235	557170.0
236	557170.0
237	557170.0
238	557170.0
239	557170.0
240	506112.0
241	506112.0
242	506112.0
243	506112.0
244	506112.0
245	313885.0
246	313885.0
247	313885.0
248	313885.0
249	313885.0
