0	282761.0
1	282761.0
2	282761.0
3	282761.0
4	282761.0
5	178596.0
6	178596.0
7	178596.0
8	178596.0
9	178596.0
10	322735.0
11	322735.0
12	322735.0
13	322735.0
14	322735.0
15	290494.0
16	290494.0
17	290494.0
18	290494.0
19	290494.0
20	545139.0
21	545139.0
22	545139.0
23	545139.0
24	545139.0
25	180367.0
26	180367.0
27	180367.0
28	180367.0
29	180367.0
30	372516.0
31	372516.0
32	372516.0
33	372516.0
34	372516.0
35	394517.0
36	394517.0
37	394517.0
38	394517.0
39	394517.0
40	410183.0
41	410183.0
42	410183.0
43	410183.0
44	410183.0
45	159313.0
46	159313.0
47	159313.0
48	159313.0
49	159313.0
50	48777.0
51	48777.0
52	48777.0
53	48777.0
54	48777.0
55	250733.0
56	250733.0
57	250733.0
58	250733.0
59	250733.0
60	305029.0
61	305029.0
62	305029.0
63	305029.0
64	305029.0
65	131832.0
66	131832.0
67	131832.0
68	131832.0
69	131832.0
70	388490.0
71	388490.0
72	388490.0
73	388490.0
74	388490.0
75	459403.0
76	459403.0
77	459403.0
78	459403.0
79	459403.0
80	258807.0
81	258807.0
82	258807.0
83	258807.0
84	258807.0
85	39554.0
86	39554.0
87	39554.0
88	39554.0
89	39554.0
90	555089.0
91	555089.0
92	555089.0
93	555089.0
94	555089.0
95	301401.0
96	301401.0
97	301401.0
98	301401.0
99	301401.0
100	176758.0
101	176758.0
102	176758.0
103	176758.0
104	176758.0
105	381745.0
106	381745.0
107	381745.0
108	381745.0
109	381745.0
110	303616.0
111	303616.0
112	303616.0
113	303616.0
114	303616.0
115	141973.0
116	141973.0
117	141973.0
118	141973.0
119	141973.0
120	91843.0
121	91843.0
122	91843.0
123	91843.0
124	91843.0
125	281868.0
126	281868.0
127	281868.0
128	281868.0
129	281868.0
130	90236.0
131	90236.0
132	90236.0
133	90236.0
134	90236.0
135	182832.0
136	182832.0
137	182832.0
138	182832.0
139	182832.0
140	260657.0
141	260657.0
142	260657.0
143	260657.0
144	260657.0
145	355255.0
146	355255.0
147	355255.0
148	355255.0
149	355255.0
150	445848.0
151	445848.0
152	445848.0
153	445848.0
154	445848.0
155	456472.0
156	456472.0
157	456472.0
158	456472.0
159	456472.0
160	9673.0
161	9673.0
162	9673.0
163	9673.0
164	9673.0
165	459193.0
166	459193.0
167	459193.0
168	459193.0
169	459193.0
170	545410.0
171	545410.0
172	545410.0
173	545410.0
174	545410.0
175	184486.0
176	184486.0
177	184486.0
178	184486.0
179	184486.0
180	81755.0
181	81755.0
182	81755.0
183	81755.0
184	81755.0
185	102757.0
186	102757.0
187	102757.0
188	102757.0
189	102757.0
190	555024.0
191	555024.0
192	555024.0
193	555024.0
194	555024.0
195	35444.0
196	35444.0
197	35444.0
198	35444.0
199	35444.0
200	15058.0
201	15058.0
202	15058.0
203	15058.0
204	15058.0
205	263925.0
206	263925.0
207	263925.0
208	263925.0
209	263925.0
210	439957.0
211	439957.0
212	439957.0
213	439957.0
214	439957.0
215	287037.0
216	287037.0
217	287037.0
218	287037.0
219	287037.0
220	536075.0
221	536075.0
222	536075.0
223	536075.0
224	536075.0
225	344964.0
226	344964.0
227	344964.0
228	344964.0
229	344964.0
230	380026.0
231	380026.0
232	380026.0
233	380026.0
234	380026.0
235	26778.0
236	26778.0
237	26778.0
238	26778.0
239	26778.0
240	348621.0
241	348621.0
242	348621.0
243	348621.0
244	348621.0
245	195537.0
246	195537.0
247	195537.0
248	195537.0
249	195537.0
