0	217516.0
1	217516.0
2	217516.0
3	217516.0
4	217516.0
5	203179.0
6	203179.0
7	203179.0
8	203179.0
9	203179.0
10	136740.0
11	136740.0
12	136740.0
13	136740.0
14	136740.0
15	329643.0
16	329643.0
17	329643.0
18	329643.0
19	329643.0
20	526040.0
21	526040.0
22	526040.0
23	526040.0
24	526040.0
25	81764.0
26	81764.0
27	81764.0
28	81764.0
29	81764.0
30	396848.0
31	396848.0
32	396848.0
33	396848.0
34	396848.0
35	71298.0
36	71298.0
37	71298.0
38	71298.0
39	71298.0
40	407579.0
41	407579.0
42	407579.0
43	407579.0
44	407579.0
45	76825.0
46	76825.0
47	76825.0
48	76825.0
49	76825.0
50	410232.0
51	410232.0
52	410232.0
53	410232.0
54	410232.0
55	418139.0
56	418139.0
57	418139.0
58	418139.0
59	418139.0
60	201329.0
61	201329.0
62	201329.0
63	201329.0
64	201329.0
65	504774.0
66	504774.0
67	504774.0
68	504774.0
69	504774.0
70	287850.0
71	287850.0
72	287850.0
73	287850.0
74	287850.0
75	6582.0
76	6582.0
77	6582.0
78	6582.0
79	6582.0
80	101075.0
81	101075.0
82	101075.0
83	101075.0
84	101075.0
85	152032.0
86	152032.0
87	152032.0
88	152032.0
89	152032.0
90	260171.0
91	260171.0
92	260171.0
93	260171.0
94	260171.0
95	388274.0
96	388274.0
97	388274.0
98	388274.0
99	388274.0
100	22829.0
101	22829.0
102	22829.0
103	22829.0
104	22829.0
105	267979.0
106	267979.0
107	267979.0
108	267979.0
109	267979.0
110	493214.0
111	493214.0
112	493214.0
113	493214.0
114	493214.0
115	348830.0
116	348830.0
117	348830.0
118	348830.0
119	348830.0
120	312751.0
121	312751.0
122	312751.0
123	312751.0
124	312751.0
125	161605.0
126	161605.0
127	161605.0
128	161605.0
129	161605.0
130	685.0
131	685.0
132	685.0
133	685.0
134	685.0
135	72663.0
136	72663.0
137	72663.0
138	72663.0
139	72663.0
140	18954.0
141	18954.0
142	18954.0
143	18954.0
144	18954.0
145	493431.0
146	493431.0
147	493431.0
148	493431.0
149	493431.0
150	267794.0
151	267794.0
152	267794.0
153	267794.0
154	267794.0
155	426240.0
156	426240.0
157	426240.0
158	426240.0
159	426240.0
160	500495.0
161	500495.0
162	500495.0
163	500495.0
164	500495.0
165	17928.0
166	17928.0
167	17928.0
168	17928.0
169	17928.0
170	142511.0
171	142511.0
172	142511.0
173	142511.0
174	142511.0
175	355895.0
176	355895.0
177	355895.0
178	355895.0
179	355895.0
180	431202.0
181	431202.0
182	431202.0
183	431202.0
184	431202.0
185	511878.0
186	511878.0
187	511878.0
188	511878.0
189	511878.0
190	154432.0
191	154432.0
192	154432.0
193	154432.0
194	154432.0
195	268224.0
196	268224.0
197	268224.0
198	268224.0
199	268224.0
200	13743.0
201	13743.0
202	13743.0
203	13743.0
204	13743.0
205	29585.0
206	29585.0
207	29585.0
208	29585.0
209	29585.0
210	329962.0
211	329962.0
212	329962.0
213	329962.0
214	329962.0
215	175167.0
216	175167.0
217	175167.0
218	175167.0
219	175167.0
220	214541.0
221	214541.0
222	214541.0
223	214541.0
224	214541.0
225	320790.0
226	320790.0
227	320790.0
228	320790.0
229	320790.0
230	191238.0
231	191238.0
232	191238.0
233	191238.0
234	191238.0
235	385337.0
236	385337.0
237	385337.0
238	385337.0
239	385337.0
240	61712.0
241	61712.0
242	61712.0
243	61712.0
244	61712.0
245	480433.0
246	480433.0
247	480433.0
248	480433.0
249	480433.0
