0	87927.0
1	87927.0
2	87927.0
3	87927.0
4	87927.0
5	81788.0
6	81788.0
7	81788.0
8	81788.0
9	81788.0
10	144315.0
11	144315.0
12	144315.0
13	144315.0
14	144315.0
15	112914.0
16	112914.0
17	112914.0
18	112914.0
19	112914.0
20	176038.0
21	176038.0
22	176038.0
23	176038.0
24	176038.0
25	180869.0
26	180869.0
27	180869.0
28	180869.0
29	180869.0
30	86554.0
31	86554.0
32	86554.0
33	86554.0
34	86554.0
35	32848.0
36	32848.0
37	32848.0
38	32848.0
39	32848.0
40	9209.0
41	9209.0
42	9209.0
43	9209.0
44	9209.0
45	59466.0
46	59466.0
47	59466.0
48	59466.0
49	59466.0
50	75691.0
51	75691.0
52	75691.0
53	75691.0
54	75691.0
55	4826.0
56	4826.0
57	4826.0
58	4826.0
59	4826.0
60	25745.0
61	25745.0
62	25745.0
63	25745.0
64	25745.0
65	122903.0
66	122903.0
67	122903.0
68	122903.0
69	122903.0
70	120711.0
71	120711.0
72	120711.0
73	120711.0
74	120711.0
75	81758.0
76	81758.0
77	81758.0
78	81758.0
79	81758.0
80	38398.0
81	38398.0
82	38398.0
83	38398.0
84	38398.0
85	117007.0
86	117007.0
87	117007.0
88	117007.0
89	117007.0
90	67378.0
91	67378.0
92	67378.0
93	67378.0
94	67378.0
95	28711.0
96	28711.0
97	28711.0
98	28711.0
99	28711.0
100	168142.0
101	168142.0
102	168142.0
103	168142.0
104	168142.0
105	17083.0
106	17083.0
107	17083.0
108	17083.0
109	17083.0
110	145754.0
111	145754.0
112	145754.0
113	145754.0
114	145754.0
115	168012.0
116	168012.0
117	168012.0
118	168012.0
119	168012.0
120	82910.0
121	82910.0
122	82910.0
123	82910.0
124	82910.0
125	135431.0
126	135431.0
127	135431.0
128	135431.0
129	135431.0
130	42283.0
131	42283.0
132	42283.0
133	42283.0
134	42283.0
135	48726.0
136	48726.0
137	48726.0
138	48726.0
139	48726.0
140	77364.0
141	77364.0
142	77364.0
143	77364.0
144	77364.0
145	102998.0
146	102998.0
147	102998.0
148	102998.0
149	102998.0
150	103311.0
151	103311.0
152	103311.0
153	103311.0
154	103311.0
155	4822.0
156	4822.0
157	4822.0
158	4822.0
159	4822.0
160	26949.0
161	26949.0
162	26949.0
163	26949.0
164	26949.0
165	21838.0
166	21838.0
167	21838.0
168	21838.0
169	21838.0
170	130965.0
171	130965.0
172	130965.0
173	130965.0
174	130965.0
175	40251.0
176	40251.0
177	40251.0
178	40251.0
179	40251.0
180	141992.0
181	141992.0
182	141992.0
183	141992.0
184	141992.0
185	23549.0
186	23549.0
187	23549.0
188	23549.0
189	23549.0
190	46071.0
191	46071.0
192	46071.0
193	46071.0
194	46071.0
195	36097.0
196	36097.0
197	36097.0
198	36097.0
199	36097.0
200	153468.0
201	153468.0
202	153468.0
203	153468.0
204	153468.0
205	116841.0
206	116841.0
207	116841.0
208	116841.0
209	116841.0
210	95224.0
211	95224.0
212	95224.0
213	95224.0
214	95224.0
215	175720.0
216	175720.0
217	175720.0
218	175720.0
219	175720.0
220	52011.0
221	52011.0
222	52011.0
223	52011.0
224	52011.0
225	85333.0
226	85333.0
227	85333.0
228	85333.0
229	85333.0
230	102540.0
231	102540.0
232	102540.0
233	102540.0
234	102540.0
235	70632.0
236	70632.0
237	70632.0
238	70632.0
239	70632.0
240	12620.0
241	12620.0
242	12620.0
243	12620.0
244	12620.0
245	28430.0
246	28430.0
247	28430.0
248	28430.0
249	28430.0
