0	115628.0
1	115628.0
2	115628.0
3	115628.0
4	115628.0
5	57020.0
6	57020.0
7	57020.0
8	57020.0
9	57020.0
10	3838.0
11	3838.0
12	3838.0
13	3838.0
14	3838.0
15	74851.0
16	74851.0
17	74851.0
18	74851.0
19	74851.0
20	152965.0
21	152965.0
22	152965.0
23	152965.0
24	152965.0
25	120654.0
26	120654.0
27	120654.0
28	120654.0
29	120654.0
30	181825.0
31	181825.0
32	181825.0
33	181825.0
34	181825.0
35	175016.0
36	175016.0
37	175016.0
38	175016.0
39	175016.0
40	17316.0
41	17316.0
42	17316.0
43	17316.0
44	17316.0
45	100911.0
46	100911.0
47	100911.0
48	100911.0
49	100911.0
50	117098.0
51	117098.0
52	117098.0
53	117098.0
54	117098.0
55	521.0
56	521.0
57	521.0
58	521.0
59	521.0
60	76079.0
61	76079.0
62	76079.0
63	76079.0
64	76079.0
65	95209.0
66	95209.0
67	95209.0
68	95209.0
69	95209.0
70	38573.0
71	38573.0
72	38573.0
73	38573.0
74	38573.0
75	151618.0
76	151618.0
77	151618.0
78	151618.0
79	151618.0
80	18941.0
81	18941.0
82	18941.0
83	18941.0
84	18941.0
85	149655.0
86	149655.0
87	149655.0
88	149655.0
89	149655.0
90	46744.0
91	46744.0
92	46744.0
93	46744.0
94	46744.0
95	821.0
96	821.0
97	821.0
98	821.0
99	821.0
100	73235.0
101	73235.0
102	73235.0
103	73235.0
104	73235.0
105	163935.0
106	163935.0
107	163935.0
108	163935.0
109	163935.0
110	109382.0
111	109382.0
112	109382.0
113	109382.0
114	109382.0
115	17223.0
116	17223.0
117	17223.0
118	17223.0
119	17223.0
120	150533.0
121	150533.0
122	150533.0
123	150533.0
124	150533.0
125	96936.0
126	96936.0
127	96936.0
128	96936.0
129	96936.0
130	92423.0
131	92423.0
132	92423.0
133	92423.0
134	92423.0
135	63798.0
136	63798.0
137	63798.0
138	63798.0
139	63798.0
140	5674.0
141	5674.0
142	5674.0
143	5674.0
144	5674.0
145	66133.0
146	66133.0
147	66133.0
148	66133.0
149	66133.0
150	77444.0
151	77444.0
152	77444.0
153	77444.0
154	77444.0
155	38956.0
156	38956.0
157	38956.0
158	38956.0
159	38956.0
160	135910.0
161	135910.0
162	135910.0
163	135910.0
164	135910.0
165	80785.0
166	80785.0
167	80785.0
168	80785.0
169	80785.0
170	108927.0
171	108927.0
172	108927.0
173	108927.0
174	108927.0
175	8300.0
176	8300.0
177	8300.0
178	8300.0
179	8300.0
180	125952.0
181	125952.0
182	125952.0
183	125952.0
184	125952.0
185	147570.0
186	147570.0
187	147570.0
188	147570.0
189	147570.0
190	45953.0
191	45953.0
192	45953.0
193	45953.0
194	45953.0
195	69818.0
196	69818.0
197	69818.0
198	69818.0
199	69818.0
200	94956.0
201	94956.0
202	94956.0
203	94956.0
204	94956.0
205	178964.0
206	178964.0
207	178964.0
208	178964.0
209	178964.0
210	111279.0
211	111279.0
212	111279.0
213	111279.0
214	111279.0
215	154519.0
216	154519.0
217	154519.0
218	154519.0
219	154519.0
220	82232.0
221	82232.0
222	82232.0
223	82232.0
224	82232.0
225	11296.0
226	11296.0
227	11296.0
228	11296.0
229	11296.0
230	151584.0
231	151584.0
232	151584.0
233	151584.0
234	151584.0
235	96324.0
236	96324.0
237	96324.0
238	96324.0
239	96324.0
240	5559.0
241	5559.0
242	5559.0
243	5559.0
244	5559.0
245	30232.0
246	30232.0
247	30232.0
248	30232.0
249	30232.0
