0	18343.0
1	18343.0
2	18343.0
3	18343.0
4	18343.0
5	92399.0
6	92399.0
7	92399.0
8	92399.0
9	92399.0
10	101331.0
11	101331.0
12	101331.0
13	101331.0
14	101331.0
15	119726.0
16	119726.0
17	119726.0
18	119726.0
19	119726.0
20	75208.0
21	75208.0
22	75208.0
23	75208.0
24	75208.0
25	139773.0
26	139773.0
27	139773.0
28	139773.0
29	139773.0
30	911.0
31	911.0
32	911.0
33	911.0
34	911.0
35	150203.0
36	150203.0
37	150203.0
38	150203.0
39	150203.0
40	107544.0
41	107544.0
42	107544.0
43	107544.0
44	107544.0
45	176035.0
46	176035.0
47	176035.0
48	176035.0
49	176035.0
50	154719.0
51	154719.0
52	154719.0
53	154719.0
54	154719.0
55	64226.0
56	64226.0
57	64226.0
58	64226.0
59	64226.0
60	34688.0
61	34688.0
62	34688.0
63	34688.0
64	34688.0
65	149090.0
66	149090.0
67	149090.0
68	149090.0
69	149090.0
70	15006.0
71	15006.0
72	15006.0
73	15006.0
74	15006.0
75	51209.0
76	51209.0
77	51209.0
78	51209.0
79	51209.0
80	15357.0
81	15357.0
82	15357.0
83	15357.0
84	15357.0
85	65076.0
86	65076.0
87	65076.0
88	65076.0
89	65076.0
90	128021.0
91	128021.0
92	128021.0
93	128021.0
94	128021.0
95	143769.0
96	143769.0
97	143769.0
98	143769.0
99	143769.0
100	84675.0
101	84675.0
102	84675.0
103	84675.0
104	84675.0
105	148350.0
106	148350.0
107	148350.0
108	148350.0
109	148350.0
110	110099.0
111	110099.0
112	110099.0
113	110099.0
114	110099.0
115	110234.0
116	110234.0
117	110234.0
118	110234.0
119	110234.0
120	147491.0
121	147491.0
122	147491.0
123	147491.0
124	147491.0
125	134373.0
126	134373.0
127	134373.0
128	134373.0
129	134373.0
130	1196.0
131	1196.0
132	1196.0
133	1196.0
134	1196.0
135	87227.0
136	87227.0
137	87227.0
138	87227.0
139	87227.0
140	46466.0
141	46466.0
142	46466.0
143	46466.0
144	46466.0
145	12278.0
146	12278.0
147	12278.0
148	12278.0
149	12278.0
150	100078.0
151	100078.0
152	100078.0
153	100078.0
154	100078.0
155	127636.0
156	127636.0
157	127636.0
158	127636.0
159	127636.0
160	78084.0
161	78084.0
162	78084.0
163	78084.0
164	78084.0
165	14571.0
166	14571.0
167	14571.0
168	14571.0
169	14571.0
170	154954.0
171	154954.0
172	154954.0
173	154954.0
174	154954.0
175	183223.0
176	183223.0
177	183223.0
178	183223.0
179	183223.0
180	51320.0
181	51320.0
182	51320.0
183	51320.0
184	51320.0
185	20484.0
186	20484.0
187	20484.0
188	20484.0
189	20484.0
190	129766.0
191	129766.0
192	129766.0
193	129766.0
194	129766.0
195	32201.0
196	32201.0
197	32201.0
198	32201.0
199	32201.0
200	32936.0
201	32936.0
202	32936.0
203	32936.0
204	32936.0
205	105491.0
206	105491.0
207	105491.0
208	105491.0
209	105491.0
210	86901.0
211	86901.0
212	86901.0
213	86901.0
214	86901.0
215	28106.0
216	28106.0
217	28106.0
218	28106.0
219	28106.0
220	132634.0
221	132634.0
222	132634.0
223	132634.0
224	132634.0
225	43034.0
226	43034.0
227	43034.0
228	43034.0
229	43034.0
230	13222.0
231	13222.0
232	13222.0
233	13222.0
234	13222.0
235	69279.0
236	69279.0
237	69279.0
238	69279.0
239	69279.0
240	164267.0
241	164267.0
242	164267.0
243	164267.0
244	164267.0
245	48213.0
246	48213.0
247	48213.0
248	48213.0
249	48213.0
