0	440122.0
1	440122.0
2	440122.0
3	440122.0
4	440122.0
5	178182.0
6	178182.0
7	178182.0
8	178182.0
9	178182.0
10	444619.0
11	444619.0
12	444619.0
13	444619.0
14	444619.0
15	514797.0
16	514797.0
17	514797.0
18	514797.0
19	514797.0
20	9635.0
21	9635.0
22	9635.0
23	9635.0
24	9635.0
25	393528.0
26	393528.0
27	393528.0
28	393528.0
29	393528.0
30	210633.0
31	210633.0
32	210633.0
33	210633.0
34	210633.0
35	560195.0
36	560195.0
37	560195.0
38	560195.0
39	560195.0
40	291762.0
41	291762.0
42	291762.0
43	291762.0
44	291762.0
45	568504.0
46	568504.0
47	568504.0
48	568504.0
49	568504.0
50	34777.0
51	34777.0
52	34777.0
53	34777.0
54	34777.0
55	550360.0
56	550360.0
57	550360.0
58	550360.0
59	550360.0
60	524498.0
61	524498.0
62	524498.0
63	524498.0
64	524498.0
65	146800.0
66	146800.0
67	146800.0
68	146800.0
69	146800.0
70	212385.0
71	212385.0
72	212385.0
73	212385.0
74	212385.0
75	486515.0
76	486515.0
77	486515.0
78	486515.0
79	486515.0
80	109945.0
81	109945.0
82	109945.0
83	109945.0
84	109945.0
85	567987.0
86	567987.0
87	567987.0
88	567987.0
89	567987.0
90	359625.0
91	359625.0
92	359625.0
93	359625.0
94	359625.0
95	211959.0
96	211959.0
97	211959.0
98	211959.0
99	211959.0
100	511975.0
101	511975.0
102	511975.0
103	511975.0
104	511975.0
105	340590.0
106	340590.0
107	340590.0
108	340590.0
109	340590.0
110	494800.0
111	494800.0
112	494800.0
113	494800.0
114	494800.0
115	199088.0
116	199088.0
117	199088.0
118	199088.0
119	199088.0
120	81009.0
121	81009.0
122	81009.0
123	81009.0
124	81009.0
125	479839.0
126	479839.0
127	479839.0
128	479839.0
129	479839.0
130	36518.0
131	36518.0
132	36518.0
133	36518.0
134	36518.0
135	456021.0
136	456021.0
137	456021.0
138	456021.0
139	456021.0
140	391753.0
141	391753.0
142	391753.0
143	391753.0
144	391753.0
145	118390.0
146	118390.0
147	118390.0
148	118390.0
149	118390.0
150	444890.0
151	444890.0
152	444890.0
153	444890.0
154	444890.0
155	313088.0
156	313088.0
157	313088.0
158	313088.0
159	313088.0
160	304875.0
161	304875.0
162	304875.0
163	304875.0
164	304875.0
165	318745.0
166	318745.0
167	318745.0
168	318745.0
169	318745.0
170	52390.0
171	52390.0
172	52390.0
173	52390.0
174	52390.0
175	590710.0
176	590710.0
177	590710.0
178	590710.0
179	590710.0
180	154636.0
181	154636.0
182	154636.0
183	154636.0
184	154636.0
185	223495.0
186	223495.0
187	223495.0
188	223495.0
189	223495.0
190	87822.0
191	87822.0
192	87822.0
193	87822.0
194	87822.0
195	302533.0
196	302533.0
197	302533.0
198	302533.0
199	302533.0
200	358226.0
201	358226.0
202	358226.0
203	358226.0
204	358226.0
205	410172.0
206	410172.0
207	410172.0
208	410172.0
209	410172.0
210	113509.0
211	113509.0
212	113509.0
213	113509.0
214	113509.0
215	107176.0
216	107176.0
217	107176.0
218	107176.0
219	107176.0
220	224628.0
221	224628.0
222	224628.0
223	224628.0
224	224628.0
225	421391.0
226	421391.0
227	421391.0
228	421391.0
229	421391.0
230	519531.0
231	519531.0
232	519531.0
233	519531.0
234	519531.0
235	591962.0
236	591962.0
237	591962.0
238	591962.0
239	591962.0
240	43580.0
241	43580.0
242	43580.0
243	43580.0
244	43580.0
245	145330.0
246	145330.0
247	145330.0
248	145330.0
249	145330.0
