0	497193.0
1	497193.0
2	497193.0
3	497193.0
4	497193.0
5	442225.0
6	442225.0
7	442225.0
8	442225.0
9	442225.0
10	25018.0
11	25018.0
12	25018.0
13	25018.0
14	25018.0
15	326973.0
16	326973.0
17	326973.0
18	326973.0
19	326973.0
20	73577.0
21	73577.0
22	73577.0
23	73577.0
24	73577.0
25	559167.0
26	559167.0
27	559167.0
28	559167.0
29	559167.0
30	215990.0
31	215990.0
32	215990.0
33	215990.0
34	215990.0
35	73424.0
36	73424.0
37	73424.0
38	73424.0
39	73424.0
40	504013.0
41	504013.0
42	504013.0
43	504013.0
44	504013.0
45	619983.0
46	619983.0
47	619983.0
48	619983.0
49	619983.0
50	107289.0
51	107289.0
52	107289.0
53	107289.0
54	107289.0
55	595324.0
56	595324.0
57	595324.0
58	595324.0
59	595324.0
60	486849.0
61	486849.0
62	486849.0
63	486849.0
64	486849.0
65	64663.0
66	64663.0
67	64663.0
68	64663.0
69	64663.0
70	591843.0
71	591843.0
72	591843.0
73	591843.0
74	591843.0
75	529739.0
76	529739.0
77	529739.0
78	529739.0
79	529739.0
80	392687.0
81	392687.0
82	392687.0
83	392687.0
84	392687.0
85	66280.0
86	66280.0
87	66280.0
88	66280.0
89	66280.0
90	145074.0
91	145074.0
92	145074.0
93	145074.0
94	145074.0
95	218757.0
96	218757.0
97	218757.0
98	218757.0
99	218757.0
100	167897.0
101	167897.0
102	167897.0
103	167897.0
104	167897.0
105	531511.0
106	531511.0
107	531511.0
108	531511.0
109	531511.0
110	556501.0
111	556501.0
112	556501.0
113	556501.0
114	556501.0
115	626100.0
116	626100.0
117	626100.0
118	626100.0
119	626100.0
120	599028.0
121	599028.0
122	599028.0
123	599028.0
124	599028.0
125	258070.0
126	258070.0
127	258070.0
128	258070.0
129	258070.0
130	502035.0
131	502035.0
132	502035.0
133	502035.0
134	502035.0
135	357999.0
136	357999.0
137	357999.0
138	357999.0
139	357999.0
140	324435.0
141	324435.0
142	324435.0
143	324435.0
144	324435.0
145	455613.0
146	455613.0
147	455613.0
148	455613.0
149	455613.0
150	120590.0
151	120590.0
152	120590.0
153	120590.0
154	120590.0
155	192912.0
156	192912.0
157	192912.0
158	192912.0
159	192912.0
160	277056.0
161	277056.0
162	277056.0
163	277056.0
164	277056.0
165	318518.0
166	318518.0
167	318518.0
168	318518.0
169	318518.0
170	26394.0
171	26394.0
172	26394.0
173	26394.0
174	26394.0
175	547955.0
176	547955.0
177	547955.0
178	547955.0
179	547955.0
180	263697.0
181	263697.0
182	263697.0
183	263697.0
184	263697.0
185	6489.0
186	6489.0
187	6489.0
188	6489.0
189	6489.0
190	357259.0
191	357259.0
192	357259.0
193	357259.0
194	357259.0
195	331422.0
196	331422.0
197	331422.0
198	331422.0
199	331422.0
200	626924.0
201	626924.0
202	626924.0
203	626924.0
204	626924.0
205	137221.0
206	137221.0
207	137221.0
208	137221.0
209	137221.0
210	209652.0
211	209652.0
212	209652.0
213	209652.0
214	209652.0
215	165513.0
216	165513.0
217	165513.0
218	165513.0
219	165513.0
220	506473.0
221	506473.0
222	506473.0
223	506473.0
224	506473.0
225	160714.0
226	160714.0
227	160714.0
228	160714.0
229	160714.0
230	229083.0
231	229083.0
232	229083.0
233	229083.0
234	229083.0
235	155108.0
236	155108.0
237	155108.0
238	155108.0
239	155108.0
240	175418.0
241	175418.0
242	175418.0
243	175418.0
244	175418.0
245	249453.0
246	249453.0
247	249453.0
248	249453.0
249	249453.0
