0	58116.0
1	58116.0
2	58116.0
3	58116.0
4	58116.0
5	141845.0
6	141845.0
7	141845.0
8	141845.0
9	141845.0
10	122772.0
11	122772.0
12	122772.0
13	122772.0
14	122772.0
15	169593.0
16	169593.0
17	169593.0
18	169593.0
19	169593.0
20	165647.0
21	165647.0
22	165647.0
23	165647.0
24	165647.0
25	423622.0
26	423622.0
27	423622.0
28	423622.0
29	423622.0
30	202939.0
31	202939.0
32	202939.0
33	202939.0
34	202939.0
35	176407.0
36	176407.0
37	176407.0
38	176407.0
39	176407.0
40	623717.0
41	623717.0
42	623717.0
43	623717.0
44	623717.0
45	478464.0
46	478464.0
47	478464.0
48	478464.0
49	478464.0
50	68409.0
51	68409.0
52	68409.0
53	68409.0
54	68409.0
55	481252.0
56	481252.0
57	481252.0
58	481252.0
59	481252.0
60	20152.0
61	20152.0
62	20152.0
63	20152.0
64	20152.0
65	576478.0
66	576478.0
67	576478.0
68	576478.0
69	576478.0
70	199916.0
71	199916.0
72	199916.0
73	199916.0
74	199916.0
75	311983.0
76	311983.0
77	311983.0
78	311983.0
79	311983.0
80	447293.0
81	447293.0
82	447293.0
83	447293.0
84	447293.0
85	509809.0
86	509809.0
87	509809.0
88	509809.0
89	509809.0
90	355196.0
91	355196.0
92	355196.0
93	355196.0
94	355196.0
95	282056.0
96	282056.0
97	282056.0
98	282056.0
99	282056.0
100	258704.0
101	258704.0
102	258704.0
103	258704.0
104	258704.0
105	306017.0
106	306017.0
107	306017.0
108	306017.0
109	306017.0
110	461577.0
111	461577.0
112	461577.0
113	461577.0
114	461577.0
115	339734.0
116	339734.0
117	339734.0
118	339734.0
119	339734.0
120	30046.0
121	30046.0
122	30046.0
123	30046.0
124	30046.0
125	546619.0
126	546619.0
127	546619.0
128	546619.0
129	546619.0
130	582613.0
131	582613.0
132	582613.0
133	582613.0
134	582613.0
135	582171.0
136	582171.0
137	582171.0
138	582171.0
139	582171.0
140	399657.0
141	399657.0
142	399657.0
143	399657.0
144	399657.0
145	39589.0
146	39589.0
147	39589.0
148	39589.0
149	39589.0
150	30880.0
151	30880.0
152	30880.0
153	30880.0
154	30880.0
155	462355.0
156	462355.0
157	462355.0
158	462355.0
159	462355.0
160	214248.0
161	214248.0
162	214248.0
163	214248.0
164	214248.0
165	599805.0
166	599805.0
167	599805.0
168	599805.0
169	599805.0
170	259790.0
171	259790.0
172	259790.0
173	259790.0
174	259790.0
175	267534.0
176	267534.0
177	267534.0
178	267534.0
179	267534.0
180	478995.0
181	478995.0
182	478995.0
183	478995.0
184	478995.0
185	275522.0
186	275522.0
187	275522.0
188	275522.0
189	275522.0
190	46425.0
191	46425.0
192	46425.0
193	46425.0
194	46425.0
195	321371.0
196	321371.0
197	321371.0
198	321371.0
199	321371.0
200	606215.0
201	606215.0
202	606215.0
203	606215.0
204	606215.0
205	557441.0
206	557441.0
207	557441.0
208	557441.0
209	557441.0
210	31598.0
211	31598.0
212	31598.0
213	31598.0
214	31598.0
215	408811.0
216	408811.0
217	408811.0
218	408811.0
219	408811.0
220	158037.0
221	158037.0
222	158037.0
223	158037.0
224	158037.0
225	427767.0
226	427767.0
227	427767.0
228	427767.0
229	427767.0
230	112490.0
231	112490.0
232	112490.0
233	112490.0
234	112490.0
235	51820.0
236	51820.0
237	51820.0
238	51820.0
239	51820.0
240	235575.0
241	235575.0
242	235575.0
243	235575.0
244	235575.0
245	565726.0
246	565726.0
247	565726.0
248	565726.0
249	565726.0
