0	537432.0
1	537432.0
2	537432.0
3	537432.0
4	537432.0
5	488874.0
6	488874.0
7	488874.0
8	488874.0
9	488874.0
10	3582.0
11	3582.0
12	3582.0
13	3582.0
14	3582.0
15	502236.0
16	502236.0
17	502236.0
18	502236.0
19	502236.0
20	483382.0
21	483382.0
22	483382.0
23	483382.0
24	483382.0
25	270342.0
26	270342.0
27	270342.0
28	270342.0
29	270342.0
30	42817.0
31	42817.0
32	42817.0
33	42817.0
34	42817.0
35	217993.0
36	217993.0
37	217993.0
38	217993.0
39	217993.0
40	259565.0
41	259565.0
42	259565.0
43	259565.0
44	259565.0
45	529177.0
46	529177.0
47	529177.0
48	529177.0
49	529177.0
50	393691.0
51	393691.0
52	393691.0
53	393691.0
54	393691.0
55	20357.0
56	20357.0
57	20357.0
58	20357.0
59	20357.0
60	131915.0
61	131915.0
62	131915.0
63	131915.0
64	131915.0
65	624766.0
66	624766.0
67	624766.0
68	624766.0
69	624766.0
70	59497.0
71	59497.0
72	59497.0
73	59497.0
74	59497.0
75	194904.0
76	194904.0
77	194904.0
78	194904.0
79	194904.0
80	401997.0
81	401997.0
82	401997.0
83	401997.0
84	401997.0
85	170097.0
86	170097.0
87	170097.0
88	170097.0
89	170097.0
90	352401.0
91	352401.0
92	352401.0
93	352401.0
94	352401.0
95	250973.0
96	250973.0
97	250973.0
98	250973.0
99	250973.0
100	328067.0
101	328067.0
102	328067.0
103	328067.0
104	328067.0
105	109237.0
106	109237.0
107	109237.0
108	109237.0
109	109237.0
110	549709.0
111	549709.0
112	549709.0
113	549709.0
114	549709.0
115	518837.0
116	518837.0
117	518837.0
118	518837.0
119	518837.0
120	537256.0
121	537256.0
122	537256.0
123	537256.0
124	537256.0
125	557150.0
126	557150.0
127	557150.0
128	557150.0
129	557150.0
130	47020.0
131	47020.0
132	47020.0
133	47020.0
134	47020.0
135	618945.0
136	618945.0
137	618945.0
138	618945.0
139	618945.0
140	393962.0
141	393962.0
142	393962.0
143	393962.0
144	393962.0
145	554315.0
146	554315.0
147	554315.0
148	554315.0
149	554315.0
150	486481.0
151	486481.0
152	486481.0
153	486481.0
154	486481.0
155	496973.0
156	496973.0
157	496973.0
158	496973.0
159	496973.0
160	55757.0
161	55757.0
162	55757.0
163	55757.0
164	55757.0
165	133472.0
166	133472.0
167	133472.0
168	133472.0
169	133472.0
170	212438.0
171	212438.0
172	212438.0
173	212438.0
174	212438.0
175	467651.0
176	467651.0
177	467651.0
178	467651.0
179	467651.0
180	289813.0
181	289813.0
182	289813.0
183	289813.0
184	289813.0
185	115934.0
186	115934.0
187	115934.0
188	115934.0
189	115934.0
190	5945.0
191	5945.0
192	5945.0
193	5945.0
194	5945.0
195	149043.0
196	149043.0
197	149043.0
198	149043.0
199	149043.0
200	154827.0
201	154827.0
202	154827.0
203	154827.0
204	154827.0
205	177605.0
206	177605.0
207	177605.0
208	177605.0
209	177605.0
210	563670.0
211	563670.0
212	563670.0
213	563670.0
214	563670.0
215	387927.0
216	387927.0
217	387927.0
218	387927.0
219	387927.0
220	263324.0
221	263324.0
222	263324.0
223	263324.0
224	263324.0
225	566631.0
226	566631.0
227	566631.0
228	566631.0
229	566631.0
230	458751.0
231	458751.0
232	458751.0
233	458751.0
234	458751.0
235	244059.0
236	244059.0
237	244059.0
238	244059.0
239	244059.0
240	518608.0
241	518608.0
242	518608.0
243	518608.0
244	518608.0
245	315994.0
246	315994.0
247	315994.0
248	315994.0
249	315994.0
