0	505864.0
1	505864.0
2	505864.0
3	505864.0
4	505864.0
5	391518.0
6	391518.0
7	391518.0
8	391518.0
9	391518.0
10	375884.0
11	375884.0
12	375884.0
13	375884.0
14	375884.0
15	126926.0
16	126926.0
17	126926.0
18	126926.0
19	126926.0
20	32945.0
21	32945.0
22	32945.0
23	32945.0
24	32945.0
25	543900.0
26	543900.0
27	543900.0
28	543900.0
29	543900.0
30	57673.0
31	57673.0
32	57673.0
33	57673.0
34	57673.0
35	20658.0
36	20658.0
37	20658.0
38	20658.0
39	20658.0
40	100744.0
41	100744.0
42	100744.0
43	100744.0
44	100744.0
45	598794.0
46	598794.0
47	598794.0
48	598794.0
49	598794.0
50	425898.0
51	425898.0
52	425898.0
53	425898.0
54	425898.0
55	317252.0
56	317252.0
57	317252.0
58	317252.0
59	317252.0
60	159358.0
61	159358.0
62	159358.0
63	159358.0
64	159358.0
65	405292.0
66	405292.0
67	405292.0
68	405292.0
69	405292.0
70	21360.0
71	21360.0
72	21360.0
73	21360.0
74	21360.0
75	478545.0
76	478545.0
77	478545.0
78	478545.0
79	478545.0
80	447746.0
81	447746.0
82	447746.0
83	447746.0
84	447746.0
85	414469.0
86	414469.0
87	414469.0
88	414469.0
89	414469.0
90	470062.0
91	470062.0
92	470062.0
93	470062.0
94	470062.0
95	326934.0
96	326934.0
97	326934.0
98	326934.0
99	326934.0
100	524288.0
101	524288.0
102	524288.0
103	524288.0
104	524288.0
105	226857.0
106	226857.0
107	226857.0
108	226857.0
109	226857.0
110	121383.0
111	121383.0
112	121383.0
113	121383.0
114	121383.0
115	440109.0
116	440109.0
117	440109.0
118	440109.0
119	440109.0
120	351804.0
121	351804.0
122	351804.0
123	351804.0
124	351804.0
125	491584.0
126	491584.0
127	491584.0
128	491584.0
129	491584.0
130	435075.0
131	435075.0
132	435075.0
133	435075.0
134	435075.0
135	355506.0
136	355506.0
137	355506.0
138	355506.0
139	355506.0
140	44067.0
141	44067.0
142	44067.0
143	44067.0
144	44067.0
145	243889.0
146	243889.0
147	243889.0
148	243889.0
149	243889.0
150	83973.0
151	83973.0
152	83973.0
153	83973.0
154	83973.0
155	125790.0
156	125790.0
157	125790.0
158	125790.0
159	125790.0
160	603491.0
161	603491.0
162	603491.0
163	603491.0
164	603491.0
165	442771.0
166	442771.0
167	442771.0
168	442771.0
169	442771.0
170	412857.0
171	412857.0
172	412857.0
173	412857.0
174	412857.0
175	430847.0
176	430847.0
177	430847.0
178	430847.0
179	430847.0
180	488873.0
181	488873.0
182	488873.0
183	488873.0
184	488873.0
185	48094.0
186	48094.0
187	48094.0
188	48094.0
189	48094.0
190	137804.0
191	137804.0
192	137804.0
193	137804.0
194	137804.0
195	90634.0
196	90634.0
197	90634.0
198	90634.0
199	90634.0
200	604752.0
201	604752.0
202	604752.0
203	604752.0
204	604752.0
205	105110.0
206	105110.0
207	105110.0
208	105110.0
209	105110.0
210	258664.0
211	258664.0
212	258664.0
213	258664.0
214	258664.0
215	612629.0
216	612629.0
217	612629.0
218	612629.0
219	612629.0
220	468646.0
221	468646.0
222	468646.0
223	468646.0
224	468646.0
225	323142.0
226	323142.0
227	323142.0
228	323142.0
229	323142.0
230	274675.0
231	274675.0
232	274675.0
233	274675.0
234	274675.0
235	389207.0
236	389207.0
237	389207.0
238	389207.0
239	389207.0
240	169360.0
241	169360.0
242	169360.0
243	169360.0
244	169360.0
245	472645.0
246	472645.0
247	472645.0
248	472645.0
249	472645.0
