0	535890.0
1	535890.0
2	535890.0
3	535890.0
4	535890.0
5	395371.0
6	395371.0
7	395371.0
8	395371.0
9	395371.0
10	433033.0
11	433033.0
12	433033.0
13	433033.0
14	433033.0
15	220011.0
16	220011.0
17	220011.0
18	220011.0
19	220011.0
20	485477.0
21	485477.0
22	485477.0
23	485477.0
24	485477.0
25	7346.0
26	7346.0
27	7346.0
28	7346.0
29	7346.0
30	426295.0
31	426295.0
32	426295.0
33	426295.0
34	426295.0
35	116724.0
36	116724.0
37	116724.0
38	116724.0
39	116724.0
40	42311.0
41	42311.0
42	42311.0
43	42311.0
44	42311.0
45	49062.0
46	49062.0
47	49062.0
48	49062.0
49	49062.0
50	145449.0
51	145449.0
52	145449.0
53	145449.0
54	145449.0
55	269483.0
56	269483.0
57	269483.0
58	269483.0
59	269483.0
60	213812.0
61	213812.0
62	213812.0
63	213812.0
64	213812.0
65	221533.0
66	221533.0
67	221533.0
68	221533.0
69	221533.0
70	182150.0
71	182150.0
72	182150.0
73	182150.0
74	182150.0
75	210450.0
76	210450.0
77	210450.0
78	210450.0
79	210450.0
80	265567.0
81	265567.0
82	265567.0
83	265567.0
84	265567.0
85	308707.0
86	308707.0
87	308707.0
88	308707.0
89	308707.0
90	279426.0
91	279426.0
92	279426.0
93	279426.0
94	279426.0
95	118232.0
96	118232.0
97	118232.0
98	118232.0
99	118232.0
100	245590.0
101	245590.0
102	245590.0
103	245590.0
104	245590.0
105	373817.0
106	373817.0
107	373817.0
108	373817.0
109	373817.0
110	97797.0
111	97797.0
112	97797.0
113	97797.0
114	97797.0
115	564932.0
116	564932.0
117	564932.0
118	564932.0
119	564932.0
120	252495.0
121	252495.0
122	252495.0
123	252495.0
124	252495.0
125	529327.0
126	529327.0
127	529327.0
128	529327.0
129	529327.0
130	10992.0
131	10992.0
132	10992.0
133	10992.0
134	10992.0
135	146134.0
136	146134.0
137	146134.0
138	146134.0
139	146134.0
140	427527.0
141	427527.0
142	427527.0
143	427527.0
144	427527.0
145	293505.0
146	293505.0
147	293505.0
148	293505.0
149	293505.0
150	231250.0
151	231250.0
152	231250.0
153	231250.0
154	231250.0
155	474679.0
156	474679.0
157	474679.0
158	474679.0
159	474679.0
160	65864.0
161	65864.0
162	65864.0
163	65864.0
164	65864.0
165	484023.0
166	484023.0
167	484023.0
168	484023.0
169	484023.0
170	330301.0
171	330301.0
172	330301.0
173	330301.0
174	330301.0
175	383600.0
176	383600.0
177	383600.0
178	383600.0
179	383600.0
180	262926.0
181	262926.0
182	262926.0
183	262926.0
184	262926.0
185	435526.0
186	435526.0
187	435526.0
188	435526.0
189	435526.0
190	438220.0
191	438220.0
192	438220.0
193	438220.0
194	438220.0
195	413898.0
196	413898.0
197	413898.0
198	413898.0
199	413898.0
200	305586.0
201	305586.0
202	305586.0
203	305586.0
204	305586.0
205	286619.0
206	286619.0
207	286619.0
208	286619.0
209	286619.0
210	448294.0
211	448294.0
212	448294.0
213	448294.0
214	448294.0
215	160146.0
216	160146.0
217	160146.0
218	160146.0
219	160146.0
220	418084.0
221	418084.0
222	418084.0
223	418084.0
224	418084.0
225	5868.0
226	5868.0
227	5868.0
228	5868.0
229	5868.0
230	475444.0
231	475444.0
232	475444.0
233	475444.0
234	475444.0
235	10344.0
236	10344.0
237	10344.0
238	10344.0
239	10344.0
240	292257.0
241	292257.0
242	292257.0
243	292257.0
244	292257.0
245	542165.0
246	542165.0
247	542165.0
248	542165.0
249	542165.0
