0	487281.0
1	487281.0
2	487281.0
3	487281.0
4	487281.0
5	358830.0
6	358830.0
7	358830.0
8	358830.0
9	358830.0
10	276143.0
11	276143.0
12	276143.0
13	276143.0
14	276143.0
15	443282.0
16	443282.0
17	443282.0
18	443282.0
19	443282.0
20	563652.0
21	563652.0
22	563652.0
23	563652.0
24	563652.0
25	281058.0
26	281058.0
27	281058.0
28	281058.0
29	281058.0
30	165134.0
31	165134.0
32	165134.0
33	165134.0
34	165134.0
35	344611.0
36	344611.0
37	344611.0
38	344611.0
39	344611.0
40	53588.0
41	53588.0
42	53588.0
43	53588.0
44	53588.0
45	118419.0
46	118419.0
47	118419.0
48	118419.0
49	118419.0
50	297901.0
51	297901.0
52	297901.0
53	297901.0
54	297901.0
55	423617.0
56	423617.0
57	423617.0
58	423617.0
59	423617.0
60	342813.0
61	342813.0
62	342813.0
63	342813.0
64	342813.0
65	412327.0
66	412327.0
67	412327.0
68	412327.0
69	412327.0
70	325154.0
71	325154.0
72	325154.0
73	325154.0
74	325154.0
75	29225.0
76	29225.0
77	29225.0
78	29225.0
79	29225.0
80	31247.0
81	31247.0
82	31247.0
83	31247.0
84	31247.0
85	85500.0
86	85500.0
87	85500.0
88	85500.0
89	85500.0
90	426914.0
91	426914.0
92	426914.0
93	426914.0
94	426914.0
95	116693.0
96	116693.0
97	116693.0
98	116693.0
99	116693.0
100	456485.0
101	456485.0
102	456485.0
103	456485.0
104	456485.0
105	94409.0
106	94409.0
107	94409.0
108	94409.0
109	94409.0
110	353406.0
111	353406.0
112	353406.0
113	353406.0
114	353406.0
115	558945.0
116	558945.0
117	558945.0
118	558945.0
119	558945.0
120	365815.0
121	365815.0
122	365815.0
123	365815.0
124	365815.0
125	271832.0
126	271832.0
127	271832.0
128	271832.0
129	271832.0
130	310308.0
131	310308.0
132	310308.0
133	310308.0
134	310308.0
135	317362.0
136	317362.0
137	317362.0
138	317362.0
139	317362.0
140	13530.0
141	13530.0
142	13530.0
143	13530.0
144	13530.0
145	537951.0
146	537951.0
147	537951.0
148	537951.0
149	537951.0
150	194858.0
151	194858.0
152	194858.0
153	194858.0
154	194858.0
155	363086.0
156	363086.0
157	363086.0
158	363086.0
159	363086.0
160	502959.0
161	502959.0
162	502959.0
163	502959.0
164	502959.0
165	441508.0
166	441508.0
167	441508.0
168	441508.0
169	441508.0
170	219137.0
171	219137.0
172	219137.0
173	219137.0
174	219137.0
175	496479.0
176	496479.0
177	496479.0
178	496479.0
179	496479.0
180	426104.0
181	426104.0
182	426104.0
183	426104.0
184	426104.0
185	433256.0
186	433256.0
187	433256.0
188	433256.0
189	433256.0
190	200563.0
191	200563.0
192	200563.0
193	200563.0
194	200563.0
195	522756.0
196	522756.0
197	522756.0
198	522756.0
199	522756.0
200	332969.0
201	332969.0
202	332969.0
203	332969.0
204	332969.0
205	156148.0
206	156148.0
207	156148.0
208	156148.0
209	156148.0
210	47137.0
211	47137.0
212	47137.0
213	47137.0
214	47137.0
215	303350.0
216	303350.0
217	303350.0
218	303350.0
219	303350.0
220	552040.0
221	552040.0
222	552040.0
223	552040.0
224	552040.0
225	149206.0
226	149206.0
227	149206.0
228	149206.0
229	149206.0
230	375034.0
231	375034.0
232	375034.0
233	375034.0
234	375034.0
235	353431.0
236	353431.0
237	353431.0
238	353431.0
239	353431.0
240	3893.0
241	3893.0
242	3893.0
243	3893.0
244	3893.0
245	493769.0
246	493769.0
247	493769.0
248	493769.0
249	493769.0
