0	111850.0
1	111850.0
2	111850.0
3	111850.0
4	111850.0
5	427762.0
6	427762.0
7	427762.0
8	427762.0
9	427762.0
10	561666.0
11	561666.0
12	561666.0
13	561666.0
14	561666.0
15	299305.0
16	299305.0
17	299305.0
18	299305.0
19	299305.0
20	347082.0
21	347082.0
22	347082.0
23	347082.0
24	347082.0
25	331580.0
26	331580.0
27	331580.0
28	331580.0
29	331580.0
30	564210.0
31	564210.0
32	564210.0
33	564210.0
34	564210.0
35	504989.0
36	504989.0
37	504989.0
38	504989.0
39	504989.0
40	552210.0
41	552210.0
42	552210.0
43	552210.0
44	552210.0
45	175866.0
46	175866.0
47	175866.0
48	175866.0
49	175866.0
50	287043.0
51	287043.0
52	287043.0
53	287043.0
54	287043.0
55	395108.0
56	395108.0
57	395108.0
58	395108.0
59	395108.0
60	501520.0
61	501520.0
62	501520.0
63	501520.0
64	501520.0
65	165659.0
66	165659.0
67	165659.0
68	165659.0
69	165659.0
70	310855.0
71	310855.0
72	310855.0
73	310855.0
74	310855.0
75	397302.0
76	397302.0
77	397302.0
78	397302.0
79	397302.0
80	510908.0
81	510908.0
82	510908.0
83	510908.0
84	510908.0
85	4959.0
86	4959.0
87	4959.0
88	4959.0
89	4959.0
90	362619.0
91	362619.0
92	362619.0
93	362619.0
94	362619.0
95	248707.0
96	248707.0
97	248707.0
98	248707.0
99	248707.0
100	328187.0
101	328187.0
102	328187.0
103	328187.0
104	328187.0
105	175505.0
106	175505.0
107	175505.0
108	175505.0
109	175505.0
110	166730.0
111	166730.0
112	166730.0
113	166730.0
114	166730.0
115	164597.0
116	164597.0
117	164597.0
118	164597.0
119	164597.0
120	26350.0
121	26350.0
122	26350.0
123	26350.0
124	26350.0
125	316181.0
126	316181.0
127	316181.0
128	316181.0
129	316181.0
130	102835.0
131	102835.0
132	102835.0
133	102835.0
134	102835.0
135	453989.0
136	453989.0
137	453989.0
138	453989.0
139	453989.0
140	221290.0
141	221290.0
142	221290.0
143	221290.0
144	221290.0
145	307557.0
146	307557.0
147	307557.0
148	307557.0
149	307557.0
150	486305.0
151	486305.0
152	486305.0
153	486305.0
154	486305.0
155	117140.0
156	117140.0
157	117140.0
158	117140.0
159	117140.0
160	247338.0
161	247338.0
162	247338.0
163	247338.0
164	247338.0
165	216961.0
166	216961.0
167	216961.0
168	216961.0
169	216961.0
170	413634.0
171	413634.0
172	413634.0
173	413634.0
174	413634.0
175	451453.0
176	451453.0
177	451453.0
178	451453.0
179	451453.0
180	429716.0
181	429716.0
182	429716.0
183	429716.0
184	429716.0
185	66803.0
186	66803.0
187	66803.0
188	66803.0
189	66803.0
190	197758.0
191	197758.0
192	197758.0
193	197758.0
194	197758.0
195	53098.0
196	53098.0
197	53098.0
198	53098.0
199	53098.0
200	230979.0
201	230979.0
202	230979.0
203	230979.0
204	230979.0
205	368961.0
206	368961.0
207	368961.0
208	368961.0
209	368961.0
210	271248.0
211	271248.0
212	271248.0
213	271248.0
214	271248.0
215	10588.0
216	10588.0
217	10588.0
218	10588.0
219	10588.0
220	444840.0
221	444840.0
222	444840.0
223	444840.0
224	444840.0
225	500773.0
226	500773.0
227	500773.0
228	500773.0
229	500773.0
230	520329.0
231	520329.0
232	520329.0
233	520329.0
234	520329.0
235	566587.0
236	566587.0
237	566587.0
238	566587.0
239	566587.0
240	357141.0
241	357141.0
242	357141.0
243	357141.0
244	357141.0
245	421682.0
246	421682.0
247	421682.0
248	421682.0
249	421682.0
