0	451613.0
1	451613.0
2	451613.0
3	451613.0
4	451613.0
5	525108.0
6	525108.0
7	525108.0
8	525108.0
9	525108.0
10	55739.0
11	55739.0
12	55739.0
13	55739.0
14	55739.0
15	14273.0
16	14273.0
17	14273.0
18	14273.0
19	14273.0
20	359938.0
21	359938.0
22	359938.0
23	359938.0
24	359938.0
25	562363.0
26	562363.0
27	562363.0
28	562363.0
29	562363.0
30	294935.0
31	294935.0
32	294935.0
33	294935.0
34	294935.0
35	511394.0
36	511394.0
37	511394.0
38	511394.0
39	511394.0
40	87151.0
41	87151.0
42	87151.0
43	87151.0
44	87151.0
45	24263.0
46	24263.0
47	24263.0
48	24263.0
49	24263.0
50	213441.0
51	213441.0
52	213441.0
53	213441.0
54	213441.0
55	561364.0
56	561364.0
57	561364.0
58	561364.0
59	561364.0
60	122083.0
61	122083.0
62	122083.0
63	122083.0
64	122083.0
65	118917.0
66	118917.0
67	118917.0
68	118917.0
69	118917.0
70	168073.0
71	168073.0
72	168073.0
73	168073.0
74	168073.0
75	397605.0
76	397605.0
77	397605.0
78	397605.0
79	397605.0
80	569230.0
81	569230.0
82	569230.0
83	569230.0
84	569230.0
85	200601.0
86	200601.0
87	200601.0
88	200601.0
89	200601.0
90	342000.0
91	342000.0
92	342000.0
93	342000.0
94	342000.0
95	468373.0
96	468373.0
97	468373.0
98	468373.0
99	468373.0
100	195280.0
101	195280.0
102	195280.0
103	195280.0
104	195280.0
105	321367.0
106	321367.0
107	321367.0
108	321367.0
109	321367.0
110	329023.0
111	329023.0
112	329023.0
113	329023.0
114	329023.0
115	293901.0
116	293901.0
117	293901.0
118	293901.0
119	293901.0
120	497603.0
121	497603.0
122	497603.0
123	497603.0
124	497603.0
125	26756.0
126	26756.0
127	26756.0
128	26756.0
129	26756.0
130	420784.0
131	420784.0
132	420784.0
133	420784.0
134	420784.0
135	105962.0
136	105962.0
137	105962.0
138	105962.0
139	105962.0
140	367952.0
141	367952.0
142	367952.0
143	367952.0
144	367952.0
145	30040.0
146	30040.0
147	30040.0
148	30040.0
149	30040.0
150	394246.0
151	394246.0
152	394246.0
153	394246.0
154	394246.0
155	297245.0
156	297245.0
157	297245.0
158	297245.0
159	297245.0
160	16235.0
161	16235.0
162	16235.0
163	16235.0
164	16235.0
165	35845.0
166	35845.0
167	35845.0
168	35845.0
169	35845.0
170	568508.0
171	568508.0
172	568508.0
173	568508.0
174	568508.0
175	466983.0
176	466983.0
177	466983.0
178	466983.0
179	466983.0
180	66326.0
181	66326.0
182	66326.0
183	66326.0
184	66326.0
185	455453.0
186	455453.0
187	455453.0
188	455453.0
189	455453.0
190	315578.0
191	315578.0
192	315578.0
193	315578.0
194	315578.0
195	142257.0
196	142257.0
197	142257.0
198	142257.0
199	142257.0
200	414118.0
201	414118.0
202	414118.0
203	414118.0
204	414118.0
205	111598.0
206	111598.0
207	111598.0
208	111598.0
209	111598.0
210	337426.0
211	337426.0
212	337426.0
213	337426.0
214	337426.0
215	195169.0
216	195169.0
217	195169.0
218	195169.0
219	195169.0
220	483502.0
221	483502.0
222	483502.0
223	483502.0
224	483502.0
225	398836.0
226	398836.0
227	398836.0
228	398836.0
229	398836.0
230	105444.0
231	105444.0
232	105444.0
233	105444.0
234	105444.0
235	37501.0
236	37501.0
237	37501.0
238	37501.0
239	37501.0
240	70632.0
241	70632.0
242	70632.0
243	70632.0
244	70632.0
245	449337.0
246	449337.0
247	449337.0
248	449337.0
249	449337.0
