0	246806.0
1	246806.0
2	246806.0
3	246806.0
4	246806.0
5	451589.0
6	451589.0
7	451589.0
8	451589.0
9	451589.0
10	208633.0
11	208633.0
12	208633.0
13	208633.0
14	208633.0
15	499525.0
16	499525.0
17	499525.0
18	499525.0
19	499525.0
20	284654.0
21	284654.0
22	284654.0
23	284654.0
24	284654.0
25	417452.0
26	417452.0
27	417452.0
28	417452.0
29	417452.0
30	215742.0
31	215742.0
32	215742.0
33	215742.0
34	215742.0
35	460138.0
36	460138.0
37	460138.0
38	460138.0
39	460138.0
40	342026.0
41	342026.0
42	342026.0
43	342026.0
44	342026.0
45	146444.0
46	146444.0
47	146444.0
48	146444.0
49	146444.0
50	197105.0
51	197105.0
52	197105.0
53	197105.0
54	197105.0
55	190899.0
56	190899.0
57	190899.0
58	190899.0
59	190899.0
60	66566.0
61	66566.0
62	66566.0
63	66566.0
64	66566.0
65	564704.0
66	564704.0
67	564704.0
68	564704.0
69	564704.0
70	278939.0
71	278939.0
72	278939.0
73	278939.0
74	278939.0
75	256953.0
76	256953.0
77	256953.0
78	256953.0
79	256953.0
80	444225.0
81	444225.0
82	444225.0
83	444225.0
84	444225.0
85	86763.0
86	86763.0
87	86763.0
88	86763.0
89	86763.0
90	199244.0
91	199244.0
92	199244.0
93	199244.0
94	199244.0
95	458899.0
96	458899.0
97	458899.0
98	458899.0
99	458899.0
100	80364.0
101	80364.0
102	80364.0
103	80364.0
104	80364.0
105	90072.0
106	90072.0
107	90072.0
108	90072.0
109	90072.0
110	300420.0
111	300420.0
112	300420.0
113	300420.0
114	300420.0
115	55023.0
116	55023.0
117	55023.0
118	55023.0
119	55023.0
120	475074.0
121	475074.0
122	475074.0
123	475074.0
124	475074.0
125	231534.0
126	231534.0
127	231534.0
128	231534.0
129	231534.0
130	12475.0
131	12475.0
132	12475.0
133	12475.0
134	12475.0
135	481659.0
136	481659.0
137	481659.0
138	481659.0
139	481659.0
140	395122.0
141	395122.0
142	395122.0
143	395122.0
144	395122.0
145	383204.0
146	383204.0
147	383204.0
148	383204.0
149	383204.0
150	110763.0
151	110763.0
152	110763.0
153	110763.0
154	110763.0
155	144823.0
156	144823.0
157	144823.0
158	144823.0
159	144823.0
160	411741.0
161	411741.0
162	411741.0
163	411741.0
164	411741.0
165	24197.0
166	24197.0
167	24197.0
168	24197.0
169	24197.0
170	450167.0
171	450167.0
172	450167.0
173	450167.0
174	450167.0
175	22727.0
176	22727.0
177	22727.0
178	22727.0
179	22727.0
180	28211.0
181	28211.0
182	28211.0
183	28211.0
184	28211.0
185	429086.0
186	429086.0
187	429086.0
188	429086.0
189	429086.0
190	488106.0
191	488106.0
192	488106.0
193	488106.0
194	488106.0
195	529670.0
196	529670.0
197	529670.0
198	529670.0
199	529670.0
200	191380.0
201	191380.0
202	191380.0
203	191380.0
204	191380.0
205	417663.0
206	417663.0
207	417663.0
208	417663.0
209	417663.0
210	401655.0
211	401655.0
212	401655.0
213	401655.0
214	401655.0
215	328463.0
216	328463.0
217	328463.0
218	328463.0
219	328463.0
220	266773.0
221	266773.0
222	266773.0
223	266773.0
224	266773.0
225	275214.0
226	275214.0
227	275214.0
228	275214.0
229	275214.0
230	229141.0
231	229141.0
232	229141.0
233	229141.0
234	229141.0
235	88204.0
236	88204.0
237	88204.0
238	88204.0
239	88204.0
240	78114.0
241	78114.0
242	78114.0
243	78114.0
244	78114.0
245	519751.0
246	519751.0
247	519751.0
248	519751.0
249	519751.0
