0	205082.0
1	205082.0
2	205082.0
3	205082.0
4	205082.0
5	322104.0
6	322104.0
7	322104.0
8	322104.0
9	322104.0
10	123116.0
11	123116.0
12	123116.0
13	123116.0
14	123116.0
15	111215.0
16	111215.0
17	111215.0
18	111215.0
19	111215.0
20	11693.0
21	11693.0
22	11693.0
23	11693.0
24	11693.0
25	118155.0
26	118155.0
27	118155.0
28	118155.0
29	118155.0
30	217084.0
31	217084.0
32	217084.0
33	217084.0
34	217084.0
35	431636.0
36	431636.0
37	431636.0
38	431636.0
39	431636.0
40	148124.0
41	148124.0
42	148124.0
43	148124.0
44	148124.0
45	279843.0
46	279843.0
47	279843.0
48	279843.0
49	279843.0
50	115098.0
51	115098.0
52	115098.0
53	115098.0
54	115098.0
55	454633.0
56	454633.0
57	454633.0
58	454633.0
59	454633.0
60	134691.0
61	134691.0
62	134691.0
63	134691.0
64	134691.0
65	139508.0
66	139508.0
67	139508.0
68	139508.0
69	139508.0
70	271427.0
71	271427.0
72	271427.0
73	271427.0
74	271427.0
75	354533.0
76	354533.0
77	354533.0
78	354533.0
79	354533.0
80	168990.0
81	168990.0
82	168990.0
83	168990.0
84	168990.0
85	551411.0
86	551411.0
87	551411.0
88	551411.0
89	551411.0
90	175831.0
91	175831.0
92	175831.0
93	175831.0
94	175831.0
95	289426.0
96	289426.0
97	289426.0
98	289426.0
99	289426.0
100	540425.0
101	540425.0
102	540425.0
103	540425.0
104	540425.0
105	249607.0
106	249607.0
107	249607.0
108	249607.0
109	249607.0
110	255788.0
111	255788.0
112	255788.0
113	255788.0
114	255788.0
115	505027.0
116	505027.0
117	505027.0
118	505027.0
119	505027.0
120	222752.0
121	222752.0
122	222752.0
123	222752.0
124	222752.0
125	37836.0
126	37836.0
127	37836.0
128	37836.0
129	37836.0
130	480777.0
131	480777.0
132	480777.0
133	480777.0
134	480777.0
135	1532.0
136	1532.0
137	1532.0
138	1532.0
139	1532.0
140	64413.0
141	64413.0
142	64413.0
143	64413.0
144	64413.0
145	153578.0
146	153578.0
147	153578.0
148	153578.0
149	153578.0
150	335233.0
151	335233.0
152	335233.0
153	335233.0
154	335233.0
155	409236.0
156	409236.0
157	409236.0
158	409236.0
159	409236.0
160	55080.0
161	55080.0
162	55080.0
163	55080.0
164	55080.0
165	257466.0
166	257466.0
167	257466.0
168	257466.0
169	257466.0
170	439277.0
171	439277.0
172	439277.0
173	439277.0
174	439277.0
175	203898.0
176	203898.0
177	203898.0
178	203898.0
179	203898.0
180	132883.0
181	132883.0
182	132883.0
183	132883.0
184	132883.0
185	17364.0
186	17364.0
187	17364.0
188	17364.0
189	17364.0
190	381475.0
191	381475.0
192	381475.0
193	381475.0
194	381475.0
195	369776.0
196	369776.0
197	369776.0
198	369776.0
199	369776.0
200	147662.0
201	147662.0
202	147662.0
203	147662.0
204	147662.0
205	83406.0
206	83406.0
207	83406.0
208	83406.0
209	83406.0
210	423364.0
211	423364.0
212	423364.0
213	423364.0
214	423364.0
215	424001.0
216	424001.0
217	424001.0
218	424001.0
219	424001.0
220	249057.0
221	249057.0
222	249057.0
223	249057.0
224	249057.0
225	55097.0
226	55097.0
227	55097.0
228	55097.0
229	55097.0
230	422913.0
231	422913.0
232	422913.0
233	422913.0
234	422913.0
235	407746.0
236	407746.0
237	407746.0
238	407746.0
239	407746.0
240	365553.0
241	365553.0
242	365553.0
243	365553.0
244	365553.0
245	444189.0
246	444189.0
247	444189.0
248	444189.0
249	444189.0
