0	495631.0
1	495631.0
2	495631.0
3	495631.0
4	495631.0
5	177836.0
6	177836.0
7	177836.0
8	177836.0
9	177836.0
10	364072.0
11	364072.0
12	364072.0
13	364072.0
14	364072.0
15	528988.0
16	528988.0
17	528988.0
18	528988.0
19	528988.0
20	427610.0
21	427610.0
22	427610.0
23	427610.0
24	427610.0
25	568305.0
26	568305.0
27	568305.0
28	568305.0
29	568305.0
30	393192.0
31	393192.0
32	393192.0
33	393192.0
34	393192.0
35	382302.0
36	382302.0
37	382302.0
38	382302.0
39	382302.0
40	133270.0
41	133270.0
42	133270.0
43	133270.0
44	133270.0
45	50725.0
46	50725.0
47	50725.0
48	50725.0
49	50725.0
50	27722.0
51	27722.0
52	27722.0
53	27722.0
54	27722.0
55	570632.0
56	570632.0
57	570632.0
58	570632.0
59	570632.0
60	557764.0
61	557764.0
62	557764.0
63	557764.0
64	557764.0
65	424824.0
66	424824.0
67	424824.0
68	424824.0
69	424824.0
70	189967.0
71	189967.0
72	189967.0
73	189967.0
74	189967.0
75	228977.0
76	228977.0
77	228977.0
78	228977.0
79	228977.0
80	160395.0
81	160395.0
82	160395.0
83	160395.0
84	160395.0
85	503903.0
86	503903.0
87	503903.0
88	503903.0
89	503903.0
90	92053.0
91	92053.0
92	92053.0
93	92053.0
94	92053.0
95	263020.0
96	263020.0
97	263020.0
98	263020.0
99	263020.0
100	166689.0
101	166689.0
102	166689.0
103	166689.0
104	166689.0
105	105221.0
106	105221.0
107	105221.0
108	105221.0
109	105221.0
110	166654.0
111	166654.0
112	166654.0
113	166654.0
114	166654.0
115	236294.0
116	236294.0
117	236294.0
118	236294.0
119	236294.0
120	343043.0
121	343043.0
122	343043.0
123	343043.0
124	343043.0
125	160720.0
126	160720.0
127	160720.0
128	160720.0
129	160720.0
130	428110.0
131	428110.0
132	428110.0
133	428110.0
134	428110.0
135	383162.0
136	383162.0
137	383162.0
138	383162.0
139	383162.0
140	305645.0
141	305645.0
142	305645.0
143	305645.0
144	305645.0
145	497498.0
146	497498.0
147	497498.0
148	497498.0
149	497498.0
150	418811.0
151	418811.0
152	418811.0
153	418811.0
154	418811.0
155	16473.0
156	16473.0
157	16473.0
158	16473.0
159	16473.0
160	295659.0
161	295659.0
162	295659.0
163	295659.0
164	295659.0
165	507898.0
166	507898.0
167	507898.0
168	507898.0
169	507898.0
170	497703.0
171	497703.0
172	497703.0
173	497703.0
174	497703.0
175	386533.0
176	386533.0
177	386533.0
178	386533.0
179	386533.0
180	75534.0
181	75534.0
182	75534.0
183	75534.0
184	75534.0
185	222967.0
186	222967.0
187	222967.0
188	222967.0
189	222967.0
190	189300.0
191	189300.0
192	189300.0
193	189300.0
194	189300.0
195	375689.0
196	375689.0
197	375689.0
198	375689.0
199	375689.0
200	181149.0
201	181149.0
202	181149.0
203	181149.0
204	181149.0
205	571989.0
206	571989.0
207	571989.0
208	571989.0
209	571989.0
210	420163.0
211	420163.0
212	420163.0
213	420163.0
214	420163.0
215	372678.0
216	372678.0
217	372678.0
218	372678.0
219	372678.0
220	304188.0
221	304188.0
222	304188.0
223	304188.0
224	304188.0
225	95250.0
226	95250.0
227	95250.0
228	95250.0
229	95250.0
230	450789.0
231	450789.0
232	450789.0
233	450789.0
234	450789.0
235	10499.0
236	10499.0
237	10499.0
238	10499.0
239	10499.0
240	398637.0
241	398637.0
242	398637.0
243	398637.0
244	398637.0
245	350910.0
246	350910.0
247	350910.0
248	350910.0
249	350910.0
