0	12766.0
1	12766.0
2	12766.0
3	12766.0
4	12766.0
5	3349.0
6	3349.0
7	3349.0
8	3349.0
9	3349.0
10	9313.0
11	9313.0
12	9313.0
13	9313.0
14	9313.0
15	9015.0
16	9015.0
17	9015.0
18	9015.0
19	9015.0
20	12004.0
21	12004.0
22	12004.0
23	12004.0
24	12004.0
25	3920.0
26	3920.0
27	3920.0
28	3920.0
29	3920.0
30	2473.0
31	2473.0
32	2473.0
33	2473.0
34	2473.0
35	12192.0
36	12192.0
37	12192.0
38	12192.0
39	12192.0
40	6537.0
41	6537.0
42	6537.0
43	6537.0
44	6537.0
45	54.0
46	54.0
47	54.0
48	54.0
49	54.0
50	11117.0
51	11117.0
52	11117.0
53	11117.0
54	11117.0
55	14122.0
56	14122.0
57	14122.0
58	14122.0
59	14122.0
60	4844.0
61	4844.0
62	4844.0
63	4844.0
64	4844.0
65	932.0
66	932.0
67	932.0
68	932.0
69	932.0
70	6767.0
71	6767.0
72	6767.0
73	6767.0
74	6767.0
75	7582.0
76	7582.0
77	7582.0
78	7582.0
79	7582.0
80	5597.0
81	5597.0
82	5597.0
83	5597.0
84	5597.0
85	1265.0
86	1265.0
87	1265.0
88	1265.0
89	1265.0
90	13106.0
91	13106.0
92	13106.0
93	13106.0
94	13106.0
95	7506.0
96	7506.0
97	7506.0
98	7506.0
99	7506.0
100	1439.0
101	1439.0
102	1439.0
103	1439.0
104	1439.0
105	9529.0
106	9529.0
107	9529.0
108	9529.0
109	9529.0
110	13424.0
111	13424.0
112	13424.0
113	13424.0
114	13424.0
115	9887.0
116	9887.0
117	9887.0
118	9887.0
119	9887.0
120	12660.0
121	12660.0
122	12660.0
123	12660.0
124	12660.0
125	12982.0
126	12982.0
127	12982.0
128	12982.0
129	12982.0
130	3547.0
131	3547.0
132	3547.0
133	3547.0
134	3547.0
135	191.0
136	191.0
137	191.0
138	191.0
139	191.0
140	14047.0
141	14047.0
142	14047.0
143	14047.0
144	14047.0
145	7227.0
146	7227.0
147	7227.0
148	7227.0
149	7227.0
150	6490.0
151	6490.0
152	6490.0
153	6490.0
154	6490.0
155	14017.0
156	14017.0
157	14017.0
158	14017.0
159	14017.0
160	4539.0
161	4539.0
162	4539.0
163	4539.0
164	4539.0
165	9465.0
166	9465.0
167	9465.0
168	9465.0
169	9465.0
170	13721.0
171	13721.0
172	13721.0
173	13721.0
174	13721.0
175	2891.0
176	2891.0
177	2891.0
178	2891.0
179	2891.0
180	2822.0
181	2822.0
182	2822.0
183	2822.0
184	2822.0
185	885.0
186	885.0
187	885.0
188	885.0
189	885.0
190	15795.0
191	15795.0
192	15795.0
193	15795.0
194	15795.0
195	15362.0
196	15362.0
197	15362.0
198	15362.0
199	15362.0
200	14221.0
201	14221.0
202	14221.0
203	14221.0
204	14221.0
205	12368.0
206	12368.0
207	12368.0
208	12368.0
209	12368.0
210	2966.0
211	2966.0
212	2966.0
213	2966.0
214	2966.0
215	3617.0
216	3617.0
217	3617.0
218	3617.0
219	3617.0
220	9839.0
221	9839.0
222	9839.0
223	9839.0
224	9839.0
225	16029.0
226	16029.0
227	16029.0
228	16029.0
229	16029.0
230	9392.0
231	9392.0
232	9392.0
233	9392.0
234	9392.0
235	1939.0
236	1939.0
237	1939.0
238	1939.0
239	1939.0
240	1909.0
241	1909.0
242	1909.0
243	1909.0
244	1909.0
245	3415.0
246	3415.0
247	3415.0
248	3415.0
249	3415.0
