0	9190.0
1	9190.0
2	9190.0
3	9190.0
4	9190.0
5	1238.0
6	1238.0
7	1238.0
8	1238.0
9	1238.0
10	7937.0
11	7937.0
12	7937.0
13	7937.0
14	7937.0
15	8172.0
16	8172.0
17	8172.0
18	8172.0
19	8172.0
20	2699.0
21	2699.0
22	2699.0
23	2699.0
24	2699.0
25	14790.0
26	14790.0
27	14790.0
28	14790.0
29	14790.0
30	3751.0
31	3751.0
32	3751.0
33	3751.0
34	3751.0
35	7940.0
36	7940.0
37	7940.0
38	7940.0
39	7940.0
40	5712.0
41	5712.0
42	5712.0
43	5712.0
44	5712.0
45	588.0
46	588.0
47	588.0
48	588.0
49	588.0
50	5110.0
51	5110.0
52	5110.0
53	5110.0
54	5110.0
55	6596.0
56	6596.0
57	6596.0
58	6596.0
59	6596.0
60	17957.0
61	17957.0
62	17957.0
63	17957.0
64	17957.0
65	1438.0
66	1438.0
67	1438.0
68	1438.0
69	1438.0
70	2578.0
71	2578.0
72	2578.0
73	2578.0
74	2578.0
75	19220.0
76	19220.0
77	19220.0
78	19220.0
79	19220.0
80	12547.0
81	12547.0
82	12547.0
83	12547.0
84	12547.0
85	6968.0
86	6968.0
87	6968.0
88	6968.0
89	6968.0
90	1159.0
91	1159.0
92	1159.0
93	1159.0
94	1159.0
95	4412.0
96	4412.0
97	4412.0
98	4412.0
99	4412.0
100	1925.0
101	1925.0
102	1925.0
103	1925.0
104	1925.0
105	7288.0
106	7288.0
107	7288.0
108	7288.0
109	7288.0
110	4082.0
111	4082.0
112	4082.0
113	4082.0
114	4082.0
115	4779.0
116	4779.0
117	4779.0
118	4779.0
119	4779.0
120	18681.0
121	18681.0
122	18681.0
123	18681.0
124	18681.0
125	11736.0
126	11736.0
127	11736.0
128	11736.0
129	11736.0
130	5720.0
131	5720.0
132	5720.0
133	5720.0
134	5720.0
135	9844.0
136	9844.0
137	9844.0
138	9844.0
139	9844.0
140	2605.0
141	2605.0
142	2605.0
143	2605.0
144	2605.0
145	17262.0
146	17262.0
147	17262.0
148	17262.0
149	17262.0
150	563.0
151	563.0
152	563.0
153	563.0
154	563.0
155	6524.0
156	6524.0
157	6524.0
158	6524.0
159	6524.0
160	2647.0
161	2647.0
162	2647.0
163	2647.0
164	2647.0
165	12583.0
166	12583.0
167	12583.0
168	12583.0
169	12583.0
170	12765.0
171	12765.0
172	12765.0
173	12765.0
174	12765.0
175	15790.0
176	15790.0
177	15790.0
178	15790.0
179	15790.0
180	10091.0
181	10091.0
182	10091.0
183	10091.0
184	10091.0
185	28.0
186	28.0
187	28.0
188	28.0
189	28.0
190	17667.0
191	17667.0
192	17667.0
193	17667.0
194	17667.0
195	12042.0
196	12042.0
197	12042.0
198	12042.0
199	12042.0
200	3297.0
201	3297.0
202	3297.0
203	3297.0
204	3297.0
205	15100.0
206	15100.0
207	15100.0
208	15100.0
209	15100.0
210	19021.0
211	19021.0
212	19021.0
213	19021.0
214	19021.0
215	14425.0
216	14425.0
217	14425.0
218	14425.0
219	14425.0
220	11120.0
221	11120.0
222	11120.0
223	11120.0
224	11120.0
225	51.0
226	51.0
227	51.0
228	51.0
229	51.0
230	3570.0
231	3570.0
232	3570.0
233	3570.0
234	3570.0
235	13465.0
236	13465.0
237	13465.0
238	13465.0
239	13465.0
240	6894.0
241	6894.0
242	6894.0
243	6894.0
244	6894.0
245	16614.0
246	16614.0
247	16614.0
248	16614.0
249	16614.0
