0	18123.0
1	18123.0
2	18123.0
3	18123.0
4	18123.0
5	13532.0
6	13532.0
7	13532.0
8	13532.0
9	13532.0
10	15118.0
11	15118.0
12	15118.0
13	15118.0
14	15118.0
15	11403.0
16	11403.0
17	11403.0
18	11403.0
19	11403.0
20	5581.0
21	5581.0
22	5581.0
23	5581.0
24	5581.0
25	2743.0
26	2743.0
27	2743.0
28	2743.0
29	2743.0
30	4162.0
31	4162.0
32	4162.0
33	4162.0
34	4162.0
35	7150.0
36	7150.0
37	7150.0
38	7150.0
39	7150.0
40	780.0
41	780.0
42	780.0
43	780.0
44	780.0
45	895.0
46	895.0
47	895.0
48	895.0
49	895.0
50	12071.0
51	12071.0
52	12071.0
53	12071.0
54	12071.0
55	266.0
56	266.0
57	266.0
58	266.0
59	266.0
60	12741.0
61	12741.0
62	12741.0
63	12741.0
64	12741.0
65	3600.0
66	3600.0
67	3600.0
68	3600.0
69	3600.0
70	18358.0
71	18358.0
72	18358.0
73	18358.0
74	18358.0
75	12320.0
76	12320.0
77	12320.0
78	12320.0
79	12320.0
80	14488.0
81	14488.0
82	14488.0
83	14488.0
84	14488.0
85	9930.0
86	9930.0
87	9930.0
88	9930.0
89	9930.0
90	12777.0
91	12777.0
92	12777.0
93	12777.0
94	12777.0
95	12622.0
96	12622.0
97	12622.0
98	12622.0
99	12622.0
100	934.0
101	934.0
102	934.0
103	934.0
104	934.0
105	2343.0
106	2343.0
107	2343.0
108	2343.0
109	2343.0
110	3097.0
111	3097.0
112	3097.0
113	3097.0
114	3097.0
115	15191.0
116	15191.0
117	15191.0
118	15191.0
119	15191.0
120	17469.0
121	17469.0
122	17469.0
123	17469.0
124	17469.0
125	9320.0
126	9320.0
127	9320.0
128	9320.0
129	9320.0
130	8348.0
131	8348.0
132	8348.0
133	8348.0
134	8348.0
135	4665.0
136	4665.0
137	4665.0
138	4665.0
139	4665.0
140	19278.0
141	19278.0
142	19278.0
143	19278.0
144	19278.0
145	16201.0
146	16201.0
147	16201.0
148	16201.0
149	16201.0
150	224.0
151	224.0
152	224.0
153	224.0
154	224.0
155	8783.0
156	8783.0
157	8783.0
158	8783.0
159	8783.0
160	4715.0
161	4715.0
162	4715.0
163	4715.0
164	4715.0
165	18539.0
166	18539.0
167	18539.0
168	18539.0
169	18539.0
170	13321.0
171	13321.0
172	13321.0
173	13321.0
174	13321.0
175	12962.0
176	12962.0
177	12962.0
178	12962.0
179	12962.0
180	2332.0
181	2332.0
182	2332.0
183	2332.0
184	2332.0
185	9814.0
186	9814.0
187	9814.0
188	9814.0
189	9814.0
190	13336.0
191	13336.0
192	13336.0
193	13336.0
194	13336.0
195	16712.0
196	16712.0
197	16712.0
198	16712.0
199	16712.0
200	3146.0
201	3146.0
202	3146.0
203	3146.0
204	3146.0
205	9867.0
206	9867.0
207	9867.0
208	9867.0
209	9867.0
210	8847.0
211	8847.0
212	8847.0
213	8847.0
214	8847.0
215	10797.0
216	10797.0
217	10797.0
218	10797.0
219	10797.0
220	3418.0
221	3418.0
222	3418.0
223	3418.0
224	3418.0
225	17399.0
226	17399.0
227	17399.0
228	17399.0
229	17399.0
230	14934.0
231	14934.0
232	14934.0
233	14934.0
234	14934.0
235	122.0
236	122.0
237	122.0
238	122.0
239	122.0
240	14541.0
241	14541.0
242	14541.0
243	14541.0
244	14541.0
245	3466.0
246	3466.0
247	3466.0
248	3466.0
249	3466.0
