0	1655.0
1	1655.0
2	1655.0
3	1655.0
4	1655.0
5	1057.0
6	1057.0
7	1057.0
8	1057.0
9	1057.0
10	13083.0
11	13083.0
12	13083.0
13	13083.0
14	13083.0
15	10500.0
16	10500.0
17	10500.0
18	10500.0
19	10500.0
20	3615.0
21	3615.0
22	3615.0
23	3615.0
24	3615.0
25	3339.0
26	3339.0
27	3339.0
28	3339.0
29	3339.0
30	10611.0
31	10611.0
32	10611.0
33	10611.0
34	10611.0
35	17163.0
36	17163.0
37	17163.0
38	17163.0
39	17163.0
40	11043.0
41	11043.0
42	11043.0
43	11043.0
44	11043.0
45	3855.0
46	3855.0
47	3855.0
48	3855.0
49	3855.0
50	2268.0
51	2268.0
52	2268.0
53	2268.0
54	2268.0
55	1063.0
56	1063.0
57	1063.0
58	1063.0
59	1063.0
60	14694.0
61	14694.0
62	14694.0
63	14694.0
64	14694.0
65	5744.0
66	5744.0
67	5744.0
68	5744.0
69	5744.0
70	16506.0
71	16506.0
72	16506.0
73	16506.0
74	16506.0
75	10593.0
76	10593.0
77	10593.0
78	10593.0
79	10593.0
80	4046.0
81	4046.0
82	4046.0
83	4046.0
84	4046.0
85	11424.0
86	11424.0
87	11424.0
88	11424.0
89	11424.0
90	105.0
91	105.0
92	105.0
93	105.0
94	105.0
95	14698.0
96	14698.0
97	14698.0
98	14698.0
99	14698.0
100	12983.0
101	12983.0
102	12983.0
103	12983.0
104	12983.0
105	8863.0
106	8863.0
107	8863.0
108	8863.0
109	8863.0
110	11830.0
111	11830.0
112	11830.0
113	11830.0
114	11830.0
115	13788.0
116	13788.0
117	13788.0
118	13788.0
119	13788.0
120	4889.0
121	4889.0
122	4889.0
123	4889.0
124	4889.0
125	9580.0
126	9580.0
127	9580.0
128	9580.0
129	9580.0
130	5017.0
131	5017.0
132	5017.0
133	5017.0
134	5017.0
135	4957.0
136	4957.0
137	4957.0
138	4957.0
139	4957.0
140	4404.0
141	4404.0
142	4404.0
143	4404.0
144	4404.0
145	8473.0
146	8473.0
147	8473.0
148	8473.0
149	8473.0
150	8099.0
151	8099.0
152	8099.0
153	8099.0
154	8099.0
155	14214.0
156	14214.0
157	14214.0
158	14214.0
159	14214.0
160	14742.0
161	14742.0
162	14742.0
163	14742.0
164	14742.0
165	12142.0
166	12142.0
167	12142.0
168	12142.0
169	12142.0
170	15219.0
171	15219.0
172	15219.0
173	15219.0
174	15219.0
175	4831.0
176	4831.0
177	4831.0
178	4831.0
179	4831.0
180	17679.0
181	17679.0
182	17679.0
183	17679.0
184	17679.0
185	5352.0
186	5352.0
187	5352.0
188	5352.0
189	5352.0
190	17094.0
191	17094.0
192	17094.0
193	17094.0
194	17094.0
195	1591.0
196	1591.0
197	1591.0
198	1591.0
199	1591.0
200	18269.0
201	18269.0
202	18269.0
203	18269.0
204	18269.0
205	11823.0
206	11823.0
207	11823.0
208	11823.0
209	11823.0
210	9226.0
211	9226.0
212	9226.0
213	9226.0
214	9226.0
215	1084.0
216	1084.0
217	1084.0
218	1084.0
219	1084.0
220	11153.0
221	11153.0
222	11153.0
223	11153.0
224	11153.0
225	7606.0
226	7606.0
227	7606.0
228	7606.0
229	7606.0
230	16913.0
231	16913.0
232	16913.0
233	16913.0
234	16913.0
235	15505.0
236	15505.0
237	15505.0
238	15505.0
239	15505.0
240	17262.0
241	17262.0
242	17262.0
243	17262.0
244	17262.0
245	9633.0
246	9633.0
247	9633.0
248	9633.0
249	9633.0
