0	61139.0
1	61139.0
2	61139.0
3	61139.0
4	61139.0
5	73249.0
6	73249.0
7	73249.0
8	73249.0
9	73249.0
10	79396.0
11	79396.0
12	79396.0
13	79396.0
14	79396.0
15	77016.0
16	77016.0
17	77016.0
18	77016.0
19	77016.0
20	22044.0
21	22044.0
22	22044.0
23	22044.0
24	22044.0
25	5329.0
26	5329.0
27	5329.0
28	5329.0
29	5329.0
30	35601.0
31	35601.0
32	35601.0
33	35601.0
34	35601.0
35	70206.0
36	70206.0
37	70206.0
38	70206.0
39	70206.0
40	5644.0
41	5644.0
42	5644.0
43	5644.0
44	5644.0
45	80362.0
46	80362.0
47	80362.0
48	80362.0
49	80362.0
50	83550.0
51	83550.0
52	83550.0
53	83550.0
54	83550.0
55	40692.0
56	40692.0
57	40692.0
58	40692.0
59	40692.0
60	71507.0
61	71507.0
62	71507.0
63	71507.0
64	71507.0
65	81302.0
66	81302.0
67	81302.0
68	81302.0
69	81302.0
70	108351.0
71	108351.0
72	108351.0
73	108351.0
74	108351.0
75	32909.0
76	32909.0
77	32909.0
78	32909.0
79	32909.0
80	43930.0
81	43930.0
82	43930.0
83	43930.0
84	43930.0
85	68583.0
86	68583.0
87	68583.0
88	68583.0
89	68583.0
90	62656.0
91	62656.0
92	62656.0
93	62656.0
94	62656.0
95	82437.0
96	82437.0
97	82437.0
98	82437.0
99	82437.0
100	41222.0
101	41222.0
102	41222.0
103	41222.0
104	41222.0
105	18457.0
106	18457.0
107	18457.0
108	18457.0
109	18457.0
110	89252.0
111	89252.0
112	89252.0
113	89252.0
114	89252.0
115	105148.0
116	105148.0
117	105148.0
118	105148.0
119	105148.0
120	9201.0
121	9201.0
122	9201.0
123	9201.0
124	9201.0
125	1781.0
126	1781.0
127	1781.0
128	1781.0
129	1781.0
130	1622.0
131	1622.0
132	1622.0
133	1622.0
134	1622.0
135	2581.0
136	2581.0
137	2581.0
138	2581.0
139	2581.0
140	16587.0
141	16587.0
142	16587.0
143	16587.0
144	16587.0
145	74192.0
146	74192.0
147	74192.0
148	74192.0
149	74192.0
150	5322.0
151	5322.0
152	5322.0
153	5322.0
154	5322.0
155	103251.0
156	103251.0
157	103251.0
158	103251.0
159	103251.0
160	43391.0
161	43391.0
162	43391.0
163	43391.0
164	43391.0
165	12358.0
166	12358.0
167	12358.0
168	12358.0
169	12358.0
170	7518.0
171	7518.0
172	7518.0
173	7518.0
174	7518.0
175	3332.0
176	3332.0
177	3332.0
178	3332.0
179	3332.0
180	106515.0
181	106515.0
182	106515.0
183	106515.0
184	106515.0
185	99868.0
186	99868.0
187	99868.0
188	99868.0
189	99868.0
190	78615.0
191	78615.0
192	78615.0
193	78615.0
194	78615.0
195	102908.0
196	102908.0
197	102908.0
198	102908.0
199	102908.0
200	107595.0
201	107595.0
202	107595.0
203	107595.0
204	107595.0
205	104959.0
206	104959.0
207	104959.0
208	104959.0
209	104959.0
210	65202.0
211	65202.0
212	65202.0
213	65202.0
214	65202.0
215	108242.0
216	108242.0
217	108242.0
218	108242.0
219	108242.0
220	1158.0
221	1158.0
222	1158.0
223	1158.0
224	1158.0
225	66479.0
226	66479.0
227	66479.0
228	66479.0
229	66479.0
230	49678.0
231	49678.0
232	49678.0
233	49678.0
234	49678.0
235	18957.0
236	18957.0
237	18957.0
238	18957.0
239	18957.0
240	63423.0
241	63423.0
242	63423.0
243	63423.0
244	63423.0
245	110621.0
246	110621.0
247	110621.0
248	110621.0
249	110621.0
