0	71774.0
1	71774.0
2	71774.0
3	71774.0
4	71774.0
5	65953.0
6	65953.0
7	65953.0
8	65953.0
9	65953.0
10	23070.0
11	23070.0
12	23070.0
13	23070.0
14	23070.0
15	20523.0
16	20523.0
17	20523.0
18	20523.0
19	20523.0
20	96625.0
21	96625.0
22	96625.0
23	96625.0
24	96625.0
25	59602.0
26	59602.0
27	59602.0
28	59602.0
29	59602.0
30	86217.0
31	86217.0
32	86217.0
33	86217.0
34	86217.0
35	98937.0
36	98937.0
37	98937.0
38	98937.0
39	98937.0
40	82626.0
41	82626.0
42	82626.0
43	82626.0
44	82626.0
45	101732.0
46	101732.0
47	101732.0
48	101732.0
49	101732.0
50	110184.0
51	110184.0
52	110184.0
53	110184.0
54	110184.0
55	22041.0
56	22041.0
57	22041.0
58	22041.0
59	22041.0
60	37367.0
61	37367.0
62	37367.0
63	37367.0
64	37367.0
65	107931.0
66	107931.0
67	107931.0
68	107931.0
69	107931.0
70	69556.0
71	69556.0
72	69556.0
73	69556.0
74	69556.0
75	84953.0
76	84953.0
77	84953.0
78	84953.0
79	84953.0
80	49189.0
81	49189.0
82	49189.0
83	49189.0
84	49189.0
85	100822.0
86	100822.0
87	100822.0
88	100822.0
89	100822.0
90	102292.0
91	102292.0
92	102292.0
93	102292.0
94	102292.0
95	74165.0
96	74165.0
97	74165.0
98	74165.0
99	74165.0
100	62031.0
101	62031.0
102	62031.0
103	62031.0
104	62031.0
105	91767.0
106	91767.0
107	91767.0
108	91767.0
109	91767.0
110	109691.0
111	109691.0
112	109691.0
113	109691.0
114	109691.0
115	25642.0
116	25642.0
117	25642.0
118	25642.0
119	25642.0
120	24460.0
121	24460.0
122	24460.0
123	24460.0
124	24460.0
125	8369.0
126	8369.0
127	8369.0
128	8369.0
129	8369.0
130	102976.0
131	102976.0
132	102976.0
133	102976.0
134	102976.0
135	61470.0
136	61470.0
137	61470.0
138	61470.0
139	61470.0
140	28622.0
141	28622.0
142	28622.0
143	28622.0
144	28622.0
145	22914.0
146	22914.0
147	22914.0
148	22914.0
149	22914.0
150	6832.0
151	6832.0
152	6832.0
153	6832.0
154	6832.0
155	68276.0
156	68276.0
157	68276.0
158	68276.0
159	68276.0
160	95543.0
161	95543.0
162	95543.0
163	95543.0
164	95543.0
165	17811.0
166	17811.0
167	17811.0
168	17811.0
169	17811.0
170	368.0
171	368.0
172	368.0
173	368.0
174	368.0
175	23586.0
176	23586.0
177	23586.0
178	23586.0
179	23586.0
180	43359.0
181	43359.0
182	43359.0
183	43359.0
184	43359.0
185	62804.0
186	62804.0
187	62804.0
188	62804.0
189	62804.0
190	21990.0
191	21990.0
192	21990.0
193	21990.0
194	21990.0
195	60210.0
196	60210.0
197	60210.0
198	60210.0
199	60210.0
200	72686.0
201	72686.0
202	72686.0
203	72686.0
204	72686.0
205	66556.0
206	66556.0
207	66556.0
208	66556.0
209	66556.0
210	75522.0
211	75522.0
212	75522.0
213	75522.0
214	75522.0
215	16478.0
216	16478.0
217	16478.0
218	16478.0
219	16478.0
220	1293.0
221	1293.0
222	1293.0
223	1293.0
224	1293.0
225	30663.0
226	30663.0
227	30663.0
228	30663.0
229	30663.0
230	5667.0
231	5667.0
232	5667.0
233	5667.0
234	5667.0
235	66194.0
236	66194.0
237	66194.0
238	66194.0
239	66194.0
240	30848.0
241	30848.0
242	30848.0
243	30848.0
244	30848.0
245	19841.0
246	19841.0
247	19841.0
248	19841.0
249	19841.0
