0	641403.0
1	641403.0
2	641403.0
3	641403.0
4	641403.0
5	521805.0
6	521805.0
7	521805.0
8	521805.0
9	521805.0
10	681656.0
11	681656.0
12	681656.0
13	681656.0
14	681656.0
15	787729.0
16	787729.0
17	787729.0
18	787729.0
19	787729.0
20	378259.0
21	378259.0
22	378259.0
23	378259.0
24	378259.0
25	688253.0
26	688253.0
27	688253.0
28	688253.0
29	688253.0
30	126511.0
31	126511.0
32	126511.0
33	126511.0
34	126511.0
35	119542.0
36	119542.0
37	119542.0
38	119542.0
39	119542.0
40	519870.0
41	519870.0
42	519870.0
43	519870.0
44	519870.0
45	253213.0
46	253213.0
47	253213.0
48	253213.0
49	253213.0
50	776859.0
51	776859.0
52	776859.0
53	776859.0
54	776859.0
55	125126.0
56	125126.0
57	125126.0
58	125126.0
59	125126.0
60	111827.0
61	111827.0
62	111827.0
63	111827.0
64	111827.0
65	603145.0
66	603145.0
67	603145.0
68	603145.0
69	603145.0
70	122691.0
71	122691.0
72	122691.0
73	122691.0
74	122691.0
75	467870.0
76	467870.0
77	467870.0
78	467870.0
79	467870.0
80	221558.0
81	221558.0
82	221558.0
83	221558.0
84	221558.0
85	131763.0
86	131763.0
87	131763.0
88	131763.0
89	131763.0
90	97599.0
91	97599.0
92	97599.0
93	97599.0
94	97599.0
95	359393.0
96	359393.0
97	359393.0
98	359393.0
99	359393.0
100	69092.0
101	69092.0
102	69092.0
103	69092.0
104	69092.0
105	491915.0
106	491915.0
107	491915.0
108	491915.0
109	491915.0
110	494693.0
111	494693.0
112	494693.0
113	494693.0
114	494693.0
115	114274.0
116	114274.0
117	114274.0
118	114274.0
119	114274.0
120	551223.0
121	551223.0
122	551223.0
123	551223.0
124	551223.0
125	680075.0
126	680075.0
127	680075.0
128	680075.0
129	680075.0
130	538965.0
131	538965.0
132	538965.0
133	538965.0
134	538965.0
135	927252.0
136	927252.0
137	927252.0
138	927252.0
139	927252.0
140	905825.0
141	905825.0
142	905825.0
143	905825.0
144	905825.0
145	348351.0
146	348351.0
147	348351.0
148	348351.0
149	348351.0
150	530972.0
151	530972.0
152	530972.0
153	530972.0
154	530972.0
155	309382.0
156	309382.0
157	309382.0
158	309382.0
159	309382.0
160	204542.0
161	204542.0
162	204542.0
163	204542.0
164	204542.0
165	125745.0
166	125745.0
167	125745.0
168	125745.0
169	125745.0
170	558121.0
171	558121.0
172	558121.0
173	558121.0
174	558121.0
175	817844.0
176	817844.0
177	817844.0
178	817844.0
179	817844.0
180	113925.0
181	113925.0
182	113925.0
183	113925.0
184	113925.0
185	456567.0
186	456567.0
187	456567.0
188	456567.0
189	456567.0
190	854900.0
191	854900.0
192	854900.0
193	854900.0
194	854900.0
195	590982.0
196	590982.0
197	590982.0
198	590982.0
199	590982.0
200	5773.0
201	5773.0
202	5773.0
203	5773.0
204	5773.0
205	583757.0
206	583757.0
207	583757.0
208	583757.0
209	583757.0
210	153808.0
211	153808.0
212	153808.0
213	153808.0
214	153808.0
215	27643.0
216	27643.0
217	27643.0
218	27643.0
219	27643.0
220	370146.0
221	370146.0
222	370146.0
223	370146.0
224	370146.0
225	12233.0
226	12233.0
227	12233.0
228	12233.0
229	12233.0
230	21486.0
231	21486.0
232	21486.0
233	21486.0
234	21486.0
235	383398.0
236	383398.0
237	383398.0
238	383398.0
239	383398.0
240	936303.0
241	936303.0
242	936303.0
243	936303.0
244	936303.0
245	643205.0
246	643205.0
247	643205.0
248	643205.0
249	643205.0
