0	151274.0
1	151274.0
2	151274.0
3	151274.0
4	151274.0
5	539822.0
6	539822.0
7	539822.0
8	539822.0
9	539822.0
10	66545.0
11	66545.0
12	66545.0
13	66545.0
14	66545.0
15	602391.0
16	602391.0
17	602391.0
18	602391.0
19	602391.0
20	794471.0
21	794471.0
22	794471.0
23	794471.0
24	794471.0
25	574288.0
26	574288.0
27	574288.0
28	574288.0
29	574288.0
30	86494.0
31	86494.0
32	86494.0
33	86494.0
34	86494.0
35	128506.0
36	128506.0
37	128506.0
38	128506.0
39	128506.0
40	717130.0
41	717130.0
42	717130.0
43	717130.0
44	717130.0
45	654792.0
46	654792.0
47	654792.0
48	654792.0
49	654792.0
50	795215.0
51	795215.0
52	795215.0
53	795215.0
54	795215.0
55	549538.0
56	549538.0
57	549538.0
58	549538.0
59	549538.0
60	145111.0
61	145111.0
62	145111.0
63	145111.0
64	145111.0
65	704346.0
66	704346.0
67	704346.0
68	704346.0
69	704346.0
70	675456.0
71	675456.0
72	675456.0
73	675456.0
74	675456.0
75	858225.0
76	858225.0
77	858225.0
78	858225.0
79	858225.0
80	268720.0
81	268720.0
82	268720.0
83	268720.0
84	268720.0
85	947368.0
86	947368.0
87	947368.0
88	947368.0
89	947368.0
90	709942.0
91	709942.0
92	709942.0
93	709942.0
94	709942.0
95	909297.0
96	909297.0
97	909297.0
98	909297.0
99	909297.0
100	546731.0
101	546731.0
102	546731.0
103	546731.0
104	546731.0
105	581629.0
106	581629.0
107	581629.0
108	581629.0
109	581629.0
110	852155.0
111	852155.0
112	852155.0
113	852155.0
114	852155.0
115	61613.0
116	61613.0
117	61613.0
118	61613.0
119	61613.0
120	945108.0
121	945108.0
122	945108.0
123	945108.0
124	945108.0
125	714023.0
126	714023.0
127	714023.0
128	714023.0
129	714023.0
130	696561.0
131	696561.0
132	696561.0
133	696561.0
134	696561.0
135	432928.0
136	432928.0
137	432928.0
138	432928.0
139	432928.0
140	95467.0
141	95467.0
142	95467.0
143	95467.0
144	95467.0
145	510896.0
146	510896.0
147	510896.0
148	510896.0
149	510896.0
150	399936.0
151	399936.0
152	399936.0
153	399936.0
154	399936.0
155	591931.0
156	591931.0
157	591931.0
158	591931.0
159	591931.0
160	772912.0
161	772912.0
162	772912.0
163	772912.0
164	772912.0
165	140833.0
166	140833.0
167	140833.0
168	140833.0
169	140833.0
170	138108.0
171	138108.0
172	138108.0
173	138108.0
174	138108.0
175	386472.0
176	386472.0
177	386472.0
178	386472.0
179	386472.0
180	574484.0
181	574484.0
182	574484.0
183	574484.0
184	574484.0
185	946906.0
186	946906.0
187	946906.0
188	946906.0
189	946906.0
190	73325.0
191	73325.0
192	73325.0
193	73325.0
194	73325.0
195	824761.0
196	824761.0
197	824761.0
198	824761.0
199	824761.0
200	339676.0
201	339676.0
202	339676.0
203	339676.0
204	339676.0
205	659950.0
206	659950.0
207	659950.0
208	659950.0
209	659950.0
210	534357.0
211	534357.0
212	534357.0
213	534357.0
214	534357.0
215	496716.0
216	496716.0
217	496716.0
218	496716.0
219	496716.0
220	871753.0
221	871753.0
222	871753.0
223	871753.0
224	871753.0
225	292577.0
226	292577.0
227	292577.0
228	292577.0
229	292577.0
230	277689.0
231	277689.0
232	277689.0
233	277689.0
234	277689.0
235	169917.0
236	169917.0
237	169917.0
238	169917.0
239	169917.0
240	923485.0
241	923485.0
242	923485.0
243	923485.0
244	923485.0
245	269012.0
246	269012.0
247	269012.0
248	269012.0
249	269012.0
