0	931028.0
1	931028.0
2	931028.0
3	931028.0
4	931028.0
5	738936.0
6	738936.0
7	738936.0
8	738936.0
9	738936.0
10	252526.0
11	252526.0
12	252526.0
13	252526.0
14	252526.0
15	866483.0
16	866483.0
17	866483.0
18	866483.0
19	866483.0
20	687468.0
21	687468.0
22	687468.0
23	687468.0
24	687468.0
25	313053.0
26	313053.0
27	313053.0
28	313053.0
29	313053.0
30	18199.0
31	18199.0
32	18199.0
33	18199.0
34	18199.0
35	529694.0
36	529694.0
37	529694.0
38	529694.0
39	529694.0
40	306598.0
41	306598.0
42	306598.0
43	306598.0
44	306598.0
45	88268.0
46	88268.0
47	88268.0
48	88268.0
49	88268.0
50	307216.0
51	307216.0
52	307216.0
53	307216.0
54	307216.0
55	949152.0
56	949152.0
57	949152.0
58	949152.0
59	949152.0
60	707313.0
61	707313.0
62	707313.0
63	707313.0
64	707313.0
65	449168.0
66	449168.0
67	449168.0
68	449168.0
69	449168.0
70	93910.0
71	93910.0
72	93910.0
73	93910.0
74	93910.0
75	599858.0
76	599858.0
77	599858.0
78	599858.0
79	599858.0
80	599909.0
81	599909.0
82	599909.0
83	599909.0
84	599909.0
85	125188.0
86	125188.0
87	125188.0
88	125188.0
89	125188.0
90	427520.0
91	427520.0
92	427520.0
93	427520.0
94	427520.0
95	583853.0
96	583853.0
97	583853.0
98	583853.0
99	583853.0
100	512618.0
101	512618.0
102	512618.0
103	512618.0
104	512618.0
105	370539.0
106	370539.0
107	370539.0
108	370539.0
109	370539.0
110	162680.0
111	162680.0
112	162680.0
113	162680.0
114	162680.0
115	268695.0
116	268695.0
117	268695.0
118	268695.0
119	268695.0
120	766933.0
121	766933.0
122	766933.0
123	766933.0
124	766933.0
125	336209.0
126	336209.0
127	336209.0
128	336209.0
129	336209.0
130	923105.0
131	923105.0
132	923105.0
133	923105.0
134	923105.0
135	567254.0
136	567254.0
137	567254.0
138	567254.0
139	567254.0
140	170853.0
141	170853.0
142	170853.0
143	170853.0
144	170853.0
145	285631.0
146	285631.0
147	285631.0
148	285631.0
149	285631.0
150	858192.0
151	858192.0
152	858192.0
153	858192.0
154	858192.0
155	571977.0
156	571977.0
157	571977.0
158	571977.0
159	571977.0
160	352222.0
161	352222.0
162	352222.0
163	352222.0
164	352222.0
165	787829.0
166	787829.0
167	787829.0
168	787829.0
169	787829.0
170	693924.0
171	693924.0
172	693924.0
173	693924.0
174	693924.0
175	411441.0
176	411441.0
177	411441.0
178	411441.0
179	411441.0
180	711312.0
181	711312.0
182	711312.0
183	711312.0
184	711312.0
185	56709.0
186	56709.0
187	56709.0
188	56709.0
189	56709.0
190	468775.0
191	468775.0
192	468775.0
193	468775.0
194	468775.0
195	512370.0
196	512370.0
197	512370.0
198	512370.0
199	512370.0
200	745295.0
201	745295.0
202	745295.0
203	745295.0
204	745295.0
205	33387.0
206	33387.0
207	33387.0
208	33387.0
209	33387.0
210	835683.0
211	835683.0
212	835683.0
213	835683.0
214	835683.0
215	903708.0
216	903708.0
217	903708.0
218	903708.0
219	903708.0
220	329200.0
221	329200.0
222	329200.0
223	329200.0
224	329200.0
225	460437.0
226	460437.0
227	460437.0
228	460437.0
229	460437.0
230	322215.0
231	322215.0
232	322215.0
233	322215.0
234	322215.0
235	456520.0
236	456520.0
237	456520.0
238	456520.0
239	456520.0
240	780099.0
241	780099.0
242	780099.0
243	780099.0
244	780099.0
245	672759.0
246	672759.0
247	672759.0
248	672759.0
249	672759.0
