0	740352.0
1	740352.0
2	740352.0
3	740352.0
4	740352.0
5	484721.0
6	484721.0
7	484721.0
8	484721.0
9	484721.0
10	231246.0
11	231246.0
12	231246.0
13	231246.0
14	231246.0
15	909976.0
16	909976.0
17	909976.0
18	909976.0
19	909976.0
20	328622.0
21	328622.0
22	328622.0
23	328622.0
24	328622.0
25	609970.0
26	609970.0
27	609970.0
28	609970.0
29	609970.0
30	522626.0
31	522626.0
32	522626.0
33	522626.0
34	522626.0
35	659678.0
36	659678.0
37	659678.0
38	659678.0
39	659678.0
40	189901.0
41	189901.0
42	189901.0
43	189901.0
44	189901.0
45	636708.0
46	636708.0
47	636708.0
48	636708.0
49	636708.0
50	137256.0
51	137256.0
52	137256.0
53	137256.0
54	137256.0
55	746781.0
56	746781.0
57	746781.0
58	746781.0
59	746781.0
60	383489.0
61	383489.0
62	383489.0
63	383489.0
64	383489.0
65	622782.0
66	622782.0
67	622782.0
68	622782.0
69	622782.0
70	591034.0
71	591034.0
72	591034.0
73	591034.0
74	591034.0
75	131302.0
76	131302.0
77	131302.0
78	131302.0
79	131302.0
80	315904.0
81	315904.0
82	315904.0
83	315904.0
84	315904.0
85	917103.0
86	917103.0
87	917103.0
88	917103.0
89	917103.0
90	162670.0
91	162670.0
92	162670.0
93	162670.0
94	162670.0
95	528178.0
96	528178.0
97	528178.0
98	528178.0
99	528178.0
100	79477.0
101	79477.0
102	79477.0
103	79477.0
104	79477.0
105	650959.0
106	650959.0
107	650959.0
108	650959.0
109	650959.0
110	692490.0
111	692490.0
112	692490.0
113	692490.0
114	692490.0
115	22084.0
116	22084.0
117	22084.0
118	22084.0
119	22084.0
120	867849.0
121	867849.0
122	867849.0
123	867849.0
124	867849.0
125	628277.0
126	628277.0
127	628277.0
128	628277.0
129	628277.0
130	949652.0
131	949652.0
132	949652.0
133	949652.0
134	949652.0
135	248011.0
136	248011.0
137	248011.0
138	248011.0
139	248011.0
140	631312.0
141	631312.0
142	631312.0
143	631312.0
144	631312.0
145	786932.0
146	786932.0
147	786932.0
148	786932.0
149	786932.0
150	398350.0
151	398350.0
152	398350.0
153	398350.0
154	398350.0
155	184834.0
156	184834.0
157	184834.0
158	184834.0
159	184834.0
160	707549.0
161	707549.0
162	707549.0
163	707549.0
164	707549.0
165	871928.0
166	871928.0
167	871928.0
168	871928.0
169	871928.0
170	108609.0
171	108609.0
172	108609.0
173	108609.0
174	108609.0
175	398287.0
176	398287.0
177	398287.0
178	398287.0
179	398287.0
180	518271.0
181	518271.0
182	518271.0
183	518271.0
184	518271.0
185	146150.0
186	146150.0
187	146150.0
188	146150.0
189	146150.0
190	457735.0
191	457735.0
192	457735.0
193	457735.0
194	457735.0
195	659258.0
196	659258.0
197	659258.0
198	659258.0
199	659258.0
200	217673.0
201	217673.0
202	217673.0
203	217673.0
204	217673.0
205	738226.0
206	738226.0
207	738226.0
208	738226.0
209	738226.0
210	161490.0
211	161490.0
212	161490.0
213	161490.0
214	161490.0
215	511106.0
216	511106.0
217	511106.0
218	511106.0
219	511106.0
220	660047.0
221	660047.0
222	660047.0
223	660047.0
224	660047.0
225	762137.0
226	762137.0
227	762137.0
228	762137.0
229	762137.0
230	230735.0
231	230735.0
232	230735.0
233	230735.0
234	230735.0
235	750940.0
236	750940.0
237	750940.0
238	750940.0
239	750940.0
240	807072.0
241	807072.0
242	807072.0
243	807072.0
244	807072.0
245	712135.0
246	712135.0
247	712135.0
248	712135.0
249	712135.0
