0	305987.0
1	305987.0
2	305987.0
3	305987.0
4	305987.0
5	226395.0
6	226395.0
7	226395.0
8	226395.0
9	226395.0
10	575117.0
11	575117.0
12	575117.0
13	575117.0
14	575117.0
15	697469.0
16	697469.0
17	697469.0
18	697469.0
19	697469.0
20	440516.0
21	440516.0
22	440516.0
23	440516.0
24	440516.0
25	494012.0
26	494012.0
27	494012.0
28	494012.0
29	494012.0
30	655493.0
31	655493.0
32	655493.0
33	655493.0
34	655493.0
35	243557.0
36	243557.0
37	243557.0
38	243557.0
39	243557.0
40	590040.0
41	590040.0
42	590040.0
43	590040.0
44	590040.0
45	140450.0
46	140450.0
47	140450.0
48	140450.0
49	140450.0
50	270542.0
51	270542.0
52	270542.0
53	270542.0
54	270542.0
55	238425.0
56	238425.0
57	238425.0
58	238425.0
59	238425.0
60	794126.0
61	794126.0
62	794126.0
63	794126.0
64	794126.0
65	48681.0
66	48681.0
67	48681.0
68	48681.0
69	48681.0
70	720914.0
71	720914.0
72	720914.0
73	720914.0
74	720914.0
75	510548.0
76	510548.0
77	510548.0
78	510548.0
79	510548.0
80	210608.0
81	210608.0
82	210608.0
83	210608.0
84	210608.0
85	867026.0
86	867026.0
87	867026.0
88	867026.0
89	867026.0
90	781160.0
91	781160.0
92	781160.0
93	781160.0
94	781160.0
95	932758.0
96	932758.0
97	932758.0
98	932758.0
99	932758.0
100	816298.0
101	816298.0
102	816298.0
103	816298.0
104	816298.0
105	934109.0
106	934109.0
107	934109.0
108	934109.0
109	934109.0
110	653926.0
111	653926.0
112	653926.0
113	653926.0
114	653926.0
115	119159.0
116	119159.0
117	119159.0
118	119159.0
119	119159.0
120	766338.0
121	766338.0
122	766338.0
123	766338.0
124	766338.0
125	774701.0
126	774701.0
127	774701.0
128	774701.0
129	774701.0
130	417655.0
131	417655.0
132	417655.0
133	417655.0
134	417655.0
135	113723.0
136	113723.0
137	113723.0
138	113723.0
139	113723.0
140	260758.0
141	260758.0
142	260758.0
143	260758.0
144	260758.0
145	709009.0
146	709009.0
147	709009.0
148	709009.0
149	709009.0
150	202612.0
151	202612.0
152	202612.0
153	202612.0
154	202612.0
155	847601.0
156	847601.0
157	847601.0
158	847601.0
159	847601.0
160	843430.0
161	843430.0
162	843430.0
163	843430.0
164	843430.0
165	943023.0
166	943023.0
167	943023.0
168	943023.0
169	943023.0
170	649160.0
171	649160.0
172	649160.0
173	649160.0
174	649160.0
175	644211.0
176	644211.0
177	644211.0
178	644211.0
179	644211.0
180	769553.0
181	769553.0
182	769553.0
183	769553.0
184	769553.0
185	228463.0
186	228463.0
187	228463.0
188	228463.0
189	228463.0
190	292933.0
191	292933.0
192	292933.0
193	292933.0
194	292933.0
195	450363.0
196	450363.0
197	450363.0
198	450363.0
199	450363.0
200	59443.0
201	59443.0
202	59443.0
203	59443.0
204	59443.0
205	868684.0
206	868684.0
207	868684.0
208	868684.0
209	868684.0
210	31156.0
211	31156.0
212	31156.0
213	31156.0
214	31156.0
215	305913.0
216	305913.0
217	305913.0
218	305913.0
219	305913.0
220	779913.0
221	779913.0
222	779913.0
223	779913.0
224	779913.0
225	38821.0
226	38821.0
227	38821.0
228	38821.0
229	38821.0
230	395484.0
231	395484.0
232	395484.0
233	395484.0
234	395484.0
235	827712.0
236	827712.0
237	827712.0
238	827712.0
239	827712.0
240	411591.0
241	411591.0
242	411591.0
243	411591.0
244	411591.0
245	416687.0
246	416687.0
247	416687.0
248	416687.0
249	416687.0
