0	495768.0
1	495768.0
2	495768.0
3	495768.0
4	495768.0
5	480476.0
6	480476.0
7	480476.0
8	480476.0
9	480476.0
10	488783.0
11	488783.0
12	488783.0
13	488783.0
14	488783.0
15	635818.0
16	635818.0
17	635818.0
18	635818.0
19	635818.0
20	360267.0
21	360267.0
22	360267.0
23	360267.0
24	360267.0
25	224170.0
26	224170.0
27	224170.0
28	224170.0
29	224170.0
30	484967.0
31	484967.0
32	484967.0
33	484967.0
34	484967.0
35	4032.0
36	4032.0
37	4032.0
38	4032.0
39	4032.0
40	54270.0
41	54270.0
42	54270.0
43	54270.0
44	54270.0
45	93267.0
46	93267.0
47	93267.0
48	93267.0
49	93267.0
50	328458.0
51	328458.0
52	328458.0
53	328458.0
54	328458.0
55	713649.0
56	713649.0
57	713649.0
58	713649.0
59	713649.0
60	502639.0
61	502639.0
62	502639.0
63	502639.0
64	502639.0
65	660493.0
66	660493.0
67	660493.0
68	660493.0
69	660493.0
70	685936.0
71	685936.0
72	685936.0
73	685936.0
74	685936.0
75	650923.0
76	650923.0
77	650923.0
78	650923.0
79	650923.0
80	554985.0
81	554985.0
82	554985.0
83	554985.0
84	554985.0
85	485376.0
86	485376.0
87	485376.0
88	485376.0
89	485376.0
90	338277.0
91	338277.0
92	338277.0
93	338277.0
94	338277.0
95	555363.0
96	555363.0
97	555363.0
98	555363.0
99	555363.0
100	905717.0
101	905717.0
102	905717.0
103	905717.0
104	905717.0
105	276130.0
106	276130.0
107	276130.0
108	276130.0
109	276130.0
110	694235.0
111	694235.0
112	694235.0
113	694235.0
114	694235.0
115	796932.0
116	796932.0
117	796932.0
118	796932.0
119	796932.0
120	324155.0
121	324155.0
122	324155.0
123	324155.0
124	324155.0
125	4548.0
126	4548.0
127	4548.0
128	4548.0
129	4548.0
130	438305.0
131	438305.0
132	438305.0
133	438305.0
134	438305.0
135	716748.0
136	716748.0
137	716748.0
138	716748.0
139	716748.0
140	13981.0
141	13981.0
142	13981.0
143	13981.0
144	13981.0
145	858802.0
146	858802.0
147	858802.0
148	858802.0
149	858802.0
150	39937.0
151	39937.0
152	39937.0
153	39937.0
154	39937.0
155	899761.0
156	899761.0
157	899761.0
158	899761.0
159	899761.0
160	926913.0
161	926913.0
162	926913.0
163	926913.0
164	926913.0
165	227361.0
166	227361.0
167	227361.0
168	227361.0
169	227361.0
170	599203.0
171	599203.0
172	599203.0
173	599203.0
174	599203.0
175	389764.0
176	389764.0
177	389764.0
178	389764.0
179	389764.0
180	194296.0
181	194296.0
182	194296.0
183	194296.0
184	194296.0
185	315578.0
186	315578.0
187	315578.0
188	315578.0
189	315578.0
190	648012.0
191	648012.0
192	648012.0
193	648012.0
194	648012.0
195	688804.0
196	688804.0
197	688804.0
198	688804.0
199	688804.0
200	454414.0
201	454414.0
202	454414.0
203	454414.0
204	454414.0
205	834351.0
206	834351.0
207	834351.0
208	834351.0
209	834351.0
210	682330.0
211	682330.0
212	682330.0
213	682330.0
214	682330.0
215	485224.0
216	485224.0
217	485224.0
218	485224.0
219	485224.0
220	893852.0
221	893852.0
222	893852.0
223	893852.0
224	893852.0
225	334153.0
226	334153.0
227	334153.0
228	334153.0
229	334153.0
230	465963.0
231	465963.0
232	465963.0
233	465963.0
234	465963.0
235	692472.0
236	692472.0
237	692472.0
238	692472.0
239	692472.0
240	705354.0
241	705354.0
242	705354.0
243	705354.0
244	705354.0
245	174366.0
246	174366.0
247	174366.0
248	174366.0
249	174366.0
