0	95133.0
1	95133.0
2	95133.0
3	95133.0
4	95133.0
5	819759.0
6	819759.0
7	819759.0
8	819759.0
9	819759.0
10	74336.0
11	74336.0
12	74336.0
13	74336.0
14	74336.0
15	933355.0
16	933355.0
17	933355.0
18	933355.0
19	933355.0
20	762380.0
21	762380.0
22	762380.0
23	762380.0
24	762380.0
25	428277.0
26	428277.0
27	428277.0
28	428277.0
29	428277.0
30	654036.0
31	654036.0
32	654036.0
33	654036.0
34	654036.0
35	18306.0
36	18306.0
37	18306.0
38	18306.0
39	18306.0
40	431943.0
41	431943.0
42	431943.0
43	431943.0
44	431943.0
45	104056.0
46	104056.0
47	104056.0
48	104056.0
49	104056.0
50	207974.0
51	207974.0
52	207974.0
53	207974.0
54	207974.0
55	812298.0
56	812298.0
57	812298.0
58	812298.0
59	812298.0
60	715656.0
61	715656.0
62	715656.0
63	715656.0
64	715656.0
65	623305.0
66	623305.0
67	623305.0
68	623305.0
69	623305.0
70	41673.0
71	41673.0
72	41673.0
73	41673.0
74	41673.0
75	117603.0
76	117603.0
77	117603.0
78	117603.0
79	117603.0
80	477467.0
81	477467.0
82	477467.0
83	477467.0
84	477467.0
85	183999.0
86	183999.0
87	183999.0
88	183999.0
89	183999.0
90	914251.0
91	914251.0
92	914251.0
93	914251.0
94	914251.0
95	716945.0
96	716945.0
97	716945.0
98	716945.0
99	716945.0
100	47244.0
101	47244.0
102	47244.0
103	47244.0
104	47244.0
105	131380.0
106	131380.0
107	131380.0
108	131380.0
109	131380.0
110	892440.0
111	892440.0
112	892440.0
113	892440.0
114	892440.0
115	811612.0
116	811612.0
117	811612.0
118	811612.0
119	811612.0
120	692589.0
121	692589.0
122	692589.0
123	692589.0
124	692589.0
125	444132.0
126	444132.0
127	444132.0
128	444132.0
129	444132.0
130	680600.0
131	680600.0
132	680600.0
133	680600.0
134	680600.0
135	848334.0
136	848334.0
137	848334.0
138	848334.0
139	848334.0
140	923105.0
141	923105.0
142	923105.0
143	923105.0
144	923105.0
145	373428.0
146	373428.0
147	373428.0
148	373428.0
149	373428.0
150	16314.0
151	16314.0
152	16314.0
153	16314.0
154	16314.0
155	762101.0
156	762101.0
157	762101.0
158	762101.0
159	762101.0
160	182204.0
161	182204.0
162	182204.0
163	182204.0
164	182204.0
165	428468.0
166	428468.0
167	428468.0
168	428468.0
169	428468.0
170	775312.0
171	775312.0
172	775312.0
173	775312.0
174	775312.0
175	762057.0
176	762057.0
177	762057.0
178	762057.0
179	762057.0
180	495228.0
181	495228.0
182	495228.0
183	495228.0
184	495228.0
185	767733.0
186	767733.0
187	767733.0
188	767733.0
189	767733.0
190	279524.0
191	279524.0
192	279524.0
193	279524.0
194	279524.0
195	378252.0
196	378252.0
197	378252.0
198	378252.0
199	378252.0
200	610026.0
201	610026.0
202	610026.0
203	610026.0
204	610026.0
205	36225.0
206	36225.0
207	36225.0
208	36225.0
209	36225.0
210	604802.0
211	604802.0
212	604802.0
213	604802.0
214	604802.0
215	199196.0
216	199196.0
217	199196.0
218	199196.0
219	199196.0
220	571402.0
221	571402.0
222	571402.0
223	571402.0
224	571402.0
225	948411.0
226	948411.0
227	948411.0
228	948411.0
229	948411.0
230	540519.0
231	540519.0
232	540519.0
233	540519.0
234	540519.0
235	338833.0
236	338833.0
237	338833.0
238	338833.0
239	338833.0
240	324142.0
241	324142.0
242	324142.0
243	324142.0
244	324142.0
245	260029.0
246	260029.0
247	260029.0
248	260029.0
249	260029.0
