0	374878.0
1	374878.0
2	374878.0
3	374878.0
4	374878.0
5	617966.0
6	617966.0
7	617966.0
8	617966.0
9	617966.0
10	779305.0
11	779305.0
12	779305.0
13	779305.0
14	779305.0
15	485354.0
16	485354.0
17	485354.0
18	485354.0
19	485354.0
20	218294.0
21	218294.0
22	218294.0
23	218294.0
24	218294.0
25	649079.0
26	649079.0
27	649079.0
28	649079.0
29	649079.0
30	295972.0
31	295972.0
32	295972.0
33	295972.0
34	295972.0
35	747320.0
36	747320.0
37	747320.0
38	747320.0
39	747320.0
40	390866.0
41	390866.0
42	390866.0
43	390866.0
44	390866.0
45	831842.0
46	831842.0
47	831842.0
48	831842.0
49	831842.0
50	704777.0
51	704777.0
52	704777.0
53	704777.0
54	704777.0
55	488580.0
56	488580.0
57	488580.0
58	488580.0
59	488580.0
60	606170.0
61	606170.0
62	606170.0
63	606170.0
64	606170.0
65	911112.0
66	911112.0
67	911112.0
68	911112.0
69	911112.0
70	356459.0
71	356459.0
72	356459.0
73	356459.0
74	356459.0
75	114319.0
76	114319.0
77	114319.0
78	114319.0
79	114319.0
80	477651.0
81	477651.0
82	477651.0
83	477651.0
84	477651.0
85	450.0
86	450.0
87	450.0
88	450.0
89	450.0
90	844063.0
91	844063.0
92	844063.0
93	844063.0
94	844063.0
95	849279.0
96	849279.0
97	849279.0
98	849279.0
99	849279.0
100	720486.0
101	720486.0
102	720486.0
103	720486.0
104	720486.0
105	588820.0
106	588820.0
107	588820.0
108	588820.0
109	588820.0
110	89187.0
111	89187.0
112	89187.0
113	89187.0
114	89187.0
115	425983.0
116	425983.0
117	425983.0
118	425983.0
119	425983.0
120	539085.0
121	539085.0
122	539085.0
123	539085.0
124	539085.0
125	436202.0
126	436202.0
127	436202.0
128	436202.0
129	436202.0
130	218625.0
131	218625.0
132	218625.0
133	218625.0
134	218625.0
135	166846.0
136	166846.0
137	166846.0
138	166846.0
139	166846.0
140	405817.0
141	405817.0
142	405817.0
143	405817.0
144	405817.0
145	244562.0
146	244562.0
147	244562.0
148	244562.0
149	244562.0
150	292252.0
151	292252.0
152	292252.0
153	292252.0
154	292252.0
155	175665.0
156	175665.0
157	175665.0
158	175665.0
159	175665.0
160	721977.0
161	721977.0
162	721977.0
163	721977.0
164	721977.0
165	101695.0
166	101695.0
167	101695.0
168	101695.0
169	101695.0
170	269954.0
171	269954.0
172	269954.0
173	269954.0
174	269954.0
175	539948.0
176	539948.0
177	539948.0
178	539948.0
179	539948.0
180	49087.0
181	49087.0
182	49087.0
183	49087.0
184	49087.0
185	662658.0
186	662658.0
187	662658.0
188	662658.0
189	662658.0
190	231027.0
191	231027.0
192	231027.0
193	231027.0
194	231027.0
195	829423.0
196	829423.0
197	829423.0
198	829423.0
199	829423.0
200	393751.0
201	393751.0
202	393751.0
203	393751.0
204	393751.0
205	325581.0
206	325581.0
207	325581.0
208	325581.0
209	325581.0
210	949972.0
211	949972.0
212	949972.0
213	949972.0
214	949972.0
215	781041.0
216	781041.0
217	781041.0
218	781041.0
219	781041.0
220	585174.0
221	585174.0
222	585174.0
223	585174.0
224	585174.0
225	227726.0
226	227726.0
227	227726.0
228	227726.0
229	227726.0
230	831898.0
231	831898.0
232	831898.0
233	831898.0
234	831898.0
235	764340.0
236	764340.0
237	764340.0
238	764340.0
239	764340.0
240	208257.0
241	208257.0
242	208257.0
243	208257.0
244	208257.0
245	806922.0
246	806922.0
247	806922.0
248	806922.0
249	806922.0
