0	152.0
1	152.0
2	152.0
3	152.0
4	152.0
5	61.0
6	61.0
7	61.0
8	61.0
9	61.0
10	209.0
11	209.0
12	209.0
13	209.0
14	209.0
15	114.0
16	114.0
17	114.0
18	114.0
19	114.0
20	38.0
21	38.0
22	38.0
23	38.0
24	38.0
25	353.0
26	353.0
27	353.0
28	353.0
29	353.0
30	148.0
31	148.0
32	148.0
33	148.0
34	148.0
35	63.0
36	63.0
37	63.0
38	63.0
39	63.0
40	12.0
41	12.0
42	12.0
43	12.0
44	12.0
45	270.0
46	270.0
47	270.0
48	270.0
49	270.0
50	342.0
51	342.0
52	342.0
53	342.0
54	342.0
55	362.0
56	362.0
57	362.0
58	362.0
59	362.0
60	208.0
61	208.0
62	208.0
63	208.0
64	208.0
65	308.0
66	308.0
67	308.0
68	308.0
69	308.0
70	72.0
71	72.0
72	72.0
73	72.0
74	72.0
75	218.0
76	218.0
77	218.0
78	218.0
79	218.0
80	379.0
81	379.0
82	379.0
83	379.0
84	379.0
85	90.0
86	90.0
87	90.0
88	90.0
89	90.0
90	163.0
91	163.0
92	163.0
93	163.0
94	163.0
95	355.0
96	355.0
97	355.0
98	355.0
99	355.0
100	96.0
101	96.0
102	96.0
103	96.0
104	96.0
105	9.0
106	9.0
107	9.0
108	9.0
109	9.0
110	128.0
111	128.0
112	128.0
113	128.0
114	128.0
115	179.0
116	179.0
117	179.0
118	179.0
119	179.0
120	382.0
121	382.0
122	382.0
123	382.0
124	382.0
125	382.0
126	382.0
127	382.0
128	382.0
129	382.0
130	175.0
131	175.0
132	175.0
133	175.0
134	175.0
135	22.0
136	22.0
137	22.0
138	22.0
139	22.0
140	228.0
141	228.0
142	228.0
143	228.0
144	228.0
145	306.0
146	306.0
147	306.0
148	306.0
149	306.0
150	101.0
151	101.0
152	101.0
153	101.0
154	101.0
155	39.0
156	39.0
157	39.0
158	39.0
159	39.0
160	151.0
161	151.0
162	151.0
163	151.0
164	151.0
165	367.0
166	367.0
167	367.0
168	367.0
169	367.0
170	257.0
171	257.0
172	257.0
173	257.0
174	257.0
175	13.0
176	13.0
177	13.0
178	13.0
179	13.0
180	60.0
181	60.0
182	60.0
183	60.0
184	60.0
185	294.0
186	294.0
187	294.0
188	294.0
189	294.0
190	54.0
191	54.0
192	54.0
193	54.0
194	54.0
195	251.0
196	251.0
197	251.0
198	251.0
199	251.0
200	219.0
201	219.0
202	219.0
203	219.0
204	219.0
205	8.0
206	8.0
207	8.0
208	8.0
209	8.0
210	94.0
211	94.0
212	94.0
213	94.0
214	94.0
215	186.0
216	186.0
217	186.0
218	186.0
219	186.0
220	352.0
221	352.0
222	352.0
223	352.0
224	352.0
225	325.0
226	325.0
227	325.0
228	325.0
229	325.0
230	381.0
231	381.0
232	381.0
233	381.0
234	381.0
235	370.0
236	370.0
237	370.0
238	370.0
239	370.0
240	133.0
241	133.0
242	133.0
243	133.0
244	133.0
245	78.0
246	78.0
247	78.0
248	78.0
249	78.0
