0	1.0
1	1.0
2	1.0
3	1.0
4	1.0
5	54.0
6	54.0
7	54.0
8	54.0
9	54.0
10	35.0
11	35.0
12	35.0
13	35.0
14	35.0
15	4.0
16	4.0
17	4.0
18	4.0
19	4.0
20	2.0
21	2.0
22	2.0
23	2.0
24	2.0
25	60.0
26	60.0
27	60.0
28	60.0
29	60.0
30	59.0
31	59.0
32	59.0
33	59.0
34	59.0
35	6.0
36	6.0
37	6.0
38	6.0
39	6.0
40	39.0
41	39.0
42	39.0
43	39.0
44	39.0
45	40.0
46	40.0
47	40.0
48	40.0
49	40.0
50	53.0
51	53.0
52	53.0
53	53.0
54	53.0
55	46.0
56	46.0
57	46.0
58	46.0
59	46.0
60	19.0
61	19.0
62	19.0
63	19.0
64	19.0
65	35.0
66	35.0
67	35.0
68	35.0
69	35.0
70	9.0
71	9.0
72	9.0
73	9.0
74	9.0
75	22.0
76	22.0
77	22.0
78	22.0
79	22.0
80	0.0
81	0.0
82	0.0
83	0.0
84	0.0
85	37.0
86	37.0
87	37.0
88	37.0
89	37.0
90	28.0
91	28.0
92	28.0
93	28.0
94	28.0
95	19.0
96	19.0
97	19.0
98	19.0
99	19.0
100	39.0
101	39.0
102	39.0
103	39.0
104	39.0
105	41.0
106	41.0
107	41.0
108	41.0
109	41.0
110	49.0
111	49.0
112	49.0
113	49.0
114	49.0
115	35.0
116	35.0
117	35.0
118	35.0
119	35.0
120	6.0
121	6.0
122	6.0
123	6.0
124	6.0
125	35.0
126	35.0
127	35.0
128	35.0
129	35.0
130	50.0
131	50.0
132	50.0
133	50.0
134	50.0
135	17.0
136	17.0
137	17.0
138	17.0
139	17.0
140	40.0
141	40.0
142	40.0
143	40.0
144	40.0
145	27.0
146	27.0
147	27.0
148	27.0
149	27.0
150	23.0
151	23.0
152	23.0
153	23.0
154	23.0
155	46.0
156	46.0
157	46.0
158	46.0
159	46.0
160	29.0
161	29.0
162	29.0
163	29.0
164	29.0
165	21.0
166	21.0
167	21.0
168	21.0
169	21.0
170	49.0
171	49.0
172	49.0
173	49.0
174	49.0
175	27.0
176	27.0
177	27.0
178	27.0
179	27.0
180	40.0
181	40.0
182	40.0
183	40.0
184	40.0
185	35.0
186	35.0
187	35.0
188	35.0
189	35.0
190	25.0
191	25.0
192	25.0
193	25.0
194	25.0
195	9.0
196	9.0
197	9.0
198	9.0
199	9.0
200	24.0
201	24.0
202	24.0
203	24.0
204	24.0
205	15.0
206	15.0
207	15.0
208	15.0
209	15.0
210	36.0
211	36.0
212	36.0
213	36.0
214	36.0
215	9.0
216	9.0
217	9.0
218	9.0
219	9.0
220	7.0
221	7.0
222	7.0
223	7.0
224	7.0
225	18.0
226	18.0
227	18.0
228	18.0
229	18.0
230	11.0
231	11.0
232	11.0
233	11.0
234	11.0
235	55.0
236	55.0
237	55.0
238	55.0
239	55.0
240	18.0
241	18.0
242	18.0
243	18.0
244	18.0
245	22.0
246	22.0
247	22.0
248	22.0
249	22.0
