0	13.0
1	13.0
2	13.0
3	13.0
4	13.0
5	893.0
6	893.0
7	893.0
8	893.0
9	893.0
10	114.0
11	114.0
12	114.0
13	114.0
14	114.0
15	844.0
16	844.0
17	844.0
18	844.0
19	844.0
20	673.0
21	673.0
22	673.0
23	673.0
24	673.0
25	903.0
26	903.0
27	903.0
28	903.0
29	903.0
30	337.0
31	337.0
32	337.0
33	337.0
34	337.0
35	411.0
36	411.0
37	411.0
38	411.0
39	411.0
40	365.0
41	365.0
42	365.0
43	365.0
44	365.0
45	415.0
46	415.0
47	415.0
48	415.0
49	415.0
50	15.0
51	15.0
52	15.0
53	15.0
54	15.0
55	344.0
56	344.0
57	344.0
58	344.0
59	344.0
60	704.0
61	704.0
62	704.0
63	704.0
64	704.0
65	8.0
66	8.0
67	8.0
68	8.0
69	8.0
70	707.0
71	707.0
72	707.0
73	707.0
74	707.0
75	718.0
76	718.0
77	718.0
78	718.0
79	718.0
80	119.0
81	119.0
82	119.0
83	119.0
84	119.0
85	856.0
86	856.0
87	856.0
88	856.0
89	856.0
90	153.0
91	153.0
92	153.0
93	153.0
94	153.0
95	167.0
96	167.0
97	167.0
98	167.0
99	167.0
100	117.0
101	117.0
102	117.0
103	117.0
104	117.0
105	852.0
106	852.0
107	852.0
108	852.0
109	852.0
110	811.0
111	811.0
112	811.0
113	811.0
114	811.0
115	254.0
116	254.0
117	254.0
118	254.0
119	254.0
120	267.0
121	267.0
122	267.0
123	267.0
124	267.0
125	913.0
126	913.0
127	913.0
128	913.0
129	913.0
130	90.0
131	90.0
132	90.0
133	90.0
134	90.0
135	448.0
136	448.0
137	448.0
138	448.0
139	448.0
140	553.0
141	553.0
142	553.0
143	553.0
144	553.0
145	754.0
146	754.0
147	754.0
148	754.0
149	754.0
150	672.0
151	672.0
152	672.0
153	672.0
154	672.0
155	775.0
156	775.0
157	775.0
158	775.0
159	775.0
160	329.0
161	329.0
162	329.0
163	329.0
164	329.0
165	682.0
166	682.0
167	682.0
168	682.0
169	682.0
170	19.0
171	19.0
172	19.0
173	19.0
174	19.0
175	363.0
176	363.0
177	363.0
178	363.0
179	363.0
180	865.0
181	865.0
182	865.0
183	865.0
184	865.0
185	764.0
186	764.0
187	764.0
188	764.0
189	764.0
190	693.0
191	693.0
192	693.0
193	693.0
194	693.0
195	443.0
196	443.0
197	443.0
198	443.0
199	443.0
200	785.0
201	785.0
202	785.0
203	785.0
204	785.0
205	135.0
206	135.0
207	135.0
208	135.0
209	135.0
210	187.0
211	187.0
212	187.0
213	187.0
214	187.0
215	883.0
216	883.0
217	883.0
218	883.0
219	883.0
220	141.0
221	141.0
222	141.0
223	141.0
224	141.0
225	211.0
226	211.0
227	211.0
228	211.0
229	211.0
230	775.0
231	775.0
232	775.0
233	775.0
234	775.0
235	23.0
236	23.0
237	23.0
238	23.0
239	23.0
240	301.0
241	301.0
242	301.0
243	301.0
244	301.0
245	424.0
246	424.0
247	424.0
248	424.0
249	424.0
