0	184.0
1	184.0
2	184.0
3	184.0
4	184.0
5	4120.0
6	4120.0
7	4120.0
8	4120.0
9	4120.0
10	937.0
11	937.0
12	937.0
13	937.0
14	937.0
15	2667.0
16	2667.0
17	2667.0
18	2667.0
19	2667.0
20	3311.0
21	3311.0
22	3311.0
23	3311.0
24	3311.0
25	2499.0
26	2499.0
27	2499.0
28	2499.0
29	2499.0
30	932.0
31	932.0
32	932.0
33	932.0
34	932.0
35	1026.0
36	1026.0
37	1026.0
38	1026.0
39	1026.0
40	611.0
41	611.0
42	611.0
43	611.0
44	611.0
45	1716.0
46	1716.0
47	1716.0
48	1716.0
49	1716.0
50	3398.0
51	3398.0
52	3398.0
53	3398.0
54	3398.0
55	173.0
56	173.0
57	173.0
58	173.0
59	173.0
60	4406.0
61	4406.0
62	4406.0
63	4406.0
64	4406.0
65	1951.0
66	1951.0
67	1951.0
68	1951.0
69	1951.0
70	663.0
71	663.0
72	663.0
73	663.0
74	663.0
75	3680.0
76	3680.0
77	3680.0
78	3680.0
79	3680.0
80	833.0
81	833.0
82	833.0
83	833.0
84	833.0
85	824.0
86	824.0
87	824.0
88	824.0
89	824.0
90	3071.0
91	3071.0
92	3071.0
93	3071.0
94	3071.0
95	2985.0
96	2985.0
97	2985.0
98	2985.0
99	2985.0
100	4241.0
101	4241.0
102	4241.0
103	4241.0
104	4241.0
105	825.0
106	825.0
107	825.0
108	825.0
109	825.0
110	1175.0
111	1175.0
112	1175.0
113	1175.0
114	1175.0
115	1532.0
116	1532.0
117	1532.0
118	1532.0
119	1532.0
120	1413.0
121	1413.0
122	1413.0
123	1413.0
124	1413.0
125	2225.0
126	2225.0
127	2225.0
128	2225.0
129	2225.0
130	790.0
131	790.0
132	790.0
133	790.0
134	790.0
135	848.0
136	848.0
137	848.0
138	848.0
139	848.0
140	1694.0
141	1694.0
142	1694.0
143	1694.0
144	1694.0
145	38.0
146	38.0
147	38.0
148	38.0
149	38.0
150	3070.0
151	3070.0
152	3070.0
153	3070.0
154	3070.0
155	753.0
156	753.0
157	753.0
158	753.0
159	753.0
160	889.0
161	889.0
162	889.0
163	889.0
164	889.0
165	647.0
166	647.0
167	647.0
168	647.0
169	647.0
170	1991.0
171	1991.0
172	1991.0
173	1991.0
174	1991.0
175	3875.0
176	3875.0
177	3875.0
178	3875.0
179	3875.0
180	305.0
181	305.0
182	305.0
183	305.0
184	305.0
185	2490.0
186	2490.0
187	2490.0
188	2490.0
189	2490.0
190	4193.0
191	4193.0
192	4193.0
193	4193.0
194	4193.0
195	3392.0
196	3392.0
197	3392.0
198	3392.0
199	3392.0
200	1818.0
201	1818.0
202	1818.0
203	1818.0
204	1818.0
205	1972.0
206	1972.0
207	1972.0
208	1972.0
209	1972.0
210	2960.0
211	2960.0
212	2960.0
213	2960.0
214	2960.0
215	2952.0
216	2952.0
217	2952.0
218	2952.0
219	2952.0
220	2880.0
221	2880.0
222	2880.0
223	2880.0
224	2880.0
225	7.0
226	7.0
227	7.0
228	7.0
229	7.0
230	1842.0
231	1842.0
232	1842.0
233	1842.0
234	1842.0
235	1605.0
236	1605.0
237	1605.0
238	1605.0
239	1605.0
240	3599.0
241	3599.0
242	3599.0
243	3599.0
244	3599.0
245	4041.0
246	4041.0
247	4041.0
248	4041.0
249	4041.0
