0	693.0
1	693.0
2	693.0
3	693.0
4	693.0
5	7918.0
6	7918.0
7	7918.0
8	7918.0
9	7918.0
10	7998.0
11	7998.0
12	7998.0
13	7998.0
14	7998.0
15	17994.0
16	17994.0
17	17994.0
18	17994.0
19	17994.0
20	19511.0
21	19511.0
22	19511.0
23	19511.0
24	19511.0
25	3270.0
26	3270.0
27	3270.0
28	3270.0
29	3270.0
30	10385.0
31	10385.0
32	10385.0
33	10385.0
34	10385.0
35	14723.0
36	14723.0
37	14723.0
38	14723.0
39	14723.0
40	9141.0
41	9141.0
42	9141.0
43	9141.0
44	9141.0
45	14901.0
46	14901.0
47	14901.0
48	14901.0
49	14901.0
50	8874.0
51	8874.0
52	8874.0
53	8874.0
54	8874.0
55	10675.0
56	10675.0
57	10675.0
58	10675.0
59	10675.0
60	8270.0
61	8270.0
62	8270.0
63	8270.0
64	8270.0
65	2521.0
66	2521.0
67	2521.0
68	2521.0
69	2521.0
70	684.0
71	684.0
72	684.0
73	684.0
74	684.0
75	11412.0
76	11412.0
77	11412.0
78	11412.0
79	11412.0
80	6166.0
81	6166.0
82	6166.0
83	6166.0
84	6166.0
85	7000.0
86	7000.0
87	7000.0
88	7000.0
89	7000.0
90	20167.0
91	20167.0
92	20167.0
93	20167.0
94	20167.0
95	10956.0
96	10956.0
97	10956.0
98	10956.0
99	10956.0
100	5045.0
101	5045.0
102	5045.0
103	5045.0
104	5045.0
105	18063.0
106	18063.0
107	18063.0
108	18063.0
109	18063.0
110	13702.0
111	13702.0
112	13702.0
113	13702.0
114	13702.0
115	10190.0
116	10190.0
117	10190.0
118	10190.0
119	10190.0
120	20489.0
121	20489.0
122	20489.0
123	20489.0
124	20489.0
125	6595.0
126	6595.0
127	6595.0
128	6595.0
129	6595.0
130	1654.0
131	1654.0
132	1654.0
133	1654.0
134	1654.0
135	10379.0
136	10379.0
137	10379.0
138	10379.0
139	10379.0
140	3526.0
141	3526.0
142	3526.0
143	3526.0
144	3526.0
145	7448.0
146	7448.0
147	7448.0
148	7448.0
149	7448.0
150	16087.0
151	16087.0
152	16087.0
153	16087.0
154	16087.0
155	15750.0
156	15750.0
157	15750.0
158	15750.0
159	15750.0
160	6716.0
161	6716.0
162	6716.0
163	6716.0
164	6716.0
165	3478.0
166	3478.0
167	3478.0
168	3478.0
169	3478.0
170	7305.0
171	7305.0
172	7305.0
173	7305.0
174	7305.0
175	6574.0
176	6574.0
177	6574.0
178	6574.0
179	6574.0
180	8905.0
181	8905.0
182	8905.0
183	8905.0
184	8905.0
185	6236.0
186	6236.0
187	6236.0
188	6236.0
189	6236.0
190	5341.0
191	5341.0
192	5341.0
193	5341.0
194	5341.0
195	12584.0
196	12584.0
197	12584.0
198	12584.0
199	12584.0
200	6616.0
201	6616.0
202	6616.0
203	6616.0
204	6616.0
205	9885.0
206	9885.0
207	9885.0
208	9885.0
209	9885.0
210	3432.0
211	3432.0
212	3432.0
213	3432.0
214	3432.0
215	1737.0
216	1737.0
217	1737.0
218	1737.0
219	1737.0
220	18076.0
221	18076.0
222	18076.0
223	18076.0
224	18076.0
225	14809.0
226	14809.0
227	14809.0
228	14809.0
229	14809.0
230	1189.0
231	1189.0
232	1189.0
233	1189.0
234	1189.0
235	15951.0
236	15951.0
237	15951.0
238	15951.0
239	15951.0
240	16811.0
241	16811.0
242	16811.0
243	16811.0
244	16811.0
245	13944.0
246	13944.0
247	13944.0
248	13944.0
249	13944.0
