0	1471.0
1	1471.0
2	1471.0
3	1471.0
4	1471.0
5	2857.0
6	2857.0
7	2857.0
8	2857.0
9	2857.0
10	20021.0
11	20021.0
12	20021.0
13	20021.0
14	20021.0
15	6838.0
16	6838.0
17	6838.0
18	6838.0
19	6838.0
20	11333.0
21	11333.0
22	11333.0
23	11333.0
24	11333.0
25	14690.0
26	14690.0
27	14690.0
28	14690.0
29	14690.0
30	2235.0
31	2235.0
32	2235.0
33	2235.0
34	2235.0
35	20475.0
36	20475.0
37	20475.0
38	20475.0
39	20475.0
40	8431.0
41	8431.0
42	8431.0
43	8431.0
44	8431.0
45	15202.0
46	15202.0
47	15202.0
48	15202.0
49	15202.0
50	2539.0
51	2539.0
52	2539.0
53	2539.0
54	2539.0
55	8797.0
56	8797.0
57	8797.0
58	8797.0
59	8797.0
60	2282.0
61	2282.0
62	2282.0
63	2282.0
64	2282.0
65	11162.0
66	11162.0
67	11162.0
68	11162.0
69	11162.0
70	497.0
71	497.0
72	497.0
73	497.0
74	497.0
75	10259.0
76	10259.0
77	10259.0
78	10259.0
79	10259.0
80	8339.0
81	8339.0
82	8339.0
83	8339.0
84	8339.0
85	4619.0
86	4619.0
87	4619.0
88	4619.0
89	4619.0
90	13261.0
91	13261.0
92	13261.0
93	13261.0
94	13261.0
95	13626.0
96	13626.0
97	13626.0
98	13626.0
99	13626.0
100	20030.0
101	20030.0
102	20030.0
103	20030.0
104	20030.0
105	7168.0
106	7168.0
107	7168.0
108	7168.0
109	7168.0
110	10217.0
111	10217.0
112	10217.0
113	10217.0
114	10217.0
115	14742.0
116	14742.0
117	14742.0
118	14742.0
119	14742.0
120	15476.0
121	15476.0
122	15476.0
123	15476.0
124	15476.0
125	4962.0
126	4962.0
127	4962.0
128	4962.0
129	4962.0
130	17474.0
131	17474.0
132	17474.0
133	17474.0
134	17474.0
135	4170.0
136	4170.0
137	4170.0
138	4170.0
139	4170.0
140	21277.0
141	21277.0
142	21277.0
143	21277.0
144	21277.0
145	10762.0
146	10762.0
147	10762.0
148	10762.0
149	10762.0
150	17150.0
151	17150.0
152	17150.0
153	17150.0
154	17150.0
155	7615.0
156	7615.0
157	7615.0
158	7615.0
159	7615.0
160	11721.0
161	11721.0
162	11721.0
163	11721.0
164	11721.0
165	8845.0
166	8845.0
167	8845.0
168	8845.0
169	8845.0
170	20286.0
171	20286.0
172	20286.0
173	20286.0
174	20286.0
175	102.0
176	102.0
177	102.0
178	102.0
179	102.0
180	5981.0
181	5981.0
182	5981.0
183	5981.0
184	5981.0
185	6071.0
186	6071.0
187	6071.0
188	6071.0
189	6071.0
190	7204.0
191	7204.0
192	7204.0
193	7204.0
194	7204.0
195	8010.0
196	8010.0
197	8010.0
198	8010.0
199	8010.0
200	11537.0
201	11537.0
202	11537.0
203	11537.0
204	11537.0
205	14436.0
206	14436.0
207	14436.0
208	14436.0
209	14436.0
210	18449.0
211	18449.0
212	18449.0
213	18449.0
214	18449.0
215	15516.0
216	15516.0
217	15516.0
218	15516.0
219	15516.0
220	17289.0
221	17289.0
222	17289.0
223	17289.0
224	17289.0
225	5962.0
226	5962.0
227	5962.0
228	5962.0
229	5962.0
230	12084.0
231	12084.0
232	12084.0
233	12084.0
234	12084.0
235	8250.0
236	8250.0
237	8250.0
238	8250.0
239	8250.0
240	17511.0
241	17511.0
242	17511.0
243	17511.0
244	17511.0
245	9228.0
246	9228.0
247	9228.0
248	9228.0
249	9228.0
