0	23487.0
1	23487.0
2	23487.0
3	23487.0
4	23487.0
5	5647.0
6	5647.0
7	5647.0
8	5647.0
9	5647.0
10	2703.0
11	2703.0
12	2703.0
13	2703.0
14	2703.0
15	14033.0
16	14033.0
17	14033.0
18	14033.0
19	14033.0
20	17115.0
21	17115.0
22	17115.0
23	17115.0
24	17115.0
25	10179.0
26	10179.0
27	10179.0
28	10179.0
29	10179.0
30	20175.0
31	20175.0
32	20175.0
33	20175.0
34	20175.0
35	7788.0
36	7788.0
37	7788.0
38	7788.0
39	7788.0
40	23519.0
41	23519.0
42	23519.0
43	23519.0
44	23519.0
45	14914.0
46	14914.0
47	14914.0
48	14914.0
49	14914.0
50	15425.0
51	15425.0
52	15425.0
53	15425.0
54	15425.0
55	9815.0
56	9815.0
57	9815.0
58	9815.0
59	9815.0
60	7255.0
61	7255.0
62	7255.0
63	7255.0
64	7255.0
65	1130.0
66	1130.0
67	1130.0
68	1130.0
69	1130.0
70	6637.0
71	6637.0
72	6637.0
73	6637.0
74	6637.0
75	8601.0
76	8601.0
77	8601.0
78	8601.0
79	8601.0
80	545.0
81	545.0
82	545.0
83	545.0
84	545.0
85	13783.0
86	13783.0
87	13783.0
88	13783.0
89	13783.0
90	22424.0
91	22424.0
92	22424.0
93	22424.0
94	22424.0
95	17719.0
96	17719.0
97	17719.0
98	17719.0
99	17719.0
100	14487.0
101	14487.0
102	14487.0
103	14487.0
104	14487.0
105	7904.0
106	7904.0
107	7904.0
108	7904.0
109	7904.0
110	8429.0
111	8429.0
112	8429.0
113	8429.0
114	8429.0
115	19425.0
116	19425.0
117	19425.0
118	19425.0
119	19425.0
120	10095.0
121	10095.0
122	10095.0
123	10095.0
124	10095.0
125	19939.0
126	19939.0
127	19939.0
128	19939.0
129	19939.0
130	3144.0
131	3144.0
132	3144.0
133	3144.0
134	3144.0
135	6305.0
136	6305.0
137	6305.0
138	6305.0
139	6305.0
140	20386.0
141	20386.0
142	20386.0
143	20386.0
144	20386.0
145	4804.0
146	4804.0
147	4804.0
148	4804.0
149	4804.0
150	22865.0
151	22865.0
152	22865.0
153	22865.0
154	22865.0
155	9880.0
156	9880.0
157	9880.0
158	9880.0
159	9880.0
160	23741.0
161	23741.0
162	23741.0
163	23741.0
164	23741.0
165	4305.0
166	4305.0
167	4305.0
168	4305.0
169	4305.0
170	21283.0
171	21283.0
172	21283.0
173	21283.0
174	21283.0
175	11143.0
176	11143.0
177	11143.0
178	11143.0
179	11143.0
180	14848.0
181	14848.0
182	14848.0
183	14848.0
184	14848.0
185	21875.0
186	21875.0
187	21875.0
188	21875.0
189	21875.0
190	23749.0
191	23749.0
192	23749.0
193	23749.0
194	23749.0
195	18184.0
196	18184.0
197	18184.0
198	18184.0
199	18184.0
200	9457.0
201	9457.0
202	9457.0
203	9457.0
204	9457.0
205	4072.0
206	4072.0
207	4072.0
208	4072.0
209	4072.0
210	3086.0
211	3086.0
212	3086.0
213	3086.0
214	3086.0
215	22321.0
216	22321.0
217	22321.0
218	22321.0
219	22321.0
220	17576.0
221	17576.0
222	17576.0
223	17576.0
224	17576.0
225	6262.0
226	6262.0
227	6262.0
228	6262.0
229	6262.0
230	10814.0
231	10814.0
232	10814.0
233	10814.0
234	10814.0
235	20794.0
236	20794.0
237	20794.0
238	20794.0
239	20794.0
240	11288.0
241	11288.0
242	11288.0
243	11288.0
244	11288.0
245	384.0
246	384.0
247	384.0
248	384.0
249	384.0
