0	1516.0
1	1516.0
2	1516.0
3	1516.0
4	1516.0
5	22038.0
6	22038.0
7	22038.0
8	22038.0
9	22038.0
10	7551.0
11	7551.0
12	7551.0
13	7551.0
14	7551.0
15	4028.0
16	4028.0
17	4028.0
18	4028.0
19	4028.0
20	16785.0
21	16785.0
22	16785.0
23	16785.0
24	16785.0
25	22686.0
26	22686.0
27	22686.0
28	22686.0
29	22686.0
30	10000.0
31	10000.0
32	10000.0
33	10000.0
34	10000.0
35	18204.0
36	18204.0
37	18204.0
38	18204.0
39	18204.0
40	20244.0
41	20244.0
42	20244.0
43	20244.0
44	20244.0
45	324.0
46	324.0
47	324.0
48	324.0
49	324.0
50	22962.0
51	22962.0
52	22962.0
53	22962.0
54	22962.0
55	22621.0
56	22621.0
57	22621.0
58	22621.0
59	22621.0
60	6179.0
61	6179.0
62	6179.0
63	6179.0
64	6179.0
65	19807.0
66	19807.0
67	19807.0
68	19807.0
69	19807.0
70	1591.0
71	1591.0
72	1591.0
73	1591.0
74	1591.0
75	6782.0
76	6782.0
77	6782.0
78	6782.0
79	6782.0
80	9317.0
81	9317.0
82	9317.0
83	9317.0
84	9317.0
85	9416.0
86	9416.0
87	9416.0
88	9416.0
89	9416.0
90	18039.0
91	18039.0
92	18039.0
93	18039.0
94	18039.0
95	21599.0
96	21599.0
97	21599.0
98	21599.0
99	21599.0
100	15716.0
101	15716.0
102	15716.0
103	15716.0
104	15716.0
105	12168.0
106	12168.0
107	12168.0
108	12168.0
109	12168.0
110	20777.0
111	20777.0
112	20777.0
113	20777.0
114	20777.0
115	6867.0
116	6867.0
117	6867.0
118	6867.0
119	6867.0
120	14709.0
121	14709.0
122	14709.0
123	14709.0
124	14709.0
125	15085.0
126	15085.0
127	15085.0
128	15085.0
129	15085.0
130	4967.0
131	4967.0
132	4967.0
133	4967.0
134	4967.0
135	3965.0
136	3965.0
137	3965.0
138	3965.0
139	3965.0
140	24331.0
141	24331.0
142	24331.0
143	24331.0
144	24331.0
145	16574.0
146	16574.0
147	16574.0
148	16574.0
149	16574.0
150	13342.0
151	13342.0
152	13342.0
153	13342.0
154	13342.0
155	13450.0
156	13450.0
157	13450.0
158	13450.0
159	13450.0
160	1151.0
161	1151.0
162	1151.0
163	1151.0
164	1151.0
165	273.0
166	273.0
167	273.0
168	273.0
169	273.0
170	3925.0
171	3925.0
172	3925.0
173	3925.0
174	3925.0
175	8040.0
176	8040.0
177	8040.0
178	8040.0
179	8040.0
180	17758.0
181	17758.0
182	17758.0
183	17758.0
184	17758.0
185	13101.0
186	13101.0
187	13101.0
188	13101.0
189	13101.0
190	15629.0
191	15629.0
192	15629.0
193	15629.0
194	15629.0
195	13963.0
196	13963.0
197	13963.0
198	13963.0
199	13963.0
200	4742.0
201	4742.0
202	4742.0
203	4742.0
204	4742.0
205	6704.0
206	6704.0
207	6704.0
208	6704.0
209	6704.0
210	16105.0
211	16105.0
212	16105.0
213	16105.0
214	16105.0
215	7367.0
216	7367.0
217	7367.0
218	7367.0
219	7367.0
220	6423.0
221	6423.0
222	6423.0
223	6423.0
224	6423.0
225	7198.0
226	7198.0
227	7198.0
228	7198.0
229	7198.0
230	9941.0
231	9941.0
232	9941.0
233	9941.0
234	9941.0
235	20878.0
236	20878.0
237	20878.0
238	20878.0
239	20878.0
240	23552.0
241	23552.0
242	23552.0
243	23552.0
244	23552.0
245	22590.0
246	22590.0
247	22590.0
248	22590.0
249	22590.0
