0	20391.0
1	20391.0
2	20391.0
3	20391.0
4	20391.0
5	15478.0
6	15478.0
7	15478.0
8	15478.0
9	15478.0
10	5882.0
11	5882.0
12	5882.0
13	5882.0
14	5882.0
15	6097.0
16	6097.0
17	6097.0
18	6097.0
19	6097.0
20	17016.0
21	17016.0
22	17016.0
23	17016.0
24	17016.0
25	19978.0
26	19978.0
27	19978.0
28	19978.0
29	19978.0
30	4495.0
31	4495.0
32	4495.0
33	4495.0
34	4495.0
35	14152.0
36	14152.0
37	14152.0
38	14152.0
39	14152.0
40	6493.0
41	6493.0
42	6493.0
43	6493.0
44	6493.0
45	4939.0
46	4939.0
47	4939.0
48	4939.0
49	4939.0
50	5129.0
51	5129.0
52	5129.0
53	5129.0
54	5129.0
55	13017.0
56	13017.0
57	13017.0
58	13017.0
59	13017.0
60	14054.0
61	14054.0
62	14054.0
63	14054.0
64	14054.0
65	16840.0
66	16840.0
67	16840.0
68	16840.0
69	16840.0
70	20547.0
71	20547.0
72	20547.0
73	20547.0
74	20547.0
75	13920.0
76	13920.0
77	13920.0
78	13920.0
79	13920.0
80	18562.0
81	18562.0
82	18562.0
83	18562.0
84	18562.0
85	14069.0
86	14069.0
87	14069.0
88	14069.0
89	14069.0
90	16182.0
91	16182.0
92	16182.0
93	16182.0
94	16182.0
95	15761.0
96	15761.0
97	15761.0
98	15761.0
99	15761.0
100	15372.0
101	15372.0
102	15372.0
103	15372.0
104	15372.0
105	10909.0
106	10909.0
107	10909.0
108	10909.0
109	10909.0
110	7898.0
111	7898.0
112	7898.0
113	7898.0
114	7898.0
115	17391.0
116	17391.0
117	17391.0
118	17391.0
119	17391.0
120	9665.0
121	9665.0
122	9665.0
123	9665.0
124	9665.0
125	6179.0
126	6179.0
127	6179.0
128	6179.0
129	6179.0
130	4405.0
131	4405.0
132	4405.0
133	4405.0
134	4405.0
135	7477.0
136	7477.0
137	7477.0
138	7477.0
139	7477.0
140	15402.0
141	15402.0
142	15402.0
143	15402.0
144	15402.0
145	14502.0
146	14502.0
147	14502.0
148	14502.0
149	14502.0
150	7248.0
151	7248.0
152	7248.0
153	7248.0
154	7248.0
155	15232.0
156	15232.0
157	15232.0
158	15232.0
159	15232.0
160	7193.0
161	7193.0
162	7193.0
163	7193.0
164	7193.0
165	21297.0
166	21297.0
167	21297.0
168	21297.0
169	21297.0
170	6051.0
171	6051.0
172	6051.0
173	6051.0
174	6051.0
175	13720.0
176	13720.0
177	13720.0
178	13720.0
179	13720.0
180	13138.0
181	13138.0
182	13138.0
183	13138.0
184	13138.0
185	17142.0
186	17142.0
187	17142.0
188	17142.0
189	17142.0
190	19318.0
191	19318.0
192	19318.0
193	19318.0
194	19318.0
195	6273.0
196	6273.0
197	6273.0
198	6273.0
199	6273.0
200	15995.0
201	15995.0
202	15995.0
203	15995.0
204	15995.0
205	14220.0
206	14220.0
207	14220.0
208	14220.0
209	14220.0
210	2732.0
211	2732.0
212	2732.0
213	2732.0
214	2732.0
215	20567.0
216	20567.0
217	20567.0
218	20567.0
219	20567.0
220	12518.0
221	12518.0
222	12518.0
223	12518.0
224	12518.0
225	3265.0
226	3265.0
227	3265.0
228	3265.0
229	3265.0
230	3469.0
231	3469.0
232	3469.0
233	3469.0
234	3469.0
235	439.0
236	439.0
237	439.0
238	439.0
239	439.0
240	7184.0
241	7184.0
242	7184.0
243	7184.0
244	7184.0
245	6905.0
246	6905.0
247	6905.0
248	6905.0
249	6905.0
