0	451757.0
1	451757.0
2	451757.0
3	451757.0
4	451757.0
5	221318.0
6	221318.0
7	221318.0
8	221318.0
9	221318.0
10	14088.0
11	14088.0
12	14088.0
13	14088.0
14	14088.0
15	129062.0
16	129062.0
17	129062.0
18	129062.0
19	129062.0
20	451256.0
21	451256.0
22	451256.0
23	451256.0
24	451256.0
25	40928.0
26	40928.0
27	40928.0
28	40928.0
29	40928.0
30	283362.0
31	283362.0
32	283362.0
33	283362.0
34	283362.0
35	512322.0
36	512322.0
37	512322.0
38	512322.0
39	512322.0
40	343087.0
41	343087.0
42	343087.0
43	343087.0
44	343087.0
45	7465.0
46	7465.0
47	7465.0
48	7465.0
49	7465.0
50	405489.0
51	405489.0
52	405489.0
53	405489.0
54	405489.0
55	230596.0
56	230596.0
57	230596.0
58	230596.0
59	230596.0
60	417867.0
61	417867.0
62	417867.0
63	417867.0
64	417867.0
65	114593.0
66	114593.0
67	114593.0
68	114593.0
69	114593.0
70	448572.0
71	448572.0
72	448572.0
73	448572.0
74	448572.0
75	422306.0
76	422306.0
77	422306.0
78	422306.0
79	422306.0
80	4765.0
81	4765.0
82	4765.0
83	4765.0
84	4765.0
85	128639.0
86	128639.0
87	128639.0
88	128639.0
89	128639.0
90	364114.0
91	364114.0
92	364114.0
93	364114.0
94	364114.0
95	72784.0
96	72784.0
97	72784.0
98	72784.0
99	72784.0
100	314901.0
101	314901.0
102	314901.0
103	314901.0
104	314901.0
105	408475.0
106	408475.0
107	408475.0
108	408475.0
109	408475.0
110	258718.0
111	258718.0
112	258718.0
113	258718.0
114	258718.0
115	323503.0
116	323503.0
117	323503.0
118	323503.0
119	323503.0
120	240119.0
121	240119.0
122	240119.0
123	240119.0
124	240119.0
125	119031.0
126	119031.0
127	119031.0
128	119031.0
129	119031.0
130	140644.0
131	140644.0
132	140644.0
133	140644.0
134	140644.0
135	531006.0
136	531006.0
137	531006.0
138	531006.0
139	531006.0
140	92521.0
141	92521.0
142	92521.0
143	92521.0
144	92521.0
145	355793.0
146	355793.0
147	355793.0
148	355793.0
149	355793.0
150	518785.0
151	518785.0
152	518785.0
153	518785.0
154	518785.0
155	174894.0
156	174894.0
157	174894.0
158	174894.0
159	174894.0
160	470345.0
161	470345.0
162	470345.0
163	470345.0
164	470345.0
165	79379.0
166	79379.0
167	79379.0
168	79379.0
169	79379.0
170	59745.0
171	59745.0
172	59745.0
173	59745.0
174	59745.0
175	371209.0
176	371209.0
177	371209.0
178	371209.0
179	371209.0
180	312989.0
181	312989.0
182	312989.0
183	312989.0
184	312989.0
185	346039.0
186	346039.0
187	346039.0
188	346039.0
189	346039.0
190	288824.0
191	288824.0
192	288824.0
193	288824.0
194	288824.0
195	263155.0
196	263155.0
197	263155.0
198	263155.0
199	263155.0
200	444479.0
201	444479.0
202	444479.0
203	444479.0
204	444479.0
205	385395.0
206	385395.0
207	385395.0
208	385395.0
209	385395.0
210	203439.0
211	203439.0
212	203439.0
213	203439.0
214	203439.0
215	395543.0
216	395543.0
217	395543.0
218	395543.0
219	395543.0
220	84754.0
221	84754.0
222	84754.0
223	84754.0
224	84754.0
225	509619.0
226	509619.0
227	509619.0
228	509619.0
229	509619.0
230	303464.0
231	303464.0
232	303464.0
233	303464.0
234	303464.0
235	492855.0
236	492855.0
237	492855.0
238	492855.0
239	492855.0
240	112746.0
241	112746.0
242	112746.0
243	112746.0
244	112746.0
245	279627.0
246	279627.0
247	279627.0
248	279627.0
249	279627.0
