0	327405.0
1	327405.0
2	327405.0
3	327405.0
4	327405.0
5	337721.0
6	337721.0
7	337721.0
8	337721.0
9	337721.0
10	144343.0
11	144343.0
12	144343.0
13	144343.0
14	144343.0
15	115640.0
16	115640.0
17	115640.0
18	115640.0
19	115640.0
20	275462.0
21	275462.0
22	275462.0
23	275462.0
24	275462.0
25	366122.0
26	366122.0
27	366122.0
28	366122.0
29	366122.0
30	383196.0
31	383196.0
32	383196.0
33	383196.0
34	383196.0
35	383642.0
36	383642.0
37	383642.0
38	383642.0
39	383642.0
40	10141.0
41	10141.0
42	10141.0
43	10141.0
44	10141.0
45	294556.0
46	294556.0
47	294556.0
48	294556.0
49	294556.0
50	5714.0
51	5714.0
52	5714.0
53	5714.0
54	5714.0
55	27189.0
56	27189.0
57	27189.0
58	27189.0
59	27189.0
60	152094.0
61	152094.0
62	152094.0
63	152094.0
64	152094.0
65	278413.0
66	278413.0
67	278413.0
68	278413.0
69	278413.0
70	99500.0
71	99500.0
72	99500.0
73	99500.0
74	99500.0
75	328993.0
76	328993.0
77	328993.0
78	328993.0
79	328993.0
80	138390.0
81	138390.0
82	138390.0
83	138390.0
84	138390.0
85	230299.0
86	230299.0
87	230299.0
88	230299.0
89	230299.0
90	364487.0
91	364487.0
92	364487.0
93	364487.0
94	364487.0
95	264813.0
96	264813.0
97	264813.0
98	264813.0
99	264813.0
100	62176.0
101	62176.0
102	62176.0
103	62176.0
104	62176.0
105	339186.0
106	339186.0
107	339186.0
108	339186.0
109	339186.0
110	397024.0
111	397024.0
112	397024.0
113	397024.0
114	397024.0
115	198761.0
116	198761.0
117	198761.0
118	198761.0
119	198761.0
120	382216.0
121	382216.0
122	382216.0
123	382216.0
124	382216.0
125	54641.0
126	54641.0
127	54641.0
128	54641.0
129	54641.0
130	250467.0
131	250467.0
132	250467.0
133	250467.0
134	250467.0
135	258333.0
136	258333.0
137	258333.0
138	258333.0
139	258333.0
140	315930.0
141	315930.0
142	315930.0
143	315930.0
144	315930.0
145	234646.0
146	234646.0
147	234646.0
148	234646.0
149	234646.0
150	353141.0
151	353141.0
152	353141.0
153	353141.0
154	353141.0
155	207826.0
156	207826.0
157	207826.0
158	207826.0
159	207826.0
160	26580.0
161	26580.0
162	26580.0
163	26580.0
164	26580.0
165	365571.0
166	365571.0
167	365571.0
168	365571.0
169	365571.0
170	92578.0
171	92578.0
172	92578.0
173	92578.0
174	92578.0
175	47437.0
176	47437.0
177	47437.0
178	47437.0
179	47437.0
180	224841.0
181	224841.0
182	224841.0
183	224841.0
184	224841.0
185	84300.0
186	84300.0
187	84300.0
188	84300.0
189	84300.0
190	226473.0
191	226473.0
192	226473.0
193	226473.0
194	226473.0
195	306289.0
196	306289.0
197	306289.0
198	306289.0
199	306289.0
200	61364.0
201	61364.0
202	61364.0
203	61364.0
204	61364.0
205	321046.0
206	321046.0
207	321046.0
208	321046.0
209	321046.0
210	158037.0
211	158037.0
212	158037.0
213	158037.0
214	158037.0
215	123205.0
216	123205.0
217	123205.0
218	123205.0
219	123205.0
220	78196.0
221	78196.0
222	78196.0
223	78196.0
224	78196.0
225	20425.0
226	20425.0
227	20425.0
228	20425.0
229	20425.0
230	79107.0
231	79107.0
232	79107.0
233	79107.0
234	79107.0
235	222058.0
236	222058.0
237	222058.0
238	222058.0
239	222058.0
240	339013.0
241	339013.0
242	339013.0
243	339013.0
244	339013.0
245	327018.0
246	327018.0
247	327018.0
248	327018.0
249	327018.0
