0	99698.0
1	99698.0
2	99698.0
3	99698.0
4	99698.0
5	49549.0
6	49549.0
7	49549.0
8	49549.0
9	49549.0
10	63634.0
11	63634.0
12	63634.0
13	63634.0
14	63634.0
15	396846.0
16	396846.0
17	396846.0
18	396846.0
19	396846.0
20	573515.0
21	573515.0
22	573515.0
23	573515.0
24	573515.0
25	250876.0
26	250876.0
27	250876.0
28	250876.0
29	250876.0
30	133594.0
31	133594.0
32	133594.0
33	133594.0
34	133594.0
35	179526.0
36	179526.0
37	179526.0
38	179526.0
39	179526.0
40	364128.0
41	364128.0
42	364128.0
43	364128.0
44	364128.0
45	77633.0
46	77633.0
47	77633.0
48	77633.0
49	77633.0
50	512033.0
51	512033.0
52	512033.0
53	512033.0
54	512033.0
55	168486.0
56	168486.0
57	168486.0
58	168486.0
59	168486.0
60	260302.0
61	260302.0
62	260302.0
63	260302.0
64	260302.0
65	536063.0
66	536063.0
67	536063.0
68	536063.0
69	536063.0
70	54808.0
71	54808.0
72	54808.0
73	54808.0
74	54808.0
75	578223.0
76	578223.0
77	578223.0
78	578223.0
79	578223.0
80	322365.0
81	322365.0
82	322365.0
83	322365.0
84	322365.0
85	482423.0
86	482423.0
87	482423.0
88	482423.0
89	482423.0
90	31657.0
91	31657.0
92	31657.0
93	31657.0
94	31657.0
95	586205.0
96	586205.0
97	586205.0
98	586205.0
99	586205.0
100	474014.0
101	474014.0
102	474014.0
103	474014.0
104	474014.0
105	57634.0
106	57634.0
107	57634.0
108	57634.0
109	57634.0
110	293672.0
111	293672.0
112	293672.0
113	293672.0
114	293672.0
115	414562.0
116	414562.0
117	414562.0
118	414562.0
119	414562.0
120	429611.0
121	429611.0
122	429611.0
123	429611.0
124	429611.0
125	470233.0
126	470233.0
127	470233.0
128	470233.0
129	470233.0
130	434569.0
131	434569.0
132	434569.0
133	434569.0
134	434569.0
135	139168.0
136	139168.0
137	139168.0
138	139168.0
139	139168.0
140	294616.0
141	294616.0
142	294616.0
143	294616.0
144	294616.0
145	270629.0
146	270629.0
147	270629.0
148	270629.0
149	270629.0
150	231605.0
151	231605.0
152	231605.0
153	231605.0
154	231605.0
155	302673.0
156	302673.0
157	302673.0
158	302673.0
159	302673.0
160	256824.0
161	256824.0
162	256824.0
163	256824.0
164	256824.0
165	503616.0
166	503616.0
167	503616.0
168	503616.0
169	503616.0
170	141779.0
171	141779.0
172	141779.0
173	141779.0
174	141779.0
175	82620.0
176	82620.0
177	82620.0
178	82620.0
179	82620.0
180	105060.0
181	105060.0
182	105060.0
183	105060.0
184	105060.0
185	222443.0
186	222443.0
187	222443.0
188	222443.0
189	222443.0
190	563878.0
191	563878.0
192	563878.0
193	563878.0
194	563878.0
195	484722.0
196	484722.0
197	484722.0
198	484722.0
199	484722.0
200	71945.0
201	71945.0
202	71945.0
203	71945.0
204	71945.0
205	591722.0
206	591722.0
207	591722.0
208	591722.0
209	591722.0
210	283710.0
211	283710.0
212	283710.0
213	283710.0
214	283710.0
215	388057.0
216	388057.0
217	388057.0
218	388057.0
219	388057.0
220	352874.0
221	352874.0
222	352874.0
223	352874.0
224	352874.0
225	309492.0
226	309492.0
227	309492.0
228	309492.0
229	309492.0
230	309008.0
231	309008.0
232	309008.0
233	309008.0
234	309008.0
235	319699.0
236	319699.0
237	319699.0
238	319699.0
239	319699.0
240	455360.0
241	455360.0
242	455360.0
243	455360.0
244	455360.0
245	494458.0
246	494458.0
247	494458.0
248	494458.0
249	494458.0
