0	225107.0
1	225107.0
2	225107.0
3	225107.0
4	225107.0
5	284214.0
6	284214.0
7	284214.0
8	284214.0
9	284214.0
10	315031.0
11	315031.0
12	315031.0
13	315031.0
14	315031.0
15	125750.0
16	125750.0
17	125750.0
18	125750.0
19	125750.0
20	91610.0
21	91610.0
22	91610.0
23	91610.0
24	91610.0
25	543431.0
26	543431.0
27	543431.0
28	543431.0
29	543431.0
30	34675.0
31	34675.0
32	34675.0
33	34675.0
34	34675.0
35	157776.0
36	157776.0
37	157776.0
38	157776.0
39	157776.0
40	505485.0
41	505485.0
42	505485.0
43	505485.0
44	505485.0
45	457107.0
46	457107.0
47	457107.0
48	457107.0
49	457107.0
50	272494.0
51	272494.0
52	272494.0
53	272494.0
54	272494.0
55	66153.0
56	66153.0
57	66153.0
58	66153.0
59	66153.0
60	559367.0
61	559367.0
62	559367.0
63	559367.0
64	559367.0
65	385328.0
66	385328.0
67	385328.0
68	385328.0
69	385328.0
70	214458.0
71	214458.0
72	214458.0
73	214458.0
74	214458.0
75	101470.0
76	101470.0
77	101470.0
78	101470.0
79	101470.0
80	112739.0
81	112739.0
82	112739.0
83	112739.0
84	112739.0
85	272259.0
86	272259.0
87	272259.0
88	272259.0
89	272259.0
90	527150.0
91	527150.0
92	527150.0
93	527150.0
94	527150.0
95	474311.0
96	474311.0
97	474311.0
98	474311.0
99	474311.0
100	515931.0
101	515931.0
102	515931.0
103	515931.0
104	515931.0
105	129585.0
106	129585.0
107	129585.0
108	129585.0
109	129585.0
110	283294.0
111	283294.0
112	283294.0
113	283294.0
114	283294.0
115	185860.0
116	185860.0
117	185860.0
118	185860.0
119	185860.0
120	391659.0
121	391659.0
122	391659.0
123	391659.0
124	391659.0
125	121383.0
126	121383.0
127	121383.0
128	121383.0
129	121383.0
130	283078.0
131	283078.0
132	283078.0
133	283078.0
134	283078.0
135	149879.0
136	149879.0
137	149879.0
138	149879.0
139	149879.0
140	290772.0
141	290772.0
142	290772.0
143	290772.0
144	290772.0
145	1468.0
146	1468.0
147	1468.0
148	1468.0
149	1468.0
150	58721.0
151	58721.0
152	58721.0
153	58721.0
154	58721.0
155	344322.0
156	344322.0
157	344322.0
158	344322.0
159	344322.0
160	175311.0
161	175311.0
162	175311.0
163	175311.0
164	175311.0
165	76.0
166	76.0
167	76.0
168	76.0
169	76.0
170	11235.0
171	11235.0
172	11235.0
173	11235.0
174	11235.0
175	199710.0
176	199710.0
177	199710.0
178	199710.0
179	199710.0
180	293588.0
181	293588.0
182	293588.0
183	293588.0
184	293588.0
185	538303.0
186	538303.0
187	538303.0
188	538303.0
189	538303.0
190	223388.0
191	223388.0
192	223388.0
193	223388.0
194	223388.0
195	68458.0
196	68458.0
197	68458.0
198	68458.0
199	68458.0
200	591353.0
201	591353.0
202	591353.0
203	591353.0
204	591353.0
205	563862.0
206	563862.0
207	563862.0
208	563862.0
209	563862.0
210	252718.0
211	252718.0
212	252718.0
213	252718.0
214	252718.0
215	516657.0
216	516657.0
217	516657.0
218	516657.0
219	516657.0
220	416146.0
221	416146.0
222	416146.0
223	416146.0
224	416146.0
225	428035.0
226	428035.0
227	428035.0
228	428035.0
229	428035.0
230	211394.0
231	211394.0
232	211394.0
233	211394.0
234	211394.0
235	160320.0
236	160320.0
237	160320.0
238	160320.0
239	160320.0
240	95481.0
241	95481.0
242	95481.0
243	95481.0
244	95481.0
245	429371.0
246	429371.0
247	429371.0
248	429371.0
249	429371.0
