0	80120.0
1	80120.0
2	80120.0
3	80120.0
4	80120.0
5	297007.0
6	297007.0
7	297007.0
8	297007.0
9	297007.0
10	262376.0
11	262376.0
12	262376.0
13	262376.0
14	262376.0
15	473053.0
16	473053.0
17	473053.0
18	473053.0
19	473053.0
20	120519.0
21	120519.0
22	120519.0
23	120519.0
24	120519.0
25	213205.0
26	213205.0
27	213205.0
28	213205.0
29	213205.0
30	470075.0
31	470075.0
32	470075.0
33	470075.0
34	470075.0
35	489714.0
36	489714.0
37	489714.0
38	489714.0
39	489714.0
40	9332.0
41	9332.0
42	9332.0
43	9332.0
44	9332.0
45	97629.0
46	97629.0
47	97629.0
48	97629.0
49	97629.0
50	377929.0
51	377929.0
52	377929.0
53	377929.0
54	377929.0
55	496508.0
56	496508.0
57	496508.0
58	496508.0
59	496508.0
60	471009.0
61	471009.0
62	471009.0
63	471009.0
64	471009.0
65	368032.0
66	368032.0
67	368032.0
68	368032.0
69	368032.0
70	120080.0
71	120080.0
72	120080.0
73	120080.0
74	120080.0
75	427288.0
76	427288.0
77	427288.0
78	427288.0
79	427288.0
80	78091.0
81	78091.0
82	78091.0
83	78091.0
84	78091.0
85	266005.0
86	266005.0
87	266005.0
88	266005.0
89	266005.0
90	11006.0
91	11006.0
92	11006.0
93	11006.0
94	11006.0
95	139392.0
96	139392.0
97	139392.0
98	139392.0
99	139392.0
100	190554.0
101	190554.0
102	190554.0
103	190554.0
104	190554.0
105	174176.0
106	174176.0
107	174176.0
108	174176.0
109	174176.0
110	452110.0
111	452110.0
112	452110.0
113	452110.0
114	452110.0
115	502974.0
116	502974.0
117	502974.0
118	502974.0
119	502974.0
120	549603.0
121	549603.0
122	549603.0
123	549603.0
124	549603.0
125	101781.0
126	101781.0
127	101781.0
128	101781.0
129	101781.0
130	330014.0
131	330014.0
132	330014.0
133	330014.0
134	330014.0
135	12618.0
136	12618.0
137	12618.0
138	12618.0
139	12618.0
140	557097.0
141	557097.0
142	557097.0
143	557097.0
144	557097.0
145	175178.0
146	175178.0
147	175178.0
148	175178.0
149	175178.0
150	535224.0
151	535224.0
152	535224.0
153	535224.0
154	535224.0
155	553014.0
156	553014.0
157	553014.0
158	553014.0
159	553014.0
160	496482.0
161	496482.0
162	496482.0
163	496482.0
164	496482.0
165	463512.0
166	463512.0
167	463512.0
168	463512.0
169	463512.0
170	145764.0
171	145764.0
172	145764.0
173	145764.0
174	145764.0
175	11762.0
176	11762.0
177	11762.0
178	11762.0
179	11762.0
180	49970.0
181	49970.0
182	49970.0
183	49970.0
184	49970.0
185	328045.0
186	328045.0
187	328045.0
188	328045.0
189	328045.0
190	90704.0
191	90704.0
192	90704.0
193	90704.0
194	90704.0
195	421084.0
196	421084.0
197	421084.0
198	421084.0
199	421084.0
200	505224.0
201	505224.0
202	505224.0
203	505224.0
204	505224.0
205	339952.0
206	339952.0
207	339952.0
208	339952.0
209	339952.0
210	34258.0
211	34258.0
212	34258.0
213	34258.0
214	34258.0
215	112014.0
216	112014.0
217	112014.0
218	112014.0
219	112014.0
220	464360.0
221	464360.0
222	464360.0
223	464360.0
224	464360.0
225	194924.0
226	194924.0
227	194924.0
228	194924.0
229	194924.0
230	100091.0
231	100091.0
232	100091.0
233	100091.0
234	100091.0
235	379721.0
236	379721.0
237	379721.0
238	379721.0
239	379721.0
240	285808.0
241	285808.0
242	285808.0
243	285808.0
244	285808.0
245	54447.0
246	54447.0
247	54447.0
248	54447.0
249	54447.0
