0	572532.0
1	572532.0
2	572532.0
3	572532.0
4	572532.0
5	639103.0
6	639103.0
7	639103.0
8	639103.0
9	639103.0
10	5196.0
11	5196.0
12	5196.0
13	5196.0
14	5196.0
15	181879.0
16	181879.0
17	181879.0
18	181879.0
19	181879.0
20	552146.0
21	552146.0
22	552146.0
23	552146.0
24	552146.0
25	507506.0
26	507506.0
27	507506.0
28	507506.0
29	507506.0
30	301469.0
31	301469.0
32	301469.0
33	301469.0
34	301469.0
35	64361.0
36	64361.0
37	64361.0
38	64361.0
39	64361.0
40	268435.0
41	268435.0
42	268435.0
43	268435.0
44	268435.0
45	8105.0
46	8105.0
47	8105.0
48	8105.0
49	8105.0
50	630774.0
51	630774.0
52	630774.0
53	630774.0
54	630774.0
55	155864.0
56	155864.0
57	155864.0
58	155864.0
59	155864.0
60	312394.0
61	312394.0
62	312394.0
63	312394.0
64	312394.0
65	272800.0
66	272800.0
67	272800.0
68	272800.0
69	272800.0
70	184788.0
71	184788.0
72	184788.0
73	184788.0
74	184788.0
75	560400.0
76	560400.0
77	560400.0
78	560400.0
79	560400.0
80	375908.0
81	375908.0
82	375908.0
83	375908.0
84	375908.0
85	533816.0
86	533816.0
87	533816.0
88	533816.0
89	533816.0
90	644280.0
91	644280.0
92	644280.0
93	644280.0
94	644280.0
95	95027.0
96	95027.0
97	95027.0
98	95027.0
99	95027.0
100	669644.0
101	669644.0
102	669644.0
103	669644.0
104	669644.0
105	608571.0
106	608571.0
107	608571.0
108	608571.0
109	608571.0
110	521508.0
111	521508.0
112	521508.0
113	521508.0
114	521508.0
115	384500.0
116	384500.0
117	384500.0
118	384500.0
119	384500.0
120	203636.0
121	203636.0
122	203636.0
123	203636.0
124	203636.0
125	468505.0
126	468505.0
127	468505.0
128	468505.0
129	468505.0
130	525629.0
131	525629.0
132	525629.0
133	525629.0
134	525629.0
135	320337.0
136	320337.0
137	320337.0
138	320337.0
139	320337.0
140	520770.0
141	520770.0
142	520770.0
143	520770.0
144	520770.0
145	481241.0
146	481241.0
147	481241.0
148	481241.0
149	481241.0
150	236818.0
151	236818.0
152	236818.0
153	236818.0
154	236818.0
155	197871.0
156	197871.0
157	197871.0
158	197871.0
159	197871.0
160	599308.0
161	599308.0
162	599308.0
163	599308.0
164	599308.0
165	530197.0
166	530197.0
167	530197.0
168	530197.0
169	530197.0
170	202748.0
171	202748.0
172	202748.0
173	202748.0
174	202748.0
175	130313.0
176	130313.0
177	130313.0
178	130313.0
179	130313.0
180	244620.0
181	244620.0
182	244620.0
183	244620.0
184	244620.0
185	632182.0
186	632182.0
187	632182.0
188	632182.0
189	632182.0
190	28209.0
191	28209.0
192	28209.0
193	28209.0
194	28209.0
195	19592.0
196	19592.0
197	19592.0
198	19592.0
199	19592.0
200	397384.0
201	397384.0
202	397384.0
203	397384.0
204	397384.0
205	534414.0
206	534414.0
207	534414.0
208	534414.0
209	534414.0
210	14572.0
211	14572.0
212	14572.0
213	14572.0
214	14572.0
215	583183.0
216	583183.0
217	583183.0
218	583183.0
219	583183.0
220	673073.0
221	673073.0
222	673073.0
223	673073.0
224	673073.0
225	628754.0
226	628754.0
227	628754.0
228	628754.0
229	628754.0
230	119078.0
231	119078.0
232	119078.0
233	119078.0
234	119078.0
235	608511.0
236	608511.0
237	608511.0
238	608511.0
239	608511.0
240	199046.0
241	199046.0
242	199046.0
243	199046.0
244	199046.0
245	98121.0
246	98121.0
247	98121.0
248	98121.0
249	98121.0
