0	319805.0
1	319805.0
2	319805.0
3	319805.0
4	319805.0
5	515698.0
6	515698.0
7	515698.0
8	515698.0
9	515698.0
10	155250.0
11	155250.0
12	155250.0
13	155250.0
14	155250.0
15	174358.0
16	174358.0
17	174358.0
18	174358.0
19	174358.0
20	628184.0
21	628184.0
22	628184.0
23	628184.0
24	628184.0
25	398699.0
26	398699.0
27	398699.0
28	398699.0
29	398699.0
30	428376.0
31	428376.0
32	428376.0
33	428376.0
34	428376.0
35	537059.0
36	537059.0
37	537059.0
38	537059.0
39	537059.0
40	220364.0
41	220364.0
42	220364.0
43	220364.0
44	220364.0
45	429188.0
46	429188.0
47	429188.0
48	429188.0
49	429188.0
50	115752.0
51	115752.0
52	115752.0
53	115752.0
54	115752.0
55	311330.0
56	311330.0
57	311330.0
58	311330.0
59	311330.0
60	502461.0
61	502461.0
62	502461.0
63	502461.0
64	502461.0
65	51961.0
66	51961.0
67	51961.0
68	51961.0
69	51961.0
70	562674.0
71	562674.0
72	562674.0
73	562674.0
74	562674.0
75	551385.0
76	551385.0
77	551385.0
78	551385.0
79	551385.0
80	183993.0
81	183993.0
82	183993.0
83	183993.0
84	183993.0
85	395068.0
86	395068.0
87	395068.0
88	395068.0
89	395068.0
90	344792.0
91	344792.0
92	344792.0
93	344792.0
94	344792.0
95	471451.0
96	471451.0
97	471451.0
98	471451.0
99	471451.0
100	550422.0
101	550422.0
102	550422.0
103	550422.0
104	550422.0
105	322132.0
106	322132.0
107	322132.0
108	322132.0
109	322132.0
110	97043.0
111	97043.0
112	97043.0
113	97043.0
114	97043.0
115	318645.0
116	318645.0
117	318645.0
118	318645.0
119	318645.0
120	618724.0
121	618724.0
122	618724.0
123	618724.0
124	618724.0
125	600181.0
126	600181.0
127	600181.0
128	600181.0
129	600181.0
130	359159.0
131	359159.0
132	359159.0
133	359159.0
134	359159.0
135	432584.0
136	432584.0
137	432584.0
138	432584.0
139	432584.0
140	66028.0
141	66028.0
142	66028.0
143	66028.0
144	66028.0
145	505828.0
146	505828.0
147	505828.0
148	505828.0
149	505828.0
150	354595.0
151	354595.0
152	354595.0
153	354595.0
154	354595.0
155	574109.0
156	574109.0
157	574109.0
158	574109.0
159	574109.0
160	209212.0
161	209212.0
162	209212.0
163	209212.0
164	209212.0
165	274697.0
166	274697.0
167	274697.0
168	274697.0
169	274697.0
170	418765.0
171	418765.0
172	418765.0
173	418765.0
174	418765.0
175	449041.0
176	449041.0
177	449041.0
178	449041.0
179	449041.0
180	604705.0
181	604705.0
182	604705.0
183	604705.0
184	604705.0
185	271359.0
186	271359.0
187	271359.0
188	271359.0
189	271359.0
190	588681.0
191	588681.0
192	588681.0
193	588681.0
194	588681.0
195	431208.0
196	431208.0
197	431208.0
198	431208.0
199	431208.0
200	354668.0
201	354668.0
202	354668.0
203	354668.0
204	354668.0
205	128900.0
206	128900.0
207	128900.0
208	128900.0
209	128900.0
210	364685.0
211	364685.0
212	364685.0
213	364685.0
214	364685.0
215	371767.0
216	371767.0
217	371767.0
218	371767.0
219	371767.0
220	417616.0
221	417616.0
222	417616.0
223	417616.0
224	417616.0
225	476586.0
226	476586.0
227	476586.0
228	476586.0
229	476586.0
230	160964.0
231	160964.0
232	160964.0
233	160964.0
234	160964.0
235	265152.0
236	265152.0
237	265152.0
238	265152.0
239	265152.0
240	83024.0
241	83024.0
242	83024.0
243	83024.0
244	83024.0
245	63943.0
246	63943.0
247	63943.0
248	63943.0
249	63943.0
