0	8160.0
1	8160.0
2	8160.0
3	8160.0
4	8160.0
5	194491.0
6	194491.0
7	194491.0
8	194491.0
9	194491.0
10	399679.0
11	399679.0
12	399679.0
13	399679.0
14	399679.0
15	457370.0
16	457370.0
17	457370.0
18	457370.0
19	457370.0
20	584997.0
21	584997.0
22	584997.0
23	584997.0
24	584997.0
25	630733.0
26	630733.0
27	630733.0
28	630733.0
29	630733.0
30	303567.0
31	303567.0
32	303567.0
33	303567.0
34	303567.0
35	670265.0
36	670265.0
37	670265.0
38	670265.0
39	670265.0
40	684799.0
41	684799.0
42	684799.0
43	684799.0
44	684799.0
45	360441.0
46	360441.0
47	360441.0
48	360441.0
49	360441.0
50	41451.0
51	41451.0
52	41451.0
53	41451.0
54	41451.0
55	203407.0
56	203407.0
57	203407.0
58	203407.0
59	203407.0
60	524019.0
61	524019.0
62	524019.0
63	524019.0
64	524019.0
65	451204.0
66	451204.0
67	451204.0
68	451204.0
69	451204.0
70	558460.0
71	558460.0
72	558460.0
73	558460.0
74	558460.0
75	149982.0
76	149982.0
77	149982.0
78	149982.0
79	149982.0
80	438632.0
81	438632.0
82	438632.0
83	438632.0
84	438632.0
85	549425.0
86	549425.0
87	549425.0
88	549425.0
89	549425.0
90	402121.0
91	402121.0
92	402121.0
93	402121.0
94	402121.0
95	621626.0
96	621626.0
97	621626.0
98	621626.0
99	621626.0
100	38379.0
101	38379.0
102	38379.0
103	38379.0
104	38379.0
105	258255.0
106	258255.0
107	258255.0
108	258255.0
109	258255.0
110	700994.0
111	700994.0
112	700994.0
113	700994.0
114	700994.0
115	202676.0
116	202676.0
117	202676.0
118	202676.0
119	202676.0
120	290323.0
121	290323.0
122	290323.0
123	290323.0
124	290323.0
125	657578.0
126	657578.0
127	657578.0
128	657578.0
129	657578.0
130	117016.0
131	117016.0
132	117016.0
133	117016.0
134	117016.0
135	439695.0
136	439695.0
137	439695.0
138	439695.0
139	439695.0
140	552871.0
141	552871.0
142	552871.0
143	552871.0
144	552871.0
145	17896.0
146	17896.0
147	17896.0
148	17896.0
149	17896.0
150	260143.0
151	260143.0
152	260143.0
153	260143.0
154	260143.0
155	54804.0
156	54804.0
157	54804.0
158	54804.0
159	54804.0
160	405695.0
161	405695.0
162	405695.0
163	405695.0
164	405695.0
165	166645.0
166	166645.0
167	166645.0
168	166645.0
169	166645.0
170	52132.0
171	52132.0
172	52132.0
173	52132.0
174	52132.0
175	427573.0
176	427573.0
177	427573.0
178	427573.0
179	427573.0
180	278513.0
181	278513.0
182	278513.0
183	278513.0
184	278513.0
185	200307.0
186	200307.0
187	200307.0
188	200307.0
189	200307.0
190	144354.0
191	144354.0
192	144354.0
193	144354.0
194	144354.0
195	144352.0
196	144352.0
197	144352.0
198	144352.0
199	144352.0
200	376358.0
201	376358.0
202	376358.0
203	376358.0
204	376358.0
205	429870.0
206	429870.0
207	429870.0
208	429870.0
209	429870.0
210	321038.0
211	321038.0
212	321038.0
213	321038.0
214	321038.0
215	20708.0
216	20708.0
217	20708.0
218	20708.0
219	20708.0
220	113183.0
221	113183.0
222	113183.0
223	113183.0
224	113183.0
225	75819.0
226	75819.0
227	75819.0
228	75819.0
229	75819.0
230	115154.0
231	115154.0
232	115154.0
233	115154.0
234	115154.0
235	118766.0
236	118766.0
237	118766.0
238	118766.0
239	118766.0
240	202856.0
241	202856.0
242	202856.0
243	202856.0
244	202856.0
245	119454.0
246	119454.0
247	119454.0
248	119454.0
249	119454.0
