0	673860.0
1	673860.0
2	673860.0
3	673860.0
4	673860.0
5	439685.0
6	439685.0
7	439685.0
8	439685.0
9	439685.0
10	231977.0
11	231977.0
12	231977.0
13	231977.0
14	231977.0
15	240793.0
16	240793.0
17	240793.0
18	240793.0
19	240793.0
20	612367.0
21	612367.0
22	612367.0
23	612367.0
24	612367.0
25	367215.0
26	367215.0
27	367215.0
28	367215.0
29	367215.0
30	239182.0
31	239182.0
32	239182.0
33	239182.0
34	239182.0
35	204238.0
36	204238.0
37	204238.0
38	204238.0
39	204238.0
40	237553.0
41	237553.0
42	237553.0
43	237553.0
44	237553.0
45	499135.0
46	499135.0
47	499135.0
48	499135.0
49	499135.0
50	493043.0
51	493043.0
52	493043.0
53	493043.0
54	493043.0
55	345679.0
56	345679.0
57	345679.0
58	345679.0
59	345679.0
60	615612.0
61	615612.0
62	615612.0
63	615612.0
64	615612.0
65	580853.0
66	580853.0
67	580853.0
68	580853.0
69	580853.0
70	597842.0
71	597842.0
72	597842.0
73	597842.0
74	597842.0
75	81431.0
76	81431.0
77	81431.0
78	81431.0
79	81431.0
80	160125.0
81	160125.0
82	160125.0
83	160125.0
84	160125.0
85	473715.0
86	473715.0
87	473715.0
88	473715.0
89	473715.0
90	287218.0
91	287218.0
92	287218.0
93	287218.0
94	287218.0
95	193245.0
96	193245.0
97	193245.0
98	193245.0
99	193245.0
100	607864.0
101	607864.0
102	607864.0
103	607864.0
104	607864.0
105	9993.0
106	9993.0
107	9993.0
108	9993.0
109	9993.0
110	277825.0
111	277825.0
112	277825.0
113	277825.0
114	277825.0
115	455807.0
116	455807.0
117	455807.0
118	455807.0
119	455807.0
120	598953.0
121	598953.0
122	598953.0
123	598953.0
124	598953.0
125	237443.0
126	237443.0
127	237443.0
128	237443.0
129	237443.0
130	53469.0
131	53469.0
132	53469.0
133	53469.0
134	53469.0
135	243697.0
136	243697.0
137	243697.0
138	243697.0
139	243697.0
140	702560.0
141	702560.0
142	702560.0
143	702560.0
144	702560.0
145	268452.0
146	268452.0
147	268452.0
148	268452.0
149	268452.0
150	665261.0
151	665261.0
152	665261.0
153	665261.0
154	665261.0
155	155863.0
156	155863.0
157	155863.0
158	155863.0
159	155863.0
160	162598.0
161	162598.0
162	162598.0
163	162598.0
164	162598.0
165	8123.0
166	8123.0
167	8123.0
168	8123.0
169	8123.0
170	182213.0
171	182213.0
172	182213.0
173	182213.0
174	182213.0
175	207986.0
176	207986.0
177	207986.0
178	207986.0
179	207986.0
180	260811.0
181	260811.0
182	260811.0
183	260811.0
184	260811.0
185	268805.0
186	268805.0
187	268805.0
188	268805.0
189	268805.0
190	599751.0
191	599751.0
192	599751.0
193	599751.0
194	599751.0
195	208019.0
196	208019.0
197	208019.0
198	208019.0
199	208019.0
200	101887.0
201	101887.0
202	101887.0
203	101887.0
204	101887.0
205	44253.0
206	44253.0
207	44253.0
208	44253.0
209	44253.0
210	421276.0
211	421276.0
212	421276.0
213	421276.0
214	421276.0
215	69010.0
216	69010.0
217	69010.0
218	69010.0
219	69010.0
220	241838.0
221	241838.0
222	241838.0
223	241838.0
224	241838.0
225	435078.0
226	435078.0
227	435078.0
228	435078.0
229	435078.0
230	41737.0
231	41737.0
232	41737.0
233	41737.0
234	41737.0
235	564825.0
236	564825.0
237	564825.0
238	564825.0
239	564825.0
240	410516.0
241	410516.0
242	410516.0
243	410516.0
244	410516.0
245	273666.0
246	273666.0
247	273666.0
248	273666.0
249	273666.0
