0	338098.0
1	338098.0
2	338098.0
3	338098.0
4	338098.0
5	531522.0
6	531522.0
7	531522.0
8	531522.0
9	531522.0
10	554345.0
11	554345.0
12	554345.0
13	554345.0
14	554345.0
15	462590.0
16	462590.0
17	462590.0
18	462590.0
19	462590.0
20	265741.0
21	265741.0
22	265741.0
23	265741.0
24	265741.0
25	53308.0
26	53308.0
27	53308.0
28	53308.0
29	53308.0
30	602506.0
31	602506.0
32	602506.0
33	602506.0
34	602506.0
35	390045.0
36	390045.0
37	390045.0
38	390045.0
39	390045.0
40	60603.0
41	60603.0
42	60603.0
43	60603.0
44	60603.0
45	536521.0
46	536521.0
47	536521.0
48	536521.0
49	536521.0
50	543190.0
51	543190.0
52	543190.0
53	543190.0
54	543190.0
55	101007.0
56	101007.0
57	101007.0
58	101007.0
59	101007.0
60	707326.0
61	707326.0
62	707326.0
63	707326.0
64	707326.0
65	472695.0
66	472695.0
67	472695.0
68	472695.0
69	472695.0
70	733913.0
71	733913.0
72	733913.0
73	733913.0
74	733913.0
75	256386.0
76	256386.0
77	256386.0
78	256386.0
79	256386.0
80	273470.0
81	273470.0
82	273470.0
83	273470.0
84	273470.0
85	433308.0
86	433308.0
87	433308.0
88	433308.0
89	433308.0
90	375120.0
91	375120.0
92	375120.0
93	375120.0
94	375120.0
95	558108.0
96	558108.0
97	558108.0
98	558108.0
99	558108.0
100	516395.0
101	516395.0
102	516395.0
103	516395.0
104	516395.0
105	269982.0
106	269982.0
107	269982.0
108	269982.0
109	269982.0
110	233896.0
111	233896.0
112	233896.0
113	233896.0
114	233896.0
115	518826.0
116	518826.0
117	518826.0
118	518826.0
119	518826.0
120	489586.0
121	489586.0
122	489586.0
123	489586.0
124	489586.0
125	733118.0
126	733118.0
127	733118.0
128	733118.0
129	733118.0
130	373348.0
131	373348.0
132	373348.0
133	373348.0
134	373348.0
135	681759.0
136	681759.0
137	681759.0
138	681759.0
139	681759.0
140	508317.0
141	508317.0
142	508317.0
143	508317.0
144	508317.0
145	66395.0
146	66395.0
147	66395.0
148	66395.0
149	66395.0
150	159678.0
151	159678.0
152	159678.0
153	159678.0
154	159678.0
155	563956.0
156	563956.0
157	563956.0
158	563956.0
159	563956.0
160	187515.0
161	187515.0
162	187515.0
163	187515.0
164	187515.0
165	423490.0
166	423490.0
167	423490.0
168	423490.0
169	423490.0
170	37234.0
171	37234.0
172	37234.0
173	37234.0
174	37234.0
175	468510.0
176	468510.0
177	468510.0
178	468510.0
179	468510.0
180	560420.0
181	560420.0
182	560420.0
183	560420.0
184	560420.0
185	118499.0
186	118499.0
187	118499.0
188	118499.0
189	118499.0
190	573459.0
191	573459.0
192	573459.0
193	573459.0
194	573459.0
195	85802.0
196	85802.0
197	85802.0
198	85802.0
199	85802.0
200	641012.0
201	641012.0
202	641012.0
203	641012.0
204	641012.0
205	467237.0
206	467237.0
207	467237.0
208	467237.0
209	467237.0
210	141043.0
211	141043.0
212	141043.0
213	141043.0
214	141043.0
215	635992.0
216	635992.0
217	635992.0
218	635992.0
219	635992.0
220	86778.0
221	86778.0
222	86778.0
223	86778.0
224	86778.0
225	565132.0
226	565132.0
227	565132.0
228	565132.0
229	565132.0
230	12476.0
231	12476.0
232	12476.0
233	12476.0
234	12476.0
235	670263.0
236	670263.0
237	670263.0
238	670263.0
239	670263.0
240	488627.0
241	488627.0
242	488627.0
243	488627.0
244	488627.0
245	163976.0
246	163976.0
247	163976.0
248	163976.0
249	163976.0
