0	369741.0
1	369741.0
2	369741.0
3	369741.0
4	369741.0
5	655121.0
6	655121.0
7	655121.0
8	655121.0
9	655121.0
10	298619.0
11	298619.0
12	298619.0
13	298619.0
14	298619.0
15	461760.0
16	461760.0
17	461760.0
18	461760.0
19	461760.0
20	19416.0
21	19416.0
22	19416.0
23	19416.0
24	19416.0
25	463882.0
26	463882.0
27	463882.0
28	463882.0
29	463882.0
30	158891.0
31	158891.0
32	158891.0
33	158891.0
34	158891.0
35	659843.0
36	659843.0
37	659843.0
38	659843.0
39	659843.0
40	335594.0
41	335594.0
42	335594.0
43	335594.0
44	335594.0
45	640969.0
46	640969.0
47	640969.0
48	640969.0
49	640969.0
50	738048.0
51	738048.0
52	738048.0
53	738048.0
54	738048.0
55	533706.0
56	533706.0
57	533706.0
58	533706.0
59	533706.0
60	331075.0
61	331075.0
62	331075.0
63	331075.0
64	331075.0
65	64183.0
66	64183.0
67	64183.0
68	64183.0
69	64183.0
70	739715.0
71	739715.0
72	739715.0
73	739715.0
74	739715.0
75	727259.0
76	727259.0
77	727259.0
78	727259.0
79	727259.0
80	400654.0
81	400654.0
82	400654.0
83	400654.0
84	400654.0
85	627843.0
86	627843.0
87	627843.0
88	627843.0
89	627843.0
90	491889.0
91	491889.0
92	491889.0
93	491889.0
94	491889.0
95	484975.0
96	484975.0
97	484975.0
98	484975.0
99	484975.0
100	440738.0
101	440738.0
102	440738.0
103	440738.0
104	440738.0
105	315083.0
106	315083.0
107	315083.0
108	315083.0
109	315083.0
110	100400.0
111	100400.0
112	100400.0
113	100400.0
114	100400.0
115	414741.0
116	414741.0
117	414741.0
118	414741.0
119	414741.0
120	29521.0
121	29521.0
122	29521.0
123	29521.0
124	29521.0
125	226183.0
126	226183.0
127	226183.0
128	226183.0
129	226183.0
130	360316.0
131	360316.0
132	360316.0
133	360316.0
134	360316.0
135	498701.0
136	498701.0
137	498701.0
138	498701.0
139	498701.0
140	251149.0
141	251149.0
142	251149.0
143	251149.0
144	251149.0
145	15153.0
146	15153.0
147	15153.0
148	15153.0
149	15153.0
150	517666.0
151	517666.0
152	517666.0
153	517666.0
154	517666.0
155	299367.0
156	299367.0
157	299367.0
158	299367.0
159	299367.0
160	175998.0
161	175998.0
162	175998.0
163	175998.0
164	175998.0
165	724107.0
166	724107.0
167	724107.0
168	724107.0
169	724107.0
170	333395.0
171	333395.0
172	333395.0
173	333395.0
174	333395.0
175	570554.0
176	570554.0
177	570554.0
178	570554.0
179	570554.0
180	116886.0
181	116886.0
182	116886.0
183	116886.0
184	116886.0
185	640884.0
186	640884.0
187	640884.0
188	640884.0
189	640884.0
190	87119.0
191	87119.0
192	87119.0
193	87119.0
194	87119.0
195	296604.0
196	296604.0
197	296604.0
198	296604.0
199	296604.0
200	163200.0
201	163200.0
202	163200.0
203	163200.0
204	163200.0
205	179763.0
206	179763.0
207	179763.0
208	179763.0
209	179763.0
210	408125.0
211	408125.0
212	408125.0
213	408125.0
214	408125.0
215	6129.0
216	6129.0
217	6129.0
218	6129.0
219	6129.0
220	394122.0
221	394122.0
222	394122.0
223	394122.0
224	394122.0
225	322626.0
226	322626.0
227	322626.0
228	322626.0
229	322626.0
230	341823.0
231	341823.0
232	341823.0
233	341823.0
234	341823.0
235	717747.0
236	717747.0
237	717747.0
238	717747.0
239	717747.0
240	153636.0
241	153636.0
242	153636.0
243	153636.0
244	153636.0
245	142706.0
246	142706.0
247	142706.0
248	142706.0
249	142706.0
