0	32652.0
1	32652.0
2	32652.0
3	32652.0
4	32652.0
5	185596.0
6	185596.0
7	185596.0
8	185596.0
9	185596.0
10	149071.0
11	149071.0
12	149071.0
13	149071.0
14	149071.0
15	125814.0
16	125814.0
17	125814.0
18	125814.0
19	125814.0
20	55046.0
21	55046.0
22	55046.0
23	55046.0
24	55046.0
25	19482.0
26	19482.0
27	19482.0
28	19482.0
29	19482.0
30	129248.0
31	129248.0
32	129248.0
33	129248.0
34	129248.0
35	118031.0
36	118031.0
37	118031.0
38	118031.0
39	118031.0
40	3999.0
41	3999.0
42	3999.0
43	3999.0
44	3999.0
45	107756.0
46	107756.0
47	107756.0
48	107756.0
49	107756.0
50	116398.0
51	116398.0
52	116398.0
53	116398.0
54	116398.0
55	139632.0
56	139632.0
57	139632.0
58	139632.0
59	139632.0
60	163365.0
61	163365.0
62	163365.0
63	163365.0
64	163365.0
65	54132.0
66	54132.0
67	54132.0
68	54132.0
69	54132.0
70	83750.0
71	83750.0
72	83750.0
73	83750.0
74	83750.0
75	112353.0
76	112353.0
77	112353.0
78	112353.0
79	112353.0
80	148327.0
81	148327.0
82	148327.0
83	148327.0
84	148327.0
85	109149.0
86	109149.0
87	109149.0
88	109149.0
89	109149.0
90	158928.0
91	158928.0
92	158928.0
93	158928.0
94	158928.0
95	39802.0
96	39802.0
97	39802.0
98	39802.0
99	39802.0
100	78423.0
101	78423.0
102	78423.0
103	78423.0
104	78423.0
105	118546.0
106	118546.0
107	118546.0
108	118546.0
109	118546.0
110	31326.0
111	31326.0
112	31326.0
113	31326.0
114	31326.0
115	53128.0
116	53128.0
117	53128.0
118	53128.0
119	53128.0
120	186364.0
121	186364.0
122	186364.0
123	186364.0
124	186364.0
125	119024.0
126	119024.0
127	119024.0
128	119024.0
129	119024.0
130	75006.0
131	75006.0
132	75006.0
133	75006.0
134	75006.0
135	85761.0
136	85761.0
137	85761.0
138	85761.0
139	85761.0
140	90047.0
141	90047.0
142	90047.0
143	90047.0
144	90047.0
145	150683.0
146	150683.0
147	150683.0
148	150683.0
149	150683.0
150	1558.0
151	1558.0
152	1558.0
153	1558.0
154	1558.0
155	80678.0
156	80678.0
157	80678.0
158	80678.0
159	80678.0
160	179812.0
161	179812.0
162	179812.0
163	179812.0
164	179812.0
165	127873.0
166	127873.0
167	127873.0
168	127873.0
169	127873.0
170	12097.0
171	12097.0
172	12097.0
173	12097.0
174	12097.0
175	190946.0
176	190946.0
177	190946.0
178	190946.0
179	190946.0
180	88616.0
181	88616.0
182	88616.0
183	88616.0
184	88616.0
185	118351.0
186	118351.0
187	118351.0
188	118351.0
189	118351.0
190	72224.0
191	72224.0
192	72224.0
193	72224.0
194	72224.0
195	171947.0
196	171947.0
197	171947.0
198	171947.0
199	171947.0
200	133501.0
201	133501.0
202	133501.0
203	133501.0
204	133501.0
205	42231.0
206	42231.0
207	42231.0
208	42231.0
209	42231.0
210	135852.0
211	135852.0
212	135852.0
213	135852.0
214	135852.0
215	68295.0
216	68295.0
217	68295.0
218	68295.0
219	68295.0
220	78481.0
221	78481.0
222	78481.0
223	78481.0
224	78481.0
225	387.0
226	387.0
227	387.0
228	387.0
229	387.0
230	2331.0
231	2331.0
232	2331.0
233	2331.0
234	2331.0
235	94168.0
236	94168.0
237	94168.0
238	94168.0
239	94168.0
240	33498.0
241	33498.0
242	33498.0
243	33498.0
244	33498.0
245	11107.0
246	11107.0
247	11107.0
248	11107.0
249	11107.0
