0	87433.0
1	87433.0
2	87433.0
3	87433.0
4	87433.0
5	36884.0
6	36884.0
7	36884.0
8	36884.0
9	36884.0
10	103304.0
11	103304.0
12	103304.0
13	103304.0
14	103304.0
15	125524.0
16	125524.0
17	125524.0
18	125524.0
19	125524.0
20	109825.0
21	109825.0
22	109825.0
23	109825.0
24	109825.0
25	100879.0
26	100879.0
27	100879.0
28	100879.0
29	100879.0
30	29010.0
31	29010.0
32	29010.0
33	29010.0
34	29010.0
35	84145.0
36	84145.0
37	84145.0
38	84145.0
39	84145.0
40	24381.0
41	24381.0
42	24381.0
43	24381.0
44	24381.0
45	131381.0
46	131381.0
47	131381.0
48	131381.0
49	131381.0
50	88883.0
51	88883.0
52	88883.0
53	88883.0
54	88883.0
55	105568.0
56	105568.0
57	105568.0
58	105568.0
59	105568.0
60	48471.0
61	48471.0
62	48471.0
63	48471.0
64	48471.0
65	57418.0
66	57418.0
67	57418.0
68	57418.0
69	57418.0
70	101090.0
71	101090.0
72	101090.0
73	101090.0
74	101090.0
75	35390.0
76	35390.0
77	35390.0
78	35390.0
79	35390.0
80	54458.0
81	54458.0
82	54458.0
83	54458.0
84	54458.0
85	45022.0
86	45022.0
87	45022.0
88	45022.0
89	45022.0
90	177082.0
91	177082.0
92	177082.0
93	177082.0
94	177082.0
95	107914.0
96	107914.0
97	107914.0
98	107914.0
99	107914.0
100	43557.0
101	43557.0
102	43557.0
103	43557.0
104	43557.0
105	123337.0
106	123337.0
107	123337.0
108	123337.0
109	123337.0
110	165209.0
111	165209.0
112	165209.0
113	165209.0
114	165209.0
115	99235.0
116	99235.0
117	99235.0
118	99235.0
119	99235.0
120	99798.0
121	99798.0
122	99798.0
123	99798.0
124	99798.0
125	35629.0
126	35629.0
127	35629.0
128	35629.0
129	35629.0
130	41631.0
131	41631.0
132	41631.0
133	41631.0
134	41631.0
135	101716.0
136	101716.0
137	101716.0
138	101716.0
139	101716.0
140	107015.0
141	107015.0
142	107015.0
143	107015.0
144	107015.0
145	167388.0
146	167388.0
147	167388.0
148	167388.0
149	167388.0
150	179603.0
151	179603.0
152	179603.0
153	179603.0
154	179603.0
155	68174.0
156	68174.0
157	68174.0
158	68174.0
159	68174.0
160	32609.0
161	32609.0
162	32609.0
163	32609.0
164	32609.0
165	111692.0
166	111692.0
167	111692.0
168	111692.0
169	111692.0
170	161641.0
171	161641.0
172	161641.0
173	161641.0
174	161641.0
175	160196.0
176	160196.0
177	160196.0
178	160196.0
179	160196.0
180	39397.0
181	39397.0
182	39397.0
183	39397.0
184	39397.0
185	164213.0
186	164213.0
187	164213.0
188	164213.0
189	164213.0
190	146329.0
191	146329.0
192	146329.0
193	146329.0
194	146329.0
195	165091.0
196	165091.0
197	165091.0
198	165091.0
199	165091.0
200	135049.0
201	135049.0
202	135049.0
203	135049.0
204	135049.0
205	112946.0
206	112946.0
207	112946.0
208	112946.0
209	112946.0
210	93331.0
211	93331.0
212	93331.0
213	93331.0
214	93331.0
215	113333.0
216	113333.0
217	113333.0
218	113333.0
219	113333.0
220	150426.0
221	150426.0
222	150426.0
223	150426.0
224	150426.0
225	68982.0
226	68982.0
227	68982.0
228	68982.0
229	68982.0
230	35736.0
231	35736.0
232	35736.0
233	35736.0
234	35736.0
235	58123.0
236	58123.0
237	58123.0
238	58123.0
239	58123.0
240	30943.0
241	30943.0
242	30943.0
243	30943.0
244	30943.0
245	28213.0
246	28213.0
247	28213.0
248	28213.0
249	28213.0
