0	31451.0
1	31451.0
2	31451.0
3	31451.0
4	31451.0
5	168502.0
6	168502.0
7	168502.0
8	168502.0
9	168502.0
10	42774.0
11	42774.0
12	42774.0
13	42774.0
14	42774.0
15	119242.0
16	119242.0
17	119242.0
18	119242.0
19	119242.0
20	23048.0
21	23048.0
22	23048.0
23	23048.0
24	23048.0
25	160452.0
26	160452.0
27	160452.0
28	160452.0
29	160452.0
30	25236.0
31	25236.0
32	25236.0
33	25236.0
34	25236.0
35	66338.0
36	66338.0
37	66338.0
38	66338.0
39	66338.0
40	100508.0
41	100508.0
42	100508.0
43	100508.0
44	100508.0
45	168308.0
46	168308.0
47	168308.0
48	168308.0
49	168308.0
50	5026.0
51	5026.0
52	5026.0
53	5026.0
54	5026.0
55	122310.0
56	122310.0
57	122310.0
58	122310.0
59	122310.0
60	175189.0
61	175189.0
62	175189.0
63	175189.0
64	175189.0
65	38533.0
66	38533.0
67	38533.0
68	38533.0
69	38533.0
70	44968.0
71	44968.0
72	44968.0
73	44968.0
74	44968.0
75	67033.0
76	67033.0
77	67033.0
78	67033.0
79	67033.0
80	24191.0
81	24191.0
82	24191.0
83	24191.0
84	24191.0
85	180294.0
86	180294.0
87	180294.0
88	180294.0
89	180294.0
90	104420.0
91	104420.0
92	104420.0
93	104420.0
94	104420.0
95	169020.0
96	169020.0
97	169020.0
98	169020.0
99	169020.0
100	59184.0
101	59184.0
102	59184.0
103	59184.0
104	59184.0
105	19497.0
106	19497.0
107	19497.0
108	19497.0
109	19497.0
110	48963.0
111	48963.0
112	48963.0
113	48963.0
114	48963.0
115	747.0
116	747.0
117	747.0
118	747.0
119	747.0
120	142430.0
121	142430.0
122	142430.0
123	142430.0
124	142430.0
125	56028.0
126	56028.0
127	56028.0
128	56028.0
129	56028.0
130	161594.0
131	161594.0
132	161594.0
133	161594.0
134	161594.0
135	172099.0
136	172099.0
137	172099.0
138	172099.0
139	172099.0
140	34362.0
141	34362.0
142	34362.0
143	34362.0
144	34362.0
145	123702.0
146	123702.0
147	123702.0
148	123702.0
149	123702.0
150	181733.0
151	181733.0
152	181733.0
153	181733.0
154	181733.0
155	189982.0
156	189982.0
157	189982.0
158	189982.0
159	189982.0
160	189446.0
161	189446.0
162	189446.0
163	189446.0
164	189446.0
165	119790.0
166	119790.0
167	119790.0
168	119790.0
169	119790.0
170	86753.0
171	86753.0
172	86753.0
173	86753.0
174	86753.0
175	68732.0
176	68732.0
177	68732.0
178	68732.0
179	68732.0
180	137087.0
181	137087.0
182	137087.0
183	137087.0
184	137087.0
185	43168.0
186	43168.0
187	43168.0
188	43168.0
189	43168.0
190	109531.0
191	109531.0
192	109531.0
193	109531.0
194	109531.0
195	46257.0
196	46257.0
197	46257.0
198	46257.0
199	46257.0
200	163186.0
201	163186.0
202	163186.0
203	163186.0
204	163186.0
205	183589.0
206	183589.0
207	183589.0
208	183589.0
209	183589.0
210	186564.0
211	186564.0
212	186564.0
213	186564.0
214	186564.0
215	162750.0
216	162750.0
217	162750.0
218	162750.0
219	162750.0
220	116918.0
221	116918.0
222	116918.0
223	116918.0
224	116918.0
225	32345.0
226	32345.0
227	32345.0
228	32345.0
229	32345.0
230	47642.0
231	47642.0
232	47642.0
233	47642.0
234	47642.0
235	156198.0
236	156198.0
237	156198.0
238	156198.0
239	156198.0
240	45069.0
241	45069.0
242	45069.0
243	45069.0
244	45069.0
245	105375.0
246	105375.0
247	105375.0
248	105375.0
249	105375.0
