0	101630.0
1	101630.0
2	101630.0
3	101630.0
4	101630.0
5	107092.0
6	107092.0
7	107092.0
8	107092.0
9	107092.0
10	28749.0
11	28749.0
12	28749.0
13	28749.0
14	28749.0
15	146250.0
16	146250.0
17	146250.0
18	146250.0
19	146250.0
20	166835.0
21	166835.0
22	166835.0
23	166835.0
24	166835.0
25	14676.0
26	14676.0
27	14676.0
28	14676.0
29	14676.0
30	148341.0
31	148341.0
32	148341.0
33	148341.0
34	148341.0
35	23762.0
36	23762.0
37	23762.0
38	23762.0
39	23762.0
40	71849.0
41	71849.0
42	71849.0
43	71849.0
44	71849.0
45	90099.0
46	90099.0
47	90099.0
48	90099.0
49	90099.0
50	75968.0
51	75968.0
52	75968.0
53	75968.0
54	75968.0
55	81270.0
56	81270.0
57	81270.0
58	81270.0
59	81270.0
60	134026.0
61	134026.0
62	134026.0
63	134026.0
64	134026.0
65	45377.0
66	45377.0
67	45377.0
68	45377.0
69	45377.0
70	168212.0
71	168212.0
72	168212.0
73	168212.0
74	168212.0
75	116521.0
76	116521.0
77	116521.0
78	116521.0
79	116521.0
80	138155.0
81	138155.0
82	138155.0
83	138155.0
84	138155.0
85	171920.0
86	171920.0
87	171920.0
88	171920.0
89	171920.0
90	186552.0
91	186552.0
92	186552.0
93	186552.0
94	186552.0
95	185612.0
96	185612.0
97	185612.0
98	185612.0
99	185612.0
100	83084.0
101	83084.0
102	83084.0
103	83084.0
104	83084.0
105	168716.0
106	168716.0
107	168716.0
108	168716.0
109	168716.0
110	187915.0
111	187915.0
112	187915.0
113	187915.0
114	187915.0
115	26642.0
116	26642.0
117	26642.0
118	26642.0
119	26642.0
120	92630.0
121	92630.0
122	92630.0
123	92630.0
124	92630.0
125	78382.0
126	78382.0
127	78382.0
128	78382.0
129	78382.0
130	1910.0
131	1910.0
132	1910.0
133	1910.0
134	1910.0
135	110687.0
136	110687.0
137	110687.0
138	110687.0
139	110687.0
140	55403.0
141	55403.0
142	55403.0
143	55403.0
144	55403.0
145	61324.0
146	61324.0
147	61324.0
148	61324.0
149	61324.0
150	102323.0
151	102323.0
152	102323.0
153	102323.0
154	102323.0
155	104003.0
156	104003.0
157	104003.0
158	104003.0
159	104003.0
160	167511.0
161	167511.0
162	167511.0
163	167511.0
164	167511.0
165	112891.0
166	112891.0
167	112891.0
168	112891.0
169	112891.0
170	121004.0
171	121004.0
172	121004.0
173	121004.0
174	121004.0
175	178439.0
176	178439.0
177	178439.0
178	178439.0
179	178439.0
180	108482.0
181	108482.0
182	108482.0
183	108482.0
184	108482.0
185	30080.0
186	30080.0
187	30080.0
188	30080.0
189	30080.0
190	43302.0
191	43302.0
192	43302.0
193	43302.0
194	43302.0
195	33030.0
196	33030.0
197	33030.0
198	33030.0
199	33030.0
200	76428.0
201	76428.0
202	76428.0
203	76428.0
204	76428.0
205	56723.0
206	56723.0
207	56723.0
208	56723.0
209	56723.0
210	161399.0
211	161399.0
212	161399.0
213	161399.0
214	161399.0
215	2304.0
216	2304.0
217	2304.0
218	2304.0
219	2304.0
220	176418.0
221	176418.0
222	176418.0
223	176418.0
224	176418.0
225	155877.0
226	155877.0
227	155877.0
228	155877.0
229	155877.0
230	114251.0
231	114251.0
232	114251.0
233	114251.0
234	114251.0
235	76687.0
236	76687.0
237	76687.0
238	76687.0
239	76687.0
240	100216.0
241	100216.0
242	100216.0
243	100216.0
244	100216.0
245	172148.0
246	172148.0
247	172148.0
248	172148.0
249	172148.0
