0	55294.0
1	55294.0
2	55294.0
3	55294.0
4	55294.0
5	159552.0
6	159552.0
7	159552.0
8	159552.0
9	159552.0
10	3293.0
11	3293.0
12	3293.0
13	3293.0
14	3293.0
15	105916.0
16	105916.0
17	105916.0
18	105916.0
19	105916.0
20	69523.0
21	69523.0
22	69523.0
23	69523.0
24	69523.0
25	184503.0
26	184503.0
27	184503.0
28	184503.0
29	184503.0
30	129359.0
31	129359.0
32	129359.0
33	129359.0
34	129359.0
35	105549.0
36	105549.0
37	105549.0
38	105549.0
39	105549.0
40	132056.0
41	132056.0
42	132056.0
43	132056.0
44	132056.0
45	174609.0
46	174609.0
47	174609.0
48	174609.0
49	174609.0
50	48880.0
51	48880.0
52	48880.0
53	48880.0
54	48880.0
55	170507.0
56	170507.0
57	170507.0
58	170507.0
59	170507.0
60	132415.0
61	132415.0
62	132415.0
63	132415.0
64	132415.0
65	139980.0
66	139980.0
67	139980.0
68	139980.0
69	139980.0
70	190706.0
71	190706.0
72	190706.0
73	190706.0
74	190706.0
75	48737.0
76	48737.0
77	48737.0
78	48737.0
79	48737.0
80	127860.0
81	127860.0
82	127860.0
83	127860.0
84	127860.0
85	36560.0
86	36560.0
87	36560.0
88	36560.0
89	36560.0
90	175310.0
91	175310.0
92	175310.0
93	175310.0
94	175310.0
95	55217.0
96	55217.0
97	55217.0
98	55217.0
99	55217.0
100	122168.0
101	122168.0
102	122168.0
103	122168.0
104	122168.0
105	59060.0
106	59060.0
107	59060.0
108	59060.0
109	59060.0
110	114454.0
111	114454.0
112	114454.0
113	114454.0
114	114454.0
115	5082.0
116	5082.0
117	5082.0
118	5082.0
119	5082.0
120	150200.0
121	150200.0
122	150200.0
123	150200.0
124	150200.0
125	3783.0
126	3783.0
127	3783.0
128	3783.0
129	3783.0
130	180370.0
131	180370.0
132	180370.0
133	180370.0
134	180370.0
135	23862.0
136	23862.0
137	23862.0
138	23862.0
139	23862.0
140	36189.0
141	36189.0
142	36189.0
143	36189.0
144	36189.0
145	81023.0
146	81023.0
147	81023.0
148	81023.0
149	81023.0
150	126491.0
151	126491.0
152	126491.0
153	126491.0
154	126491.0
155	169331.0
156	169331.0
157	169331.0
158	169331.0
159	169331.0
160	124500.0
161	124500.0
162	124500.0
163	124500.0
164	124500.0
165	93972.0
166	93972.0
167	93972.0
168	93972.0
169	93972.0
170	13042.0
171	13042.0
172	13042.0
173	13042.0
174	13042.0
175	105788.0
176	105788.0
177	105788.0
178	105788.0
179	105788.0
180	28417.0
181	28417.0
182	28417.0
183	28417.0
184	28417.0
185	88424.0
186	88424.0
187	88424.0
188	88424.0
189	88424.0
190	127672.0
191	127672.0
192	127672.0
193	127672.0
194	127672.0
195	180793.0
196	180793.0
197	180793.0
198	180793.0
199	180793.0
200	32897.0
201	32897.0
202	32897.0
203	32897.0
204	32897.0
205	129025.0
206	129025.0
207	129025.0
208	129025.0
209	129025.0
210	95397.0
211	95397.0
212	95397.0
213	95397.0
214	95397.0
215	40107.0
216	40107.0
217	40107.0
218	40107.0
219	40107.0
220	28209.0
221	28209.0
222	28209.0
223	28209.0
224	28209.0
225	137776.0
226	137776.0
227	137776.0
228	137776.0
229	137776.0
230	10449.0
231	10449.0
232	10449.0
233	10449.0
234	10449.0
235	67745.0
236	67745.0
237	67745.0
238	67745.0
239	67745.0
240	127170.0
241	127170.0
242	127170.0
243	127170.0
244	127170.0
245	75747.0
246	75747.0
247	75747.0
248	75747.0
249	75747.0
