0	152431.0
1	152431.0
2	152431.0
3	152431.0
4	152431.0
5	141650.0
6	141650.0
7	141650.0
8	141650.0
9	141650.0
10	115587.0
11	115587.0
12	115587.0
13	115587.0
14	115587.0
15	1744.0
16	1744.0
17	1744.0
18	1744.0
19	1744.0
20	140280.0
21	140280.0
22	140280.0
23	140280.0
24	140280.0
25	68064.0
26	68064.0
27	68064.0
28	68064.0
29	68064.0
30	80641.0
31	80641.0
32	80641.0
33	80641.0
34	80641.0
35	32226.0
36	32226.0
37	32226.0
38	32226.0
39	32226.0
40	50426.0
41	50426.0
42	50426.0
43	50426.0
44	50426.0
45	8681.0
46	8681.0
47	8681.0
48	8681.0
49	8681.0
50	187505.0
51	187505.0
52	187505.0
53	187505.0
54	187505.0
55	17794.0
56	17794.0
57	17794.0
58	17794.0
59	17794.0
60	150185.0
61	150185.0
62	150185.0
63	150185.0
64	150185.0
65	55095.0
66	55095.0
67	55095.0
68	55095.0
69	55095.0
70	155078.0
71	155078.0
72	155078.0
73	155078.0
74	155078.0
75	129687.0
76	129687.0
77	129687.0
78	129687.0
79	129687.0
80	61433.0
81	61433.0
82	61433.0
83	61433.0
84	61433.0
85	12682.0
86	12682.0
87	12682.0
88	12682.0
89	12682.0
90	100978.0
91	100978.0
92	100978.0
93	100978.0
94	100978.0
95	85880.0
96	85880.0
97	85880.0
98	85880.0
99	85880.0
100	82539.0
101	82539.0
102	82539.0
103	82539.0
104	82539.0
105	159486.0
106	159486.0
107	159486.0
108	159486.0
109	159486.0
110	68824.0
111	68824.0
112	68824.0
113	68824.0
114	68824.0
115	56857.0
116	56857.0
117	56857.0
118	56857.0
119	56857.0
120	85455.0
121	85455.0
122	85455.0
123	85455.0
124	85455.0
125	175688.0
126	175688.0
127	175688.0
128	175688.0
129	175688.0
130	84513.0
131	84513.0
132	84513.0
133	84513.0
134	84513.0
135	180239.0
136	180239.0
137	180239.0
138	180239.0
139	180239.0
140	6941.0
141	6941.0
142	6941.0
143	6941.0
144	6941.0
145	28907.0
146	28907.0
147	28907.0
148	28907.0
149	28907.0
150	6362.0
151	6362.0
152	6362.0
153	6362.0
154	6362.0
155	184322.0
156	184322.0
157	184322.0
158	184322.0
159	184322.0
160	30284.0
161	30284.0
162	30284.0
163	30284.0
164	30284.0
165	169355.0
166	169355.0
167	169355.0
168	169355.0
169	169355.0
170	86139.0
171	86139.0
172	86139.0
173	86139.0
174	86139.0
175	147015.0
176	147015.0
177	147015.0
178	147015.0
179	147015.0
180	33015.0
181	33015.0
182	33015.0
183	33015.0
184	33015.0
185	133132.0
186	133132.0
187	133132.0
188	133132.0
189	133132.0
190	9068.0
191	9068.0
192	9068.0
193	9068.0
194	9068.0
195	155106.0
196	155106.0
197	155106.0
198	155106.0
199	155106.0
200	50109.0
201	50109.0
202	50109.0
203	50109.0
204	50109.0
205	8990.0
206	8990.0
207	8990.0
208	8990.0
209	8990.0
210	141143.0
211	141143.0
212	141143.0
213	141143.0
214	141143.0
215	165593.0
216	165593.0
217	165593.0
218	165593.0
219	165593.0
220	20671.0
221	20671.0
222	20671.0
223	20671.0
224	20671.0
225	46828.0
226	46828.0
227	46828.0
228	46828.0
229	46828.0
230	29852.0
231	29852.0
232	29852.0
233	29852.0
234	29852.0
235	8287.0
236	8287.0
237	8287.0
238	8287.0
239	8287.0
240	80185.0
241	80185.0
242	80185.0
243	80185.0
244	80185.0
245	47103.0
246	47103.0
247	47103.0
248	47103.0
249	47103.0
