0	87341.0
1	87341.0
2	87341.0
3	87341.0
4	87341.0
5	269300.0
6	269300.0
7	269300.0
8	269300.0
9	269300.0
10	222614.0
11	222614.0
12	222614.0
13	222614.0
14	222614.0
15	280896.0
16	280896.0
17	280896.0
18	280896.0
19	280896.0
20	276521.0
21	276521.0
22	276521.0
23	276521.0
24	276521.0
25	150425.0
26	150425.0
27	150425.0
28	150425.0
29	150425.0
30	406584.0
31	406584.0
32	406584.0
33	406584.0
34	406584.0
35	358416.0
36	358416.0
37	358416.0
38	358416.0
39	358416.0
40	356775.0
41	356775.0
42	356775.0
43	356775.0
44	356775.0
45	64952.0
46	64952.0
47	64952.0
48	64952.0
49	64952.0
50	363709.0
51	363709.0
52	363709.0
53	363709.0
54	363709.0
55	398392.0
56	398392.0
57	398392.0
58	398392.0
59	398392.0
60	370159.0
61	370159.0
62	370159.0
63	370159.0
64	370159.0
65	359274.0
66	359274.0
67	359274.0
68	359274.0
69	359274.0
70	169311.0
71	169311.0
72	169311.0
73	169311.0
74	169311.0
75	340770.0
76	340770.0
77	340770.0
78	340770.0
79	340770.0
80	75230.0
81	75230.0
82	75230.0
83	75230.0
84	75230.0
85	181509.0
86	181509.0
87	181509.0
88	181509.0
89	181509.0
90	308268.0
91	308268.0
92	308268.0
93	308268.0
94	308268.0
95	325608.0
96	325608.0
97	325608.0
98	325608.0
99	325608.0
100	77003.0
101	77003.0
102	77003.0
103	77003.0
104	77003.0
105	349576.0
106	349576.0
107	349576.0
108	349576.0
109	349576.0
110	433729.0
111	433729.0
112	433729.0
113	433729.0
114	433729.0
115	249534.0
116	249534.0
117	249534.0
118	249534.0
119	249534.0
120	158953.0
121	158953.0
122	158953.0
123	158953.0
124	158953.0
125	31754.0
126	31754.0
127	31754.0
128	31754.0
129	31754.0
130	2383.0
131	2383.0
132	2383.0
133	2383.0
134	2383.0
135	328251.0
136	328251.0
137	328251.0
138	328251.0
139	328251.0
140	265832.0
141	265832.0
142	265832.0
143	265832.0
144	265832.0
145	276660.0
146	276660.0
147	276660.0
148	276660.0
149	276660.0
150	32335.0
151	32335.0
152	32335.0
153	32335.0
154	32335.0
155	233703.0
156	233703.0
157	233703.0
158	233703.0
159	233703.0
160	336538.0
161	336538.0
162	336538.0
163	336538.0
164	336538.0
165	164582.0
166	164582.0
167	164582.0
168	164582.0
169	164582.0
170	178908.0
171	178908.0
172	178908.0
173	178908.0
174	178908.0
175	58398.0
176	58398.0
177	58398.0
178	58398.0
179	58398.0
180	159653.0
181	159653.0
182	159653.0
183	159653.0
184	159653.0
185	34639.0
186	34639.0
187	34639.0
188	34639.0
189	34639.0
190	260471.0
191	260471.0
192	260471.0
193	260471.0
194	260471.0
195	346564.0
196	346564.0
197	346564.0
198	346564.0
199	346564.0
200	359418.0
201	359418.0
202	359418.0
203	359418.0
204	359418.0
205	429633.0
206	429633.0
207	429633.0
208	429633.0
209	429633.0
210	175622.0
211	175622.0
212	175622.0
213	175622.0
214	175622.0
215	341160.0
216	341160.0
217	341160.0
218	341160.0
219	341160.0
220	68525.0
221	68525.0
222	68525.0
223	68525.0
224	68525.0
225	213590.0
226	213590.0
227	213590.0
228	213590.0
229	213590.0
230	60896.0
231	60896.0
232	60896.0
233	60896.0
234	60896.0
235	407993.0
236	407993.0
237	407993.0
238	407993.0
239	407993.0
240	137096.0
241	137096.0
242	137096.0
243	137096.0
244	137096.0
245	18367.0
246	18367.0
247	18367.0
248	18367.0
249	18367.0
