0	40485.0
1	40485.0
2	40485.0
3	40485.0
4	40485.0
5	110627.0
6	110627.0
7	110627.0
8	110627.0
9	110627.0
10	148844.0
11	148844.0
12	148844.0
13	148844.0
14	148844.0
15	229398.0
16	229398.0
17	229398.0
18	229398.0
19	229398.0
20	151803.0
21	151803.0
22	151803.0
23	151803.0
24	151803.0
25	243818.0
26	243818.0
27	243818.0
28	243818.0
29	243818.0
30	95792.0
31	95792.0
32	95792.0
33	95792.0
34	95792.0
35	199782.0
36	199782.0
37	199782.0
38	199782.0
39	199782.0
40	178813.0
41	178813.0
42	178813.0
43	178813.0
44	178813.0
45	165527.0
46	165527.0
47	165527.0
48	165527.0
49	165527.0
50	55095.0
51	55095.0
52	55095.0
53	55095.0
54	55095.0
55	179549.0
56	179549.0
57	179549.0
58	179549.0
59	179549.0
60	96425.0
61	96425.0
62	96425.0
63	96425.0
64	96425.0
65	17677.0
66	17677.0
67	17677.0
68	17677.0
69	17677.0
70	219222.0
71	219222.0
72	219222.0
73	219222.0
74	219222.0
75	227105.0
76	227105.0
77	227105.0
78	227105.0
79	227105.0
80	49914.0
81	49914.0
82	49914.0
83	49914.0
84	49914.0
85	20684.0
86	20684.0
87	20684.0
88	20684.0
89	20684.0
90	176912.0
91	176912.0
92	176912.0
93	176912.0
94	176912.0
95	72759.0
96	72759.0
97	72759.0
98	72759.0
99	72759.0
100	216382.0
101	216382.0
102	216382.0
103	216382.0
104	216382.0
105	34713.0
106	34713.0
107	34713.0
108	34713.0
109	34713.0
110	94516.0
111	94516.0
112	94516.0
113	94516.0
114	94516.0
115	152180.0
116	152180.0
117	152180.0
118	152180.0
119	152180.0
120	25340.0
121	25340.0
122	25340.0
123	25340.0
124	25340.0
125	83445.0
126	83445.0
127	83445.0
128	83445.0
129	83445.0
130	142728.0
131	142728.0
132	142728.0
133	142728.0
134	142728.0
135	227445.0
136	227445.0
137	227445.0
138	227445.0
139	227445.0
140	249133.0
141	249133.0
142	249133.0
143	249133.0
144	249133.0
145	57725.0
146	57725.0
147	57725.0
148	57725.0
149	57725.0
150	247477.0
151	247477.0
152	247477.0
153	247477.0
154	247477.0
155	52029.0
156	52029.0
157	52029.0
158	52029.0
159	52029.0
160	196751.0
161	196751.0
162	196751.0
163	196751.0
164	196751.0
165	215496.0
166	215496.0
167	215496.0
168	215496.0
169	215496.0
170	136397.0
171	136397.0
172	136397.0
173	136397.0
174	136397.0
175	211395.0
176	211395.0
177	211395.0
178	211395.0
179	211395.0
180	153744.0
181	153744.0
182	153744.0
183	153744.0
184	153744.0
185	140508.0
186	140508.0
187	140508.0
188	140508.0
189	140508.0
190	235151.0
191	235151.0
192	235151.0
193	235151.0
194	235151.0
195	249222.0
196	249222.0
197	249222.0
198	249222.0
199	249222.0
200	225408.0
201	225408.0
202	225408.0
203	225408.0
204	225408.0
205	218546.0
206	218546.0
207	218546.0
208	218546.0
209	218546.0
210	151439.0
211	151439.0
212	151439.0
213	151439.0
214	151439.0
215	46488.0
216	46488.0
217	46488.0
218	46488.0
219	46488.0
220	170874.0
221	170874.0
222	170874.0
223	170874.0
224	170874.0
225	212851.0
226	212851.0
227	212851.0
228	212851.0
229	212851.0
230	154298.0
231	154298.0
232	154298.0
233	154298.0
234	154298.0
235	225167.0
236	225167.0
237	225167.0
238	225167.0
239	225167.0
240	149833.0
241	149833.0
242	149833.0
243	149833.0
244	149833.0
245	95031.0
246	95031.0
247	95031.0
248	95031.0
249	95031.0
