0	558218.0
1	558218.0
2	558218.0
3	558218.0
4	558218.0
5	248631.0
6	248631.0
7	248631.0
8	248631.0
9	248631.0
10	476312.0
11	476312.0
12	476312.0
13	476312.0
14	476312.0
15	462867.0
16	462867.0
17	462867.0
18	462867.0
19	462867.0
20	327265.0
21	327265.0
22	327265.0
23	327265.0
24	327265.0
25	249442.0
26	249442.0
27	249442.0
28	249442.0
29	249442.0
30	64942.0
31	64942.0
32	64942.0
33	64942.0
34	64942.0
35	570093.0
36	570093.0
37	570093.0
38	570093.0
39	570093.0
40	293163.0
41	293163.0
42	293163.0
43	293163.0
44	293163.0
45	265563.0
46	265563.0
47	265563.0
48	265563.0
49	265563.0
50	468561.0
51	468561.0
52	468561.0
53	468561.0
54	468561.0
55	743976.0
56	743976.0
57	743976.0
58	743976.0
59	743976.0
60	244514.0
61	244514.0
62	244514.0
63	244514.0
64	244514.0
65	26747.0
66	26747.0
67	26747.0
68	26747.0
69	26747.0
70	562066.0
71	562066.0
72	562066.0
73	562066.0
74	562066.0
75	142901.0
76	142901.0
77	142901.0
78	142901.0
79	142901.0
80	329097.0
81	329097.0
82	329097.0
83	329097.0
84	329097.0
85	294677.0
86	294677.0
87	294677.0
88	294677.0
89	294677.0
90	530156.0
91	530156.0
92	530156.0
93	530156.0
94	530156.0
95	328681.0
96	328681.0
97	328681.0
98	328681.0
99	328681.0
100	579711.0
101	579711.0
102	579711.0
103	579711.0
104	579711.0
105	640601.0
106	640601.0
107	640601.0
108	640601.0
109	640601.0
110	262991.0
111	262991.0
112	262991.0
113	262991.0
114	262991.0
115	44815.0
116	44815.0
117	44815.0
118	44815.0
119	44815.0
120	75815.0
121	75815.0
122	75815.0
123	75815.0
124	75815.0
125	635261.0
126	635261.0
127	635261.0
128	635261.0
129	635261.0
130	319668.0
131	319668.0
132	319668.0
133	319668.0
134	319668.0
135	73818.0
136	73818.0
137	73818.0
138	73818.0
139	73818.0
140	475964.0
141	475964.0
142	475964.0
143	475964.0
144	475964.0
145	149.0
146	149.0
147	149.0
148	149.0
149	149.0
150	587392.0
151	587392.0
152	587392.0
153	587392.0
154	587392.0
155	738146.0
156	738146.0
157	738146.0
158	738146.0
159	738146.0
160	459696.0
161	459696.0
162	459696.0
163	459696.0
164	459696.0
165	591921.0
166	591921.0
167	591921.0
168	591921.0
169	591921.0
170	593984.0
171	593984.0
172	593984.0
173	593984.0
174	593984.0
175	43517.0
176	43517.0
177	43517.0
178	43517.0
179	43517.0
180	212508.0
181	212508.0
182	212508.0
183	212508.0
184	212508.0
185	64947.0
186	64947.0
187	64947.0
188	64947.0
189	64947.0
190	484171.0
191	484171.0
192	484171.0
193	484171.0
194	484171.0
195	359837.0
196	359837.0
197	359837.0
198	359837.0
199	359837.0
200	576004.0
201	576004.0
202	576004.0
203	576004.0
204	576004.0
205	614561.0
206	614561.0
207	614561.0
208	614561.0
209	614561.0
210	605581.0
211	605581.0
212	605581.0
213	605581.0
214	605581.0
215	661723.0
216	661723.0
217	661723.0
218	661723.0
219	661723.0
220	248174.0
221	248174.0
222	248174.0
223	248174.0
224	248174.0
225	218253.0
226	218253.0
227	218253.0
228	218253.0
229	218253.0
230	701269.0
231	701269.0
232	701269.0
233	701269.0
234	701269.0
235	697962.0
236	697962.0
237	697962.0
238	697962.0
239	697962.0
240	99763.0
241	99763.0
242	99763.0
243	99763.0
244	99763.0
245	732772.0
246	732772.0
247	732772.0
248	732772.0
249	732772.0
