0	314242.0
1	314242.0
2	314242.0
3	314242.0
4	314242.0
5	517972.0
6	517972.0
7	517972.0
8	517972.0
9	517972.0
10	249414.0
11	249414.0
12	249414.0
13	249414.0
14	249414.0
15	762533.0
16	762533.0
17	762533.0
18	762533.0
19	762533.0
20	425296.0
21	425296.0
22	425296.0
23	425296.0
24	425296.0
25	116995.0
26	116995.0
27	116995.0
28	116995.0
29	116995.0
30	114643.0
31	114643.0
32	114643.0
33	114643.0
34	114643.0
35	169565.0
36	169565.0
37	169565.0
38	169565.0
39	169565.0
40	236795.0
41	236795.0
42	236795.0
43	236795.0
44	236795.0
45	251434.0
46	251434.0
47	251434.0
48	251434.0
49	251434.0
50	722189.0
51	722189.0
52	722189.0
53	722189.0
54	722189.0
55	391599.0
56	391599.0
57	391599.0
58	391599.0
59	391599.0
60	76590.0
61	76590.0
62	76590.0
63	76590.0
64	76590.0
65	300081.0
66	300081.0
67	300081.0
68	300081.0
69	300081.0
70	278146.0
71	278146.0
72	278146.0
73	278146.0
74	278146.0
75	659099.0
76	659099.0
77	659099.0
78	659099.0
79	659099.0
80	645180.0
81	645180.0
82	645180.0
83	645180.0
84	645180.0
85	642514.0
86	642514.0
87	642514.0
88	642514.0
89	642514.0
90	465651.0
91	465651.0
92	465651.0
93	465651.0
94	465651.0
95	104752.0
96	104752.0
97	104752.0
98	104752.0
99	104752.0
100	150781.0
101	150781.0
102	150781.0
103	150781.0
104	150781.0
105	177447.0
106	177447.0
107	177447.0
108	177447.0
109	177447.0
110	48341.0
111	48341.0
112	48341.0
113	48341.0
114	48341.0
115	666640.0
116	666640.0
117	666640.0
118	666640.0
119	666640.0
120	53810.0
121	53810.0
122	53810.0
123	53810.0
124	53810.0
125	290331.0
126	290331.0
127	290331.0
128	290331.0
129	290331.0
130	461919.0
131	461919.0
132	461919.0
133	461919.0
134	461919.0
135	75653.0
136	75653.0
137	75653.0
138	75653.0
139	75653.0
140	158160.0
141	158160.0
142	158160.0
143	158160.0
144	158160.0
145	304439.0
146	304439.0
147	304439.0
148	304439.0
149	304439.0
150	491998.0
151	491998.0
152	491998.0
153	491998.0
154	491998.0
155	706608.0
156	706608.0
157	706608.0
158	706608.0
159	706608.0
160	698512.0
161	698512.0
162	698512.0
163	698512.0
164	698512.0
165	417186.0
166	417186.0
167	417186.0
168	417186.0
169	417186.0
170	530031.0
171	530031.0
172	530031.0
173	530031.0
174	530031.0
175	307180.0
176	307180.0
177	307180.0
178	307180.0
179	307180.0
180	580505.0
181	580505.0
182	580505.0
183	580505.0
184	580505.0
185	151473.0
186	151473.0
187	151473.0
188	151473.0
189	151473.0
190	232844.0
191	232844.0
192	232844.0
193	232844.0
194	232844.0
195	693003.0
196	693003.0
197	693003.0
198	693003.0
199	693003.0
200	533730.0
201	533730.0
202	533730.0
203	533730.0
204	533730.0
205	17788.0
206	17788.0
207	17788.0
208	17788.0
209	17788.0
210	725510.0
211	725510.0
212	725510.0
213	725510.0
214	725510.0
215	401798.0
216	401798.0
217	401798.0
218	401798.0
219	401798.0
220	395975.0
221	395975.0
222	395975.0
223	395975.0
224	395975.0
225	227599.0
226	227599.0
227	227599.0
228	227599.0
229	227599.0
230	752445.0
231	752445.0
232	752445.0
233	752445.0
234	752445.0
235	606179.0
236	606179.0
237	606179.0
238	606179.0
239	606179.0
240	437793.0
241	437793.0
242	437793.0
243	437793.0
244	437793.0
245	37271.0
246	37271.0
247	37271.0
248	37271.0
249	37271.0
